101 819
101 817
101 818
101 820
101 823
101 760
101 1119
101 825
101 837
101 826
101 1014
101 1121
101 1025
101 767
101 1023
101 1030
101 195
101 1015
101 1122
101 1
101 532
101 1067
101 1031
101 599
101 840
101 867
101 824
101 1361
101 284
101 835
101 1120
101 445
101 740
101 13
101 378
101 1048
101 836
101 743
101 462
101 1112
101 870
101 551
101 1059
101 390
101 953
101 866
101 1132
101 692
101 1026
101 854
101 938
101 451
101 801
101 863
101 1013
101 1071
101 73
101 1027
101 957
101 1173
101 694
101 843
101 897
101 419
101 1020
101 720
101 752
101 99
101 1068
101 762
101 130
101 921
101 693
101 504
101 162
101 30
101 644
101 814
101 887
101 847
101 1178
101 889
101 66
101 349
101 1053
101 790
101 367
101 247
101 497
101 469
101 412
101 1146
101 741
101 27
101 379
101 1035
101 733
101 424
101 1019
101 951
101 1012
101 881
101 888
101 397
101 197
101 841
101 1038
101 391
101 1118
101 417
101 1042
101 521
101 1136
101 14
101 931
101 734
101 928
101 1356
101 305
101 1060
101 956
101 251
101 656
101 580
101 51
101 885
101 593
101 1345
101 911
101 917
101 36
101 636
101 929
101 1235
101 930
101 1039
101 131
101 542
101 1392
101 1000
101 404
101 248
101 575
101 680
101 862
101 95
101 233
101 763
101 665
101 828
101 592
101 207
101 821
101 1197
101 1321
101 232
101 769
101 634
101 1137
101 1018
101 916
101 898
101 851
101 35
101 1294
101 527
101 10
101 1043
101 418
101 211
101 557
101 901
101 20
101 831
101 833
101 641
101 979
101 181
101 11
101 622
101 1108
101 460
101 1056
101 1171
101 1134
101 584
101 322
101 668
101 369
101 729
101 985
101 556
101 1331
101 581
101 1172
101 853
101 844
101 1259
101 1380
101 31
101 672
101 955
101 954
101 827
101 829
101 726
101 1024
101 727
101 667
101 1055
101 822
101 1127
101 329
101 859
101 765
101 110
101 1047
101 700
101 400
101 1070
101 725
101 496
101 385
101 241
101 1398
101 275
101 838
101 1036
101 444
101 912
101 864
101 852
101 1041
101 648
101 1379
101 676
101 206
101 224
101 294
101 650
101 92
101 540
101 1236
101 320
101 223
101 1028
101 744
101 347
101 1130
101 26
101 363
101 487
101 596
101 1272
101 1376
101 934
101 1311
101 183
101 187
101 473
101 1191
101 730
101 1052
101 1074
101 739
101 1075
101 627
101 1157
101 1210
101 55
101 1265
101 1072
101 1322
101 839
101 425
101 1271
101 455
101 252
101 1045
101 342
101 1001
101 201
101 285
101 706
101 661
101 909
101 1263
101 685
101 640
101 486
101 696
101 1320
101 33
101 874
101 713
101 169
101 1209
101 1233
101 1190
101 600
101 226
101 736
101 1372
101 798
101 1242
101 1307
101 1387
101 29
101 1377
101 918
101 135
101 732
101 194
101 119
101 869
101 1363
101 1076
101 503
101 902
101 1362
101 987
101 185
101 242
101 1264
101 890
101 1058
101 786
101 792
101 146
101 344
101 778
101 1177
101 231
101 250
101 2
101 849
101 663
101 722
101 933
101 1349
101 78
101 892
101 1396
101 481
101 86
101 204
101 802
101 47
101 1054
101 572
101 1174
101 919
101 782
101 516
101 766
101 1051
101 1145
101 573
101 107
101 1202
101 290
101 286
101 491
101 1382
101 873
101 49
101 1037
101 297
101 514
101 124
101 458
101 1397
101 601
101 1196
101 1375
101 350
101 1034
101 1063
101 1066
101 300
101 191
101 1381
101 677
101 134
101 266
101 742
101 69
101 1185
101 670
101 1199
101 1309
101 1088
101 1150
101 660
101 850
101 470
101 948
101 1044
101 1289
101 315
101 731
101 1096
101 1154
101 614
101 121
101 170
101 1218
101 1358
101 1269
101 1123
101 1100
101 920
101 1390
101 79
101 1097
101 389
101 179
101 463
101 1281
101 703
101 967
101 1129
101 1239
101 1304
101 567
101 658
101 192
101 97
101 264
101 1350
101 1357
101 708
101 607
101 75
101 454
101 855
101 346
101 1128
101 343
101 184
101 566
101 946
101 923
101 1253
101 616
101 295
101 327
101 37
101 715
101 899
101 15
101 717
101 555
101 137
101 947
101 681
101 160
101 1355
101 293
101 1394
101 689
101 1370
101 227
101 538
101 861
101 48
101 1270
101 1310
101 42
101 1231
101 384
101 1301
101 58
101 1148
101 467
101 1162
101 375
101 1317
101 1175
101 443
101 1333
101 1262
101 406
101 68
101 1104
101 468
101 1400
101 1069
101 108
101 746
101 552
101 974
101 484
101 28
101 810
101 1138
101 368
101 1389
101 891
101 271
101 815
101 395
101 155
101 903
101 422
101 257
101 561
101 1223
101 1087
101 1285
101 336
101 964
101 688
101 856
101 253
101 598
101 1029
101 330
101 1283
101 683
101 246
101 122
101 1163
101 832
101 915
101 1384
101 960
101 936
101 280
101 738
101 278
101 313
101 149
101 1319
101 93
101 1061
101 686
101 1213
101 337
101 133
101 1266
101 1244
101 410
101 927
101 935
101 775
101 1201
101 759
101 309
101 594
101 438
101 1046
101 1255
101 52
101 317
101 1229
101 388
101 1399
101 1258
101 115
101 980
101 1116
101 429
101 1140
101 1021
101 453
101 877
101 1343
101 1287
101 1227
101 321
101 1364
101 799
101 735
101 1141
101 24
101 794
101 291
101 407
101 777
101 338
101 871
101 433
101 932
101 225
101 687
101 150
101 1268
101 1225
101 213
101 578
101 1220
101 1179
101 168
101 848
101 533
101 858
101 1105
101 376
101 67
101 1282
101 1292
101 411
101 675
101 512
101 753
101 141
101 1299
101 373
101 281
101 1124
101 587
101 387
101 908
101 1308
101 234
101 1329
101 173
101 562
101 475
101 154
101 80
101 1050
101 199
101 87
101 585
101 999
101 129
101 1300
101 997
101 878
101 188
101 398
101 358
101 588
101 1062
101 1330
101 1158
101 796
101 81
101 963
101 334
101 101
101 1049
101 125
101 221
101 432
101 579
101 724
101 635
101 1395
101 563
101 628
101 1359
101 273
101 704
101 176
101 761
101 1246
101 4
101 1085
101 712
101 132
101 1081
101 316
101 745
101 1079
101 880
101 569
101 505
101 678
101 1126
101 1275
101 98
101 1083
101 229
101 361
101 289
101 89
101 441
101 1293
101 83
101 714
101 803
101 674
101 807
101 1388
101 1206
101 450
101 274
101 1117
101 1217
101 968
101 1186
101 495
101 684
101 1192
101 1360
101 922
101 1273
101 771
101 617
101 1224
101 366
101 23
101 1228
101 568
101 530
101 1016
101 611
101 547
101 525
101 307
101 716
101 537
101 1215
101 624
101 883
101 1248
101 1295
101 1219
101 413
101 1005
101 319
101 44
101 167
101 362
101 1260
101 423
101 1002
101 249
101 1280
101 1365
101 426
101 1131
101 944
101 1089
101 172
101 1139
101 323
101 590
101 299
101 348
101 62
101 608
101 1187
101 570
101 202
101 1386
101 1151
101 403
101 360
101 401
101 200
101 1257
101 1091
101 499
101 926
101 1298
101 613
101 1208
101 235
101 1106
101 54
101 82
101 983
101 1110
101 749
101 506
101 519
101 1279
101 758
101 962
101 606
101 808
101 698
101 165
101 886
101 723
101 446
101 1135
101 1113
101 1198
101 304
101 193
101 1147
101 244
101 1284
101 263
101 1003
101 477
101 17
101 377
101 943
101 431
101 813
101 1302
101 409
101 605
101 72
101 830
101 940
101 1008
101 896
101 370
101 1205
101 494
101 212
101 84
101 1080
101 103
101 576
101 435
101 754
101 159
101 46
101 981
101 783
101 913
101 259
101 1241
101 961
101 472
101 577
101 255
101 872
101 449
101 984
101 283
101 784
101 428
101 523
101 1303
101 975
101 480
101 145
101 147
101 1393
101 1247
101 1230
101 1325
101 311
101 1216
101 1341
101 719
101 6
101 9
101 142
101 1336
101 785
101 1207
101 1383
101 1032
101 583
101 332
101 1366
101 442
101 314
101 464
101 56
101 352
101 1125
101 571
101 1274
101 1252
101 163
101 109
101 1338
101 1391
101 1339
101 1165
101 565
101 357
101 924
101 623
101 282
101 781
101 857
101 351
101 764
101 564
101 325
101 682
101 1352
101 59
101 60
101 230
101 1371
101 894
101 788
101 718
101 434
101 937
101 541
101 1181
101 1328
101 123
101 12
101 205
101 805
101 100
101 787
101 374
101 416
101 459
101 1082
101 96
101 151
101 554
101 219
101 1313
101 365
101 186
101 520
101 1342
101 414
101 220
101 982
101 218
101 164
101 548
101 806
101 1250
101 452
101 144
101 811
101 757
101 262
101 1240
101 1226
101 448
101 189
101 574
101 1291
101 756
101 25
101 1169
101 140
101 620
101 522
101 34
101 518
101 1144
101 707
101 157
101 476
101 272
101 673
101 662
101 1040
101 625
101 721
101 364
101 649
101 695
101 85
101 88
101 8
101 7
101 5
101 77
101 301
101 298
101 3
101 302
101 303
101 76
101 45
101 63
101 74
101 22
101 43
101 41
101 296
101 53
101 312
101 310
101 40
101 39
101 38
101 32
101 57
101 21
101 16
101 19
101 61
101 308
101 306
101 64
101 318
101 65
101 18
101 70
101 71
101 1385
101 50
101 279
101 90
101 171
101 239
101 177
101 240
101 175
101 243
101 174
101 245
101 166
101 238
101 1369
101 1368
101 1378
101 161
101 254
101 256
101 158
101 178
101 237
101 91
101 208
101 217
101 216
101 215
101 214
101 1373
101 210
101 209
101 1374
101 236
101 203
101 228
101 198
101 196
101 190
101 182
101 180
101 258
101 260
101 261
101 287
101 118
101 1367
101 117
101 116
101 114
101 113
101 112
101 288
101 156
101 111
101 106
101 105
101 104
101 102
101 292
101 94
101 120
101 126
101 127
101 128
101 153
101 152
101 265
101 148
101 267
101 268
101 269
101 270
101 143
101 139
101 276
101 277
101 138
101 222
101 136
101 324
101 1182
101 326
101 875
101 1245
101 914
101 910
101 907
101 906
101 905
101 904
101 1249
101 900
101 1251
101 895
101 893
101 1254
101 884
101 882
101 1256
101 879
101 925
101 1243
101 939
101 958
101 972
101 971
101 970
101 969
101 966
101 965
101 959
101 1234
101 941
101 1237
101 1238
101 952
101 950
101 949
101 945
101 942
101 876
101 868
101 328
101 865
101 793
101 791
101 789
101 780
101 779
101 776
101 774
101 773
101 772
101 770
101 768
101 1296
101 1297
101 755
101 751
101 750
101 748
101 795
101 797
101 800
101 1276
101 1261
101 860
101 1267
101 846
101 845
101 842
101 834
101 1277
101 804
101 1278
101 1286
101 1288
101 816
101 1290
101 812
101 809
101 973
101 976
101 977
101 978
101 1189
101 1133
101 1193
101 1194
101 1195
101 1115
101 1114
101 1111
101 1109
101 1200
101 1107
101 1103
101 1102
101 1101
101 1099
101 1098
101 1095
101 1188
101 1142
101 1143
101 1166
101 1180
101 1183
101 1176
101 1184
101 1170
101 1168
101 1167
101 1164
101 1149
101 1161
101 1160
101 1159
101 1156
101 1155
101 1153
101 1152
101 1094
101 1093
101 1092
101 994
101 1009
101 1007
101 1006
101 1004
101 998
101 996
101 995
101 993
101 1011
101 992
101 991
101 990
101 989
101 988
101 986
101 1232
101 1010
101 1017
101 1090
101 1064
101 1086
101 1084
101 1078
101 1077
101 1073
101 1203
101 1065
101 1204
101 1022
101 1057
101 1211
101 1212
101 1214
101 1033
101 1221
101 1222
101 747
101 737
101 1305
101 531
101 488
101 485
101 483
101 482
101 479
101 478
101 474
101 471
101 466
101 465
101 461
101 1344
101 457
101 456
101 1346
101 447
101 1347
101 489
101 490
101 492
101 510
101 528
101 526
101 524
101 517
101 515
101 513
101 511
101 509
101 493
101 508
101 507
101 1340
101 502
101 501
101 500
101 498
101 440
101 439
101 437
101 354
101 381
101 380
101 372
101 371
101 359
101 356
101 355
101 353
101 383
101 345
101 341
101 340
101 339
101 335
101 333
101 331
101 382
101 386
101 436
101 408
101 430
101 427
101 1348
101 421
101 420
101 1351
101 415
101 405
101 392
101 1353
101 402
101 399
101 1354
101 396
101 394
101 393
101 529
101 1337
101 1306
101 534
101 659
101 657
101 1318
101 655
101 654
101 653
101 652
101 651
101 647
101 646
101 645
101 643
101 642
101 639
101 638
101 637
101 1323
101 664
101 666
101 1316
101 699
101 728
101 711
101 710
101 709
101 705
101 702
101 701
101 697
101 1315
101 1312
101 691
101 690
101 679
101 1314
101 671
101 669
101 633
101 632
101 631
101 550
101 1332
101 560
101 559
101 558
101 1334
101 553
101 1335
101 549
101 586
101 546
101 545
101 544
101 543
101 539
101 536
101 535
101 582
101 589
101 630
101 612
101 629
101 626
101 1324
101 621
101 619
101 618
101 615
101 610
101 1327
101 609
101 604
101 603
101 602
101 597
101 595
101 1326
101 591
