102 910
102 728
102 1339
102 516
102 1001
102 729
102 1092
102 654
102 1007
102 287
102 1289
102 1290
102 713
102 286
102 998
102 834
102 650
102 1260
102 720
102 860
102 724
102 204
102 660
102 27
102 1363
102 884
102 1331
102 446
102 1024
102 231
102 824
102 1268
102 862
102 1006
102 853
102 1000
102 12
102 948
102 675
102 51
102 92
102 140
102 395
102 321
102 100
102 1242
102 726
102 783
102 1039
102 827
102 1078
102 313
102 1166
102 880
102 723
102 60
102 909
102 774
102 712
102 594
102 67
102 102
102 1333
102 742
102 1248
102 1028
102 588
102 47
102 1165
102 289
102 766
102 1294
102 782
102 676
102 1115
102 725
102 362
102 835
102 1389
102 951
102 1065
102 939
102 905
102 1342
102 790
102 497
102 341
102 1327
102 896
102 711
102 1309
102 442
102 722
102 143
102 640
102 1361
102 1270
102 979
102 703
102 31
102 591
102 1170
102 840
102 190
102 590
102 486
102 576
102 791
102 285
102 858
102 1272
102 684
102 1066
102 427
102 1010
102 75
102 577
102 205
102 440
102 674
102 110
102 1011
102 1233
102 911
102 587
102 883
102 432
102 316
102 739
102 875
102 342
102 953
102 1235
102 741
102 671
102 915
102 415
102 1015
102 927
102 1162
102 32
102 525
102 1262
102 716
102 945
102 1269
102 498
102 797
102 200
102 901
102 780
102 76
102 1
102 759
102 160
102 583
102 543
102 132
102 1263
102 859
102 195
102 1101
102 856
102 1008
102 1320
102 1332
102 1337
102 762
102 1334
102 837
102 1163
102 846
102 999
102 679
102 727
102 714
102 69
102 54
102 1043
102 872
102 756
102 643
102 70
102 573
102 708
102 638
102 506
102 886
102 833
102 557
102 329
102 301
102 1340
102 919
102 567
102 925
102 698
102 581
102 634
102 348
102 775
102 1005
102 464
102 89
102 600
102 632
102 191
102 1296
102 816
102 421
102 425
102 288
102 1356
102 46
102 777
102 1390
102 699
102 284
102 694
102 391
102 913
102 353
102 517
102 95
102 1195
102 1360
102 40
102 1052
102 1009
102 428
102 97
102 1004
102 1003
102 949
102 1057
102 515
102 367
102 717
102 1370
102 388
102 230
102 980
102 574
102 1064
102 297
102 1041
102 651
102 1383
102 229
102 1144
102 531
102 1035
102 290
102 13
102 1338
102 1120
102 30
102 155
102 44
102 304
102 743
102 113
102 1130
102 792
102 924
102 461
102 34
102 520
102 273
102 503
102 1012
102 836
102 146
102 721
102 372
102 1362
102 747
102 222
102 987
102 363
102 560
102 1202
102 1217
102 1117
102 453
102 185
102 201
102 11
102 171
102 1353
102 184
102 45
102 580
102 772
102 870
102 578
102 189
102 802
102 657
102 1225
102 23
102 815
102 1113
102 296
102 220
102 897
102 902
102 547
102 55
102 914
102 1164
102 873
102 572
102 894
102 997
102 164
102 933
102 673
102 167
102 1132
102 127
102 1203
102 796
102 234
102 550
102 529
102 126
102 1379
102 685
102 1354
102 993
102 1173
102 960
102 66
102 410
102 328
102 433
102 893
102 364
102 781
102 193
102 744
102 1181
102 245
102 225
102 566
102 908
102 658
102 787
102 29
102 1206
102 1122
102 1245
102 57
102 78
102 1231
102 1321
102 563
102 540
102 874
102 1282
102 207
102 985
102 1222
102 210
102 83
102 1089
102 1207
102 1366
102 173
102 1380
102 267
102 56
102 1336
102 899
102 1098
102 124
102 1240
102 1386
102 801
102 826
102 1194
102 166
102 202
102 1264
102 1274
102 1391
102 709
102 1047
102 689
102 1319
102 1108
102 266
102 1213
102 798
102 232
102 434
102 292
102 1322
102 710
102 157
102 968
102 688
102 131
102 1244
102 73
102 484
102 753
102 947
102 129
102 416
102 33
102 757
102 589
102 625
102 25
102 649
102 986
102 82
102 417
102 272
102 1147
102 85
102 86
102 87
102 88
102 84
102 255
102 81
102 469
102 65
102 474
102 473
102 472
102 68
102 471
102 470
102 468
102 80
102 71
102 72
102 77
102 467
102 79
102 466
102 465
102 74
102 98
102 463
102 109
102 105
102 106
102 441
102 107
102 439
102 438
102 437
102 436
102 435
102 108
102 111
102 462
102 112
102 431
102 114
102 115
102 116
102 430
102 429
102 117
102 118
102 426
102 443
102 444
102 104
102 445
102 90
102 460
102 459
102 458
102 457
102 456
102 91
102 455
102 93
102 94
102 96
102 454
102 99
102 452
102 451
102 450
102 449
102 448
102 447
102 101
102 103
102 64
102 58
102 475
102 536
102 20
102 21
102 546
102 545
102 544
102 22
102 542
102 541
102 539
102 538
102 537
102 535
102 549
102 534
102 533
102 532
102 24
102 530
102 528
102 527
102 526
102 524
102 523
102 522
102 548
102 19
102 476
102 9
102 2
102 564
102 562
102 561
102 3
102 4
102 5
102 6
102 7
102 8
102 559
102 10
102 551
102 558
102 14
102 556
102 555
102 15
102 16
102 17
102 554
102 553
102 18
102 552
102 521
102 26
102 519
102 487
102 495
102 494
102 493
102 492
102 491
102 490
102 52
102 53
102 489
102 488
102 120
102 59
102 518
102 485
102 61
102 62
102 483
102 482
102 481
102 480
102 479
102 478
102 63
102 477
102 496
102 499
102 500
102 50
102 28
102 35
102 36
102 514
102 37
102 513
102 38
102 512
102 511
102 39
102 510
102 509
102 508
102 507
102 41
102 42
102 505
102 504
102 43
102 48
102 502
102 49
102 501
102 119
102 413
102 121
102 186
102 318
102 208
102 317
102 209
102 315
102 314
102 312
102 311
102 310
102 309
102 308
102 307
102 306
102 305
102 303
102 302
102 211
102 212
102 213
102 300
102 299
102 565
102 214
102 215
102 216
102 319
102 320
102 322
102 332
102 188
102 192
102 340
102 339
102 338
102 337
102 194
102 336
102 335
102 334
102 333
102 196
102 323
102 331
102 330
102 197
102 198
102 327
102 199
102 326
102 325
102 203
102 324
102 206
102 295
102 294
102 293
102 251
102 277
102 276
102 275
102 248
102 274
102 249
102 271
102 270
102 269
102 250
102 268
102 265
102 278
102 252
102 264
102 253
102 263
102 262
102 261
102 260
102 259
102 258
102 257
102 254
102 247
102 279
102 217
102 236
102 291
102 218
102 219
102 221
102 223
102 224
102 226
102 227
102 228
102 233
102 235
102 237
102 280
102 238
102 239
102 240
102 241
102 242
102 243
102 244
102 246
102 283
102 282
102 281
102 187
102 183
102 122
102 343
102 396
102 134
102 135
102 136
102 137
102 394
102 138
102 393
102 392
102 139
102 390
102 389
102 141
102 142
102 387
102 386
102 385
102 384
102 383
102 382
102 381
102 144
102 380
102 145
102 147
102 397
102 398
102 399
102 412
102 424
102 423
102 123
102 422
102 125
102 420
102 419
102 418
102 128
102 414
102 256
102 411
102 400
102 409
102 130
102 408
102 407
102 406
102 405
102 404
102 403
102 402
102 401
102 133
102 148
102 379
102 149
102 176
102 357
102 169
102 170
102 356
102 355
102 172
102 354
102 174
102 175
102 352
102 351
102 177
102 358
102 178
102 350
102 179
102 180
102 349
102 181
102 347
102 182
102 346
102 345
102 344
102 168
102 359
102 378
102 370
102 377
102 376
102 375
102 374
102 373
102 150
102 151
102 371
102 152
102 153
102 154
102 369
102 360
102 368
102 156
102 366
102 365
102 158
102 159
102 161
102 162
102 163
102 165
102 361
102 298
102 1400
102 568
102 1141
102 1135
102 1136
102 1137
102 1138
102 1139
102 1140
102 1142
102 1133
102 1143
102 1145
102 1146
102 1148
102 1149
102 1150
102 1134
102 1131
102 1107
102 1119
102 1110
102 1111
102 1112
102 1114
102 1116
102 1118
102 1121
102 1129
102 1123
102 1124
102 1125
102 1126
102 1127
102 1128
102 1151
102 1152
102 1153
102 1186
102 1179
102 1180
102 1182
102 1183
102 1184
102 1185
102 1187
102 1154
102 1188
102 1189
102 1190
102 1191
102 1192
102 1193
102 1178
102 1177
102 1176
102 1175
102 1174
102 1172
102 1171
102 1169
102 1168
102 1167
102 1161
102 1160
102 1159
102 1158
102 1157
102 1156
102 1155
102 1109
102 1106
102 569
102 1053
102 1045
102 1046
102 1048
102 1049
102 1050
102 1051
102 1054
102 1042
102 1055
102 1056
102 1058
102 1059
102 1060
102 1061
102 1044
102 1040
102 1105
102 1029
102 1021
102 1022
102 1023
102 1025
102 1026
102 1027
102 1030
102 1038
102 1031
102 1032
102 1033
102 1034
102 1036
102 1037
102 1062
102 1063
102 1067
102 1095
102 1087
102 1088
102 1090
102 1091
102 1093
102 1094
102 1096
102 1068
102 1097
102 1099
102 1100
102 1102
102 1103
102 1104
102 1086
102 1085
102 1084
102 1083
102 1082
102 1081
102 1080
102 1079
102 1077
102 1076
102 1075
102 1074
102 1073
102 1072
102 1071
102 1070
102 1069
102 1196
102 1197
102 1198
102 1330
102 1323
102 1324
102 1325
102 1326
102 1328
102 1329
102 1335
102 1317
102 1341
102 1343
102 1344
102 1345
102 1346
102 1347
102 1318
102 1316
102 1199
102 1306
102 1300
102 1301
102 1302
102 1303
102 1304
102 1305
102 1307
102 1315
102 1308
102 1310
102 1311
102 1312
102 1313
102 1314
102 1348
102 1349
102 1350
102 1388
102 1378
102 1381
102 1382
102 1384
102 1385
102 1387
102 1392
102 1351
102 1393
102 1394
102 1395
102 1396
102 1397
102 1398
102 1377
102 1376
102 1375
102 1374
102 1373
102 1372
102 1371
102 1369
102 1368
102 1367
102 1365
102 1364
102 1359
102 1358
102 1357
102 1355
102 1352
102 1299
102 1298
102 1297
102 1232
102 1224
102 1226
102 1227
102 1228
102 1229
102 1230
102 1234
102 1247
102 1236
102 1237
102 1238
102 1239
102 1241
102 1243
102 1223
102 1221
102 1220
102 1219
102 1218
102 1216
102 1215
102 1214
102 1212
102 1211
102 1210
102 1209
102 1208
102 1205
102 1204
102 1201
102 1200
102 1246
102 1249
102 1295
102 1284
102 1277
102 1278
102 1279
102 1280
102 1281
102 1283
102 1285
102 1250
102 1286
102 1287
102 1288
102 1291
102 1292
102 1293
102 1276
102 1275
102 1273
102 1271
102 1267
102 1266
102 1265
102 1261
102 1259
102 1258
102 1257
102 1256
102 1255
102 1254
102 1253
102 1252
102 1251
102 1020
102 1019
102 1018
102 707
102 1399
102 701
102 702
102 704
102 705
102 706
102 715
102 696
102 718
102 719
102 730
102 731
102 732
102 733
102 697
102 695
102 794
102 681
102 669
102 670
102 672
102 677
102 678
102 680
102 682
102 693
102 683
102 686
102 687
102 690
102 691
102 692
102 734
102 735
102 736
102 776
102 767
102 768
102 769
102 770
102 771
102 773
102 778
102 737
102 779
102 784
102 785
102 786
102 788
102 789
102 765
102 764
102 763
102 761
102 760
102 758
102 755
102 754
102 752
102 751
102 750
102 749
102 748
102 746
102 745
102 740
102 738
102 668
102 667
102 666
102 609
102 603
102 604
102 605
102 606
102 607
102 608
102 610
102 618
102 611
102 612
102 613
102 614
102 615
102 616
102 602
102 601
102 599
102 598
102 597
102 596
102 595
102 593
102 592
102 586
102 585
102 584
102 582
102 579
102 575
102 571
102 570
102 617
102 619
102 665
102 653
102 644
102 645
102 646
102 647
102 648
102 652
102 655
102 620
102 656
102 659
102 661
102 662
102 663
102 664
102 642
102 641
102 639
102 637
102 636
102 635
102 633
102 631
102 630
102 629
102 628
102 627
102 626
102 624
102 623
102 622
102 621
102 793
102 795
102 1017
102 944
102 937
102 938
102 940
102 941
102 942
102 943
102 946
102 935
102 950
102 952
102 954
102 955
102 956
102 957
102 936
102 934
102 799
102 921
102 907
102 912
102 916
102 917
102 918
102 920
102 922
102 932
102 923
102 926
102 928
102 929
102 930
102 931
102 958
102 959
102 961
102 992
102 983
102 984
102 988
102 989
102 990
102 991
102 994
102 962
102 995
102 996
102 1002
102 1013
102 1014
102 1016
102 982
102 981
102 978
102 977
102 976
102 975
102 974
102 973
102 972
102 971
102 970
102 969
102 967
102 966
102 965
102 964
102 963
102 906
102 904
102 903
102 830
102 821
102 822
102 823
102 825
102 828
102 829
102 831
102 845
102 832
102 838
102 839
102 841
102 842
102 843
102 820
102 819
102 818
102 817
102 814
102 813
102 812
102 811
102 810
102 809
102 808
102 807
102 806
102 805
102 804
102 803
102 800
102 844
102 847
102 900
102 887
102 877
102 878
102 879
102 881
102 882
102 885
102 888
102 848
102 889
102 890
102 891
102 892
102 895
102 898
102 876
102 871
102 869
102 868
102 867
102 866
102 865
102 864
102 863
102 861
102 857
102 855
102 854
102 852
102 851
102 850
102 849
102 700
