104 762
104 462
104 644
104 1177
104 910
104 1024
104 840
104 29
104 1055
104 837
104 1023
104 824
104 744
104 957
104 1117
104 836
104 760
104 863
104 866
104 826
104 818
104 833
104 913
104 819
104 739
104 1019
104 821
104 1054
104 1316
104 952
104 51
104 825
104 1057
104 897
104 835
104 743
104 1098
104 1043
104 1056
104 777
104 241
104 1015
104 938
104 642
104 1059
104 1029
104 817
104 820
104 1181
104 1363
104 550
104 42
104 1294
104 1126
104 828
104 962
104 463
104 542
104 734
104 1031
104 925
104 1386
104 888
104 1122
104 116
104 1173
104 761
104 852
104 1119
104 981
104 767
104 1096
104 831
104 1121
104 592
104 454
104 1053
104 1178
104 733
104 1309
104 484
104 853
104 553
104 956
104 393
104 1361
104 582
104 953
104 1136
104 379
104 287
104 1330
104 1045
104 742
104 1025
104 851
104 1100
104 546
104 1034
104 870
104 1329
104 646
104 428
104 664
104 505
104 1007
104 1097
104 231
104 1322
104 566
104 955
104 1048
104 576
104 1333
104 1354
104 766
104 887
104 515
104 647
104 383
104 890
104 1132
104 1319
104 1362
104 204
104 75
104 95
104 932
104 509
104 1112
104 842
104 707
104 1026
104 1257
104 475
104 1240
104 13
104 154
104 740
104 168
104 926
104 982
104 1339
104 896
104 1248
104 1353
104 353
104 1262
104 1065
104 131
104 82
104 158
104 867
104 120
104 916
104 1050
104 830
104 185
104 234
104 588
104 1274
104 860
104 72
104 1129
104 1027
104 1038
104 149
104 1331
104 1263
104 1342
104 422
104 130
104 590
104 1172
104 516
104 783
104 557
104 827
104 1099
104 1157
104 1009
104 1127
104 565
104 1071
104 1032
104 1203
104 453
104 300
104 924
104 351
104 55
104 1058
104 4
104 1041
104 260
104 1340
104 560
104 50
104 419
104 782
104 166
104 267
104 470
104 54
104 980
104 727
104 1062
104 341
104 735
104 340
104 551
104 224
104 1161
104 774
104 138
104 661
104 583
104 317
104 408
104 461
104 1001
104 630
104 823
104 53
104 266
104 28
104 1170
104 1359
104 549
104 978
104 232
104 424
104 1199
104 19
104 390
104 1289
104 73
104 651
104 856
104 1366
104 1254
104 1270
104 1318
104 781
104 457
104 71
104 1236
104 1040
104 960
104 1164
104 301
104 1230
104 1176
104 500
104 1022
104 708
104 60
104 49
104 1042
104 567
104 769
104 1145
104 541
104 1149
104 66
104 552
104 492
104 215
104 269
104 712
104 754
104 1130
104 885
104 868
104 1072
104 780
104 1101
104 1175
104 585
104 352
104 814
104 34
104 1162
104 1083
104 580
104 1020
104 1279
104 1035
104 442
104 1118
104 1125
104 485
104 167
104 861
104 127
104 1383
104 1037
104 730
104 295
104 425
104 474
104 1158
104 784
104 1198
104 584
104 387
104 637
104 395
104 1017
104 591
104 1335
104 572
104 1018
104 772
104 1217
104 414
104 1235
104 176
104 480
104 328
104 1222
104 763
104 881
104 935
104 676
104 1163
104 68
104 791
104 789
104 1033
104 304
104 773
104 959
104 586
104 1046
104 1220
104 1137
104 634
104 843
104 450
104 48
104 1371
104 729
104 816
104 421
104 559
104 1075
104 1116
104 628
104 850
104 787
104 1012
104 627
104 306
104 90
104 869
104 838
104 1092
104 736
104 486
104 47
104 1131
104 59
104 144
104 1379
104 1373
104 325
104 1268
104 109
104 635
104 547
104 829
104 1147
104 284
104 638
104 1372
104 528
104 785
104 726
104 496
104 970
104 1290
104 364
104 667
104 963
104 1221
104 889
104 1185
104 611
104 678
104 872
104 518
104 1207
104 1070
104 451
104 407
104 319
104 126
104 671
104 951
104 884
104 193
104 91
104 673
104 79
104 342
104 274
104 62
104 1003
104 998
104 205
104 658
104 1245
104 140
104 334
104 974
104 119
104 522
104 289
104 1296
104 1047
104 43
104 1231
104 1370
104 493
104 242
104 1269
104 494
104 283
104 1258
104 1028
104 966
104 768
104 691
104 679
104 713
104 1044
104 244
104 1253
104 602
104 709
104 202
104 84
104 488
104 279
104 97
104 543
104 674
104 540
104 1016
104 1314
104 417
104 615
104 1280
104 683
104 1313
104 1327
104 533
104 1154
104 797
104 1165
104 1189
104 495
104 1336
104 1337
104 659
104 720
104 77
104 268
104 660
104 1030
104 56
104 307
104 292
104 999
104 948
104 865
104 598
104 1392
104 169
104 117
104 1315
104 801
104 596
104 1271
104 1074
104 6
104 894
104 70
104 944
104 160
104 625
104 527
104 3
104 1343
104 688
104 1398
104 603
104 394
104 1091
104 699
104 251
104 579
104 901
104 874
104 226
104 928
104 601
104 775
104 1061
104 1205
104 245
104 616
104 403
104 950
104 1397
104 641
104 632
104 623
104 293
104 1135
104 22
104 9
104 1103
104 704
104 701
104 794
104 1206
104 1377
104 564
104 388
104 12
104 1180
104 94
104 44
104 1204
104 57
104 31
104 469
104 947
104 790
104 1226
104 933
104 110
104 513
104 184
104 1197
104 37
104 715
104 104
104 721
104 985
104 898
104 1109
104 1277
104 1184
104 604
104 76
104 697
104 467
104 1008
104 1134
104 311
104 435
104 936
104 449
104 1138
104 811
104 443
104 1387
104 1069
104 687
104 1219
104 389
104 525
104 943
104 329
104 452
104 859
104 919
104 1346
104 348
104 675
104 571
104 1063
104 1321
104 770
104 124
104 1216
104 1260
104 1396
104 272
104 30
104 568
104 314
104 1006
104 798
104 150
104 606
104 882
104 600
104 1264
104 1355
104 448
104 302
104 258
104 1182
104 366
104 151
104 1004
104 539
104 1338
104 466
104 949
104 1381
104 98
104 87
104 689
104 259
104 1191
104 1171
104 834
104 497
104 942
104 1214
104 796
104 101
104 401
104 857
104 654
104 670
104 1090
104 273
104 503
104 63
104 1367
104 446
104 372
104 876
104 171
104 1304
104 1153
104 1021
104 655
104 115
104 847
104 165
104 1120
104 1400
104 934
104 305
104 1190
104 86
104 333
104 1011
104 682
104 99
104 35
104 157
104 378
104 88
104 912
104 987
104 732
104 11
104 937
104 854
104 170
104 578
104 802
104 1123
104 695
104 657
104 375
104 822
104 52
104 1225
104 1259
104 155
104 765
104 432
104 954
104 1317
104 1348
104 67
104 23
104 815
104 738
104 282
104 556
104 1080
104 427
104 370
104 986
104 545
104 1390
104 648
104 347
104 346
104 990
104 113
104 681
104 112
104 622
104 520
104 983
104 406
104 753
104 420
104 529
104 1385
104 714
104 129
104 277
104 337
104 354
104 891
104 917
104 680
104 939
104 757
104 992
104 460
104 839
104 1360
104 1281
104 858
104 1167
104 812
104 371
104 639
104 92
104 685
104 483
104 719
104 385
104 581
104 737
104 1196
104 1375
104 696
104 1208
104 1325
104 191
104 1166
104 189
104 548
104 264
104 410
104 25
104 893
104 792
104 979
104 180
104 32
104 159
104 1358
104 221
104 862
104 1179
104 1160
104 225
104 614
104 1
104 649
104 883
104 8
104 813
104 536
104 1357
104 855
104 132
104 731
104 1111
104 698
104 430
104 599
104 717
104 297
104 587
104 198
104 705
104 1241
104 374
104 1215
104 923
104 377
104 864
104 481
104 1076
104 61
104 1282
104 1060
104 229
104 207
104 312
104 5
104 1332
104 181
104 81
104 927
104 1301
104 1265
104 1089
104 476
104 16
104 1334
104 1142
104 684
104 989
104 662
104 1200
104 426
104 899
104 213
104 711
104 595
104 1256
104 69
104 411
104 537
104 967
104 1298
104 439
104 400
104 216
104 1067
104 570
104 1194
104 1104
104 1000
104 1380
104 41
104 728
104 909
104 900
104 323
104 848
104 288
104 1391
104 1299
104 1399
104 620
104 501
104 903
104 209
104 524
104 976
104 724
104 1356
104 276
104 1308
104 750
104 964
104 1227
104 1010
104 1108
104 1213
104 490
104 1102
104 188
104 534
104 243
104 262
104 123
104 236
104 434
104 1393
104 1133
104 710
104 573
104 1049
104 975
104 1376
104 89
104 645
104 886
104 846
104 177
104 741
104 1148
104 1395
104 210
104 668
104 663
104 1192
104 1234
104 968
104 179
104 195
104 633
104 845
104 1202
104 991
104 384
104 779
104 1210
104 1288
104 849
104 562
104 700
104 922
104 1272
104 1078
104 617
104 361
104 359
104 752
104 640
104 141
104 918
104 988
104 530
104 148
104 1261
104 526
104 413
104 807
104 299
104 1243
104 665
104 217
104 349
104 945
104 1312
104 666
104 677
104 249
104 1292
104 416
104 36
104 973
104 33
104 669
104 589
104 163
104 1183
104 380
104 173
104 748
104 121
104 200
104 1223
104 1232
104 15
104 725
104 895
104 1291
104 1286
104 1347
104 441
104 749
104 1389
104 270
104 653
104 1350
104 808
104 1384
104 498
104 1238
104 208
104 613
104 85
104 18
104 108
104 1394
104 506
104 1302
104 605
104 1077
104 247
104 368
104 626
104 80
104 118
104 190
104 1300
104 404
104 186
104 261
104 961
104 14
104 133
104 1297
104 315
104 1002
104 1013
104 1303
104 984
104 40
104 504
104 290
104 64
104 134
104 511
104 694
104 365
104 222
104 135
104 1251
104 1188
104 1295
104 1324
104 618
104 593
104 237
104 332
104 20
104 921
104 369
104 147
104 83
104 1156
104 997
104 2
104 125
104 804
104 197
104 722
104 357
104 1113
104 636
104 1278
104 1212
104 1352
104 122
104 993
104 146
104 1307
104 1382
104 907
104 759
104 294
104 810
104 78
104 686
104 1088
104 718
104 240
104 1051
104 996
104 1168
104 456
104 1229
104 561
104 187
104 1224
104 96
104 162
104 624
104 174
104 24
104 1250
104 1310
104 946
104 806
104 164
104 1239
104 1144
104 212
104 1201
104 1266
104 788
104 523
104 105
104 106
104 1244
104 107
104 793
104 128
104 1267
104 1246
104 1247
104 111
104 531
104 538
104 803
104 1249
104 535
104 114
104 800
104 795
104 1255
104 799
104 1252
104 532
104 1242
104 994
104 805
104 521
104 507
104 832
104 161
104 841
104 1218
104 502
104 844
104 1211
104 499
104 1209
104 172
104 491
104 175
104 489
104 871
104 178
104 487
104 1228
104 156
104 508
104 142
104 519
104 136
104 137
104 517
104 139
104 102
104 809
104 143
104 153
104 514
104 145
104 512
104 1237
104 510
104 1233
104 152
104 103
104 1284
104 1273
104 100
104 1374
104 1369
104 1368
104 1365
104 1364
104 690
104 692
104 597
104 693
104 38
104 39
104 594
104 702
104 1351
104 703
104 1349
104 45
104 46
104 706
104 27
104 26
104 1378
104 621
104 643
104 631
104 629
104 650
104 652
104 7
104 656
104 10
104 1388
104 672
104 619
104 612
104 610
104 609
104 17
104 608
104 607
104 21
104 1345
104 1344
104 1341
104 1287
104 751
104 755
104 756
104 1293
104 758
104 764
104 771
104 776
104 544
104 555
104 778
104 1285
104 182
104 93
104 1283
104 786
104 1276
104 1275
104 554
104 558
104 716
104 575
104 1328
104 1326
104 577
104 1323
104 1320
104 58
104 723
104 1311
104 574
104 74
104 569
104 65
104 1306
104 1305
104 745
104 746
104 563
104 747
104 873
104 482
104 183
104 1084
104 309
104 310
104 1082
104 940
104 313
104 1081
104 941
104 316
104 1079
104 418
104 320
104 321
104 322
104 958
104 324
104 415
104 326
104 327
104 412
104 308
104 1085
104 330
104 1086
104 1106
104 285
104 286
104 1105
104 433
104 431
104 429
104 291
104 929
104 1095
104 1094
104 296
104 930
104 298
104 931
104 1093
104 423
104 303
104 1087
104 1073
104 331
104 875
104 355
104 398
104 358
104 397
104 360
104 396
104 362
104 363
104 1005
104 972
104 392
104 367
104 391
104 977
104 386
104 382
104 373
104 381
104 995
104 376
104 356
104 399
104 409
104 971
104 1068
104 965
104 335
104 336
104 1066
104 338
104 339
104 1064
104 405
104 1052
104 343
104 344
104 345
104 969
104 1039
104 402
104 350
104 1036
104 1014
104 1107
104 436
104 281
104 892
104 465
104 211
104 464
104 214
104 902
104 904
104 459
104 218
104 219
104 220
104 1174
104 458
104 223
104 1169
104 1159
104 227
104 228
104 905
104 230
104 468
104 471
104 280
104 206
104 1195
104 877
104 878
104 879
104 1193
104 192
104 479
104 194
104 478
104 196
104 477
104 880
104 199
104 473
104 201
104 472
104 203
104 1187
104 1186
104 1155
104 233
104 1152
104 235
104 447
104 445
104 263
104 1140
104 265
104 1139
104 444
104 1128
104 1124
104 920
104 271
104 1115
104 1114
104 440
104 275
104 438
104 437
104 278
104 1110
104 1141
104 915
104 1143
104 246
104 455
104 906
104 238
104 239
104 1151
104 1150
104 908
104 1146
104 911
104 257
104 248
104 914
104 250
104 252
104 253
104 254
104 255
104 256
104 318
