105 848
105 764
105 847
105 846
105 953
105 763
105 743
105 1067
105 1126
105 739
105 1029
105 887
105 897
105 1071
105 1037
105 1036
105 886
105 890
105 1172
105 1068
105 1129
105 844
105 1026
105 841
105 740
105 769
105 1018
105 1171
105 839
105 951
105 1052
105 955
105 1019
105 1070
105 889
105 1017
105 821
105 407
105 885
105 974
105 930
105 851
105 826
105 1051
105 765
105 1252
105 854
105 741
105 1039
105 1123
105 1118
105 935
105 853
105 958
105 1034
105 102
105 843
105 1013
105 929
105 1023
105 1043
105 1042
105 838
105 47
105 1012
105 926
105 117
105 1030
105 1025
105 1038
105 1066
105 852
105 908
105 934
105 1288
105 760
105 1120
105 1135
105 1024
105 1020
105 966
105 1044
105 849
105 828
105 1117
105 723
105 928
105 728
105 1015
105 1173
105 850
105 936
105 1374
105 268
105 742
105 1016
105 173
105 931
105 1132
105 428
105 42
105 1360
105 1133
105 153
105 166
105 1298
105 898
105 522
105 822
105 236
105 1122
105 1145
105 909
105 950
105 224
105 168
105 52
105 512
105 623
105 293
105 1134
105 751
105 100
105 1014
105 279
105 1125
105 1021
105 952
105 1040
105 1339
105 603
105 845
105 319
105 1031
105 1022
105 5
105 1175
105 188
105 1106
105 361
105 993
105 45
105 508
105 263
105 480
105 139
105 110
105 1294
105 179
105 1392
105 975
105 1245
105 831
105 910
105 403
105 1010
105 221
105 1059
105 1131
105 1174
105 669
105 330
105 891
105 870
105 954
105 1327
105 825
105 466
105 830
105 1041
105 1147
105 1048
105 662
105 297
105 1032
105 1027
105 658
105 772
105 33
105 1103
105 1205
105 1130
105 174
105 88
105 744
105 786
105 1082
105 1156
105 53
105 114
105 83
105 1138
105 448
105 938
105 956
105 707
105 1220
105 924
105 1137
105 1053
105 425
105 1263
105 1286
105 1119
105 1376
105 911
105 317
105 541
105 310
105 968
105 198
105 761
105 324
105 971
105 344
105 627
105 326
105 792
105 1028
105 1058
105 913
105 918
105 957
105 749
105 209
105 1215
105 1335
105 1170
105 756
105 182
105 26
105 456
105 678
105 1311
105 719
105 262
105 1076
105 97
105 266
105 671
105 610
105 146
105 197
105 1142
105 823
105 799
105 697
105 820
105 252
105 1211
105 629
105 576
105 650
105 552
105 722
105 1064
105 23
105 212
105 362
105 937
105 672
105 1238
105 1337
105 1035
105 783
105 484
105 1177
105 258
105 201
105 1094
105 1227
105 79
105 550
105 1061
105 331
105 565
105 1387
105 655
105 414
105 337
105 1341
105 272
105 138
105 600
105 1093
105 503
105 144
105 923
105 1100
105 1362
105 444
105 316
105 8
105 245
105 520
105 43
105 208
105 646
105 261
105 494
105 857
105 431
105 445
105 96
105 342
105 1136
105 1279
105 433
105 353
105 927
105 286
105 589
105 714
105 807
105 759
105 517
105 1317
105 1212
105 95
105 443
105 573
105 973
105 94
105 856
105 518
105 1221
105 40
105 1229
105 299
105 267
105 371
105 905
105 105
105 997
105 899
105 1223
105 1232
105 89
105 762
105 809
105 306
105 1139
105 81
105 442
105 874
105 496
105 766
105 149
105 380
105 640
105 1274
105 1096
105 1350
105 345
105 21
105 4
105 125
105 80
105 1
105 1111
105 1319
105 1009
105 746
105 1153
105 925
105 1004
105 875
105 1213
105 572
105 634
105 234
105 1352
105 1371
105 664
105 416
105 92
105 594
105 695
105 242
105 685
105 715
105 806
105 959
105 811
105 1092
105 943
105 189
105 57
105 1367
105 254
105 1355
105 1364
105 1381
105 1069
105 315
105 291
105 1361
105 784
105 972
105 1188
105 311
105 1265
105 1324
105 1310
105 133
105 44
105 645
105 7
105 593
105 701
105 1095
105 590
105 340
105 1247
105 1202
105 275
105 827
105 598
105 239
105 992
105 798
105 933
105 74
105 559
105 156
105 865
105 1098
105 124
105 711
105 1075
105 1386
105 437
105 1097
105 693
105 892
105 1349
105 534
105 1338
105 983
105 406
105 1062
105 529
105 334
105 1165
105 692
105 1099
105 597
105 303
105 1169
105 1395
105 375
105 282
105 304
105 210
105 176
105 737
105 686
105 633
105 355
105 123
105 132
105 513
105 649
105 1008
105 896
105 1309
105 1289
105 1287
105 1307
105 434
105 450
105 941
105 1249
105 347
105 11
105 449
105 205
105 120
105 260
105 1159
105 803
105 535
105 1243
105 145
105 1331
105 1313
105 657
105 667
105 217
105 780
105 666
105 68
105 782
105 615
105 690
105 1292
105 815
105 328
105 85
105 1396
105 141
105 142
105 543
105 568
105 9
105 1167
105 1196
105 547
105 939
105 296
105 55
105 638
105 233
105 1164
105 87
105 397
105 675
105 481
105 318
105 917
105 61
105 1237
105 604
105 673
105 1218
105 249
105 1001
105 36
105 1191
105 1074
105 269
105 528
105 129
105 546
105 1316
105 1323
105 946
105 548
105 1110
105 1091
105 1400
105 69
105 797
105 1109
105 39
105 606
105 447
105 712
105 613
105 536
105 60
105 390
105 49
105 773
105 602
105 506
105 519
105 193
105 287
105 1077
105 377
105 308
105 653
105 190
105 800
105 998
105 489
105 566
105 620
105 754
105 1259
105 1217
105 1241
105 346
105 876
105 531
105 1273
105 171
105 1128
105 679
105 184
105 290
105 580
105 511
105 58
105 435
105 186
105 338
105 867
105 259
105 204
105 961
105 1282
105 912
105 1346
105 1295
105 713
105 942
105 1115
105 553
105 1297
105 618
105 1002
105 220
105 919
105 1057
105 1207
105 417
105 147
105 1281
105 128
105 1366
105 1157
105 1251
105 2
105 211
105 796
105 994
105 288
105 964
105 562
105 1163
105 152
105 574
105 999
105 51
105 661
105 729
105 1326
105 1264
105 1107
105 1154
105 276
105 349
105 614
105 66
105 601
105 170
105 858
105 1184
105 628
105 781
105 395
105 636
105 794
105 59
105 230
105 240
105 788
105 29
105 560
105 1322
105 1203
105 453
105 710
105 363
105 229
105 1224
105 991
105 688
105 270
105 24
105 1225
105 151
105 131
105 996
105 219
105 683
105 187
105 1235
105 172
105 493
105 624
105 1342
105 73
105 1380
105 1351
105 753
105 1300
105 660
105 1277
105 1296
105 274
105 441
105 1375
105 859
105 1271
105 1321
105 625
105 1204
105 25
105 962
105 140
105 588
105 1239
105 1144
105 401
105 14
105 199
105 82
105 165
105 976
105 721
105 1201
105 163
105 244
105 329
105 1230
105 27
105 1244
105 294
105 295
105 1242
105 30
105 292
105 28
105 1246
105 298
105 1228
105 1240
105 313
105 300
105 301
105 1385
105 31
105 1236
105 305
105 1231
105 1388
105 314
105 307
105 22
105 309
105 1234
105 1233
105 312
105 302
105 126
105 289
105 265
105 41
105 1255
105 1256
105 1379
105 1257
105 1258
105 1378
105 1377
105 1254
105 264
105 46
105 1260
105 1261
105 1262
105 48
105 50
105 271
105 273
105 1226
105 1250
105 1384
105 34
105 1248
105 285
105 35
105 284
105 283
105 281
105 1382
105 280
105 1383
105 278
105 37
105 277
105 38
105 1253
105 32
105 323
105 1389
105 364
105 370
105 369
105 368
105 367
105 366
105 1397
105 365
105 6
105 320
105 1199
105 1200
105 360
105 359
105 358
105 357
105 356
105 1198
105 372
105 373
105 374
105 388
105 387
105 386
105 3
105 385
105 384
105 383
105 382
105 381
105 1195
105 379
105 378
105 1398
105 376
105 1197
105 354
105 1394
105 1393
105 1210
105 336
105 335
105 1214
105 333
105 332
105 1216
105 19
105 1219
105 327
105 1222
105 325
105 20
105 256
105 322
105 321
105 18
105 17
105 1391
105 16
105 352
105 351
105 10
105 350
105 1390
105 348
105 12
105 13
105 1206
105 343
105 1208
105 341
105 15
105 1209
105 339
105 257
105 251
105 255
105 167
105 1301
105 103
105 104
105 1340
105 106
105 169
105 1302
105 1303
105 157
105 107
105 108
105 164
105 162
105 161
105 160
105 159
105 101
105 175
105 1299
105 177
105 191
105 1348
105 1293
105 93
105 1347
105 1345
105 1344
105 185
105 98
105 183
105 99
105 181
105 180
105 178
105 1343
105 158
105 1304
105 91
105 135
105 118
105 1318
105 1320
105 119
105 1332
105 137
105 136
105 134
105 155
105 121
105 1325
105 122
105 130
105 1330
105 1329
105 127
105 1315
105 1333
105 143
105 116
105 154
105 1305
105 109
105 1336
105 150
105 111
105 112
105 1306
105 148
105 113
105 1334
105 1308
105 1312
105 115
105 1314
105 192
105 90
105 1373
105 65
105 62
105 63
105 238
105 237
105 1272
105 235
105 64
105 1275
105 225
105 232
105 231
105 67
105 70
105 71
105 228
105 227
105 1368
105 1369
105 241
105 1270
105 1266
105 253
105 1267
105 1328
105 250
105 1372
105 1268
105 248
105 247
105 246
105 1269
105 54
105 1370
105 56
105 243
105 226
105 1276
105 1353
105 200
105 206
105 1284
105 203
105 202
105 1357
105 84
105 1285
105 1356
105 223
105 1290
105 86
105 1291
105 196
105 195
105 1354
105 194
105 207
105 1358
105 1283
105 1359
105 222
105 72
105 1365
105 75
105 218
105 1278
105 216
105 215
105 214
105 213
105 1280
105 76
105 77
105 78
105 1363
105 389
105 430
105 391
105 1000
105 716
105 986
105 987
105 988
105 709
105 708
105 989
105 706
105 705
105 704
105 703
105 702
105 990
105 1399
105 699
105 698
105 696
105 694
105 995
105 691
105 689
105 717
105 718
105 985
105 733
105 970
105 977
105 978
105 979
105 738
105 980
105 736
105 735
105 734
105 732
105 720
105 731
105 730
105 981
105 727
105 726
105 725
105 724
105 982
105 984
105 687
105 684
105 626
105 682
105 652
105 651
105 1055
105 1056
105 648
105 647
105 1060
105 644
105 643
105 642
105 641
105 1063
105 639
105 1065
105 637
105 635
105 1072
105 1073
105 632
105 631
105 630
105 654
105 1054
105 656
105 670
105 681
105 680
105 677
105 676
105 1003
105 674
105 1005
105 1006
105 1007
105 1011
105 1050
105 668
105 1033
105 1045
105 665
105 1046
105 663
105 1047
105 659
105 1049
105 969
105 745
105 967
105 747
105 881
105 882
105 829
105 883
105 884
105 888
105 893
105 824
105 894
105 895
105 900
105 901
105 819
105 818
105 817
105 816
105 902
105 814
105 813
105 812
105 903
105 832
105 833
105 834
105 871
105 860
105 861
105 855
105 862
105 863
105 864
105 866
105 868
105 869
105 872
105 835
105 873
105 877
105 842
105 878
105 840
105 879
105 880
105 837
105 836
105 810
105 904
105 808
105 948
105 774
105 940
105 771
105 770
105 768
105 767
105 944
105 945
105 947
105 949
105 776
105 960
105 758
105 757
105 963
105 755
105 752
105 750
105 965
105 748
105 775
105 777
105 906
105 916
105 907
105 805
105 804
105 802
105 801
105 914
105 915
105 795
105 793
105 791
105 778
105 790
105 789
105 787
105 785
105 920
105 921
105 922
105 932
105 779
105 1078
105 1079
105 392
105 1168
105 472
105 471
105 470
105 469
105 468
105 467
105 1161
105 465
105 464
105 463
105 462
105 461
105 460
105 459
105 458
105 457
105 1162
105 455
105 454
105 452
105 451
105 473
105 474
105 475
105 488
105 500
105 499
105 498
105 497
105 495
105 1155
105 492
105 491
105 490
105 487
105 476
105 486
105 485
105 483
105 482
105 1158
105 1160
105 479
105 478
105 477
105 1166
105 446
105 622
105 1176
105 415
105 1189
105 413
105 412
105 411
105 410
105 409
105 408
105 1190
105 1192
105 405
105 404
105 1193
105 402
105 400
105 399
105 398
105 1194
105 396
105 394
105 393
105 1187
105 418
105 419
105 1183
105 1178
105 1179
105 1180
105 440
105 439
105 438
105 1181
105 436
105 1182
105 432
105 420
105 429
105 1185
105 427
105 426
105 1186
105 424
105 423
105 422
105 421
105 501
105 502
105 1152
105 504
105 1090
105 1101
105 587
105 586
105 585
105 584
105 583
105 582
105 581
105 579
105 578
105 577
105 1102
105 575
105 1104
105 1105
105 571
105 570
105 569
105 567
105 1108
105 591
105 592
105 1089
105 608
105 621
105 619
105 617
105 616
105 1080
105 612
105 611
105 1081
105 609
105 607
105 1088
105 605
105 1083
105 1084
105 1085
105 599
105 1086
105 1087
105 596
105 595
105 564
105 563
105 561
105 1148
105 1141
105 527
105 526
105 525
105 524
105 523
105 1143
105 521
105 1146
105 516
105 530
105 515
105 514
105 1149
105 1150
105 510
105 509
105 1151
105 507
105 505
105 1140
105 532
105 558
105 1116
105 557
105 556
105 555
105 554
105 1112
105 551
105 1113
105 549
105 1114
105 545
105 533
105 544
105 1121
105 542
105 1124
105 540
105 539
105 538
105 537
105 1127
105 700
