107 640
107 725
107 909
107 883
107 12
107 220
107 724
107 29
107 836
107 720
107 497
107 870
107 658
107 1051
107 1039
107 137
107 834
107 911
107 729
107 884
107 51
107 898
107 802
107 1192
107 415
107 102
107 1360
107 345
107 722
107 202
107 833
107 878
107 811
107 100
107 184
107 221
107 1146
107 395
107 1363
107 951
107 253
107 1170
107 908
107 47
107 997
107 1012
107 1279
107 762
107 849
107 728
107 1124
107 219
107 882
107 280
107 581
107 209
107 906
107 1046
107 727
107 740
107 839
107 896
107 195
107 772
107 804
107 30
107 1293
107 1165
107 609
107 747
107 113
107 726
107 78
107 792
107 1035
107 49
107 231
107 1362
107 544
107 837
107 1160
107 128
107 273
107 453
107 212
107 294
107 1015
107 378
107 1361
107 517
107 549
107 1195
107 742
107 1397
107 805
107 251
107 925
107 891
107 955
107 245
107 246
107 1337
107 950
107 419
107 161
107 986
107 1317
107 579
107 1384
107 835
107 1062
107 159
107 429
107 466
107 198
107 743
107 1169
107 753
107 649
107 810
107 1380
107 827
107 1161
107 75
107 767
107 1225
107 462
107 932
107 339
107 1005
107 130
107 945
107 151
107 721
107 1246
107 413
107 826
107 194
107 19
107 914
107 543
107 503
107 650
107 368
107 1056
107 845
107 1080
107 590
107 36
107 862
107 588
107 143
107 186
107 793
107 1243
107 935
107 798
107 580
107 14
107 123
107 1302
107 172
107 1125
107 316
107 444
107 954
107 346
107 430
107 1133
107 171
107 1244
107 465
107 214
107 1353
107 760
107 1083
107 1054
107 745
107 746
107 873
107 535
107 1130
107 1016
107 602
107 1266
107 952
107 926
107 1320
107 207
107 1147
107 1269
107 179
107 173
107 472
107 400
107 1122
107 1042
107 829
107 964
107 216
107 95
107 576
107 723
107 289
107 614
107 99
107 865
107 256
107 758
107 985
107 928
107 984
107 1314
107 1068
107 1074
107 188
107 907
107 328
107 1104
107 129
107 593
107 1069
107 443
107 712
107 406
107 956
107 265
107 881
107 409
107 1224
107 1209
107 1021
107 572
107 912
107 755
107 1364
107 1167
107 1017
107 1168
107 248
107 496
107 222
107 654
107 781
107 806
107 85
107 367
107 737
107 830
107 1061
107 109
107 147
107 66
107 863
107 704
107 519
107 624
107 284
107 435
107 691
107 741
107 1144
107 917
107 823
107 663
107 329
107 65
107 946
107 518
107 739
107 145
107 1297
107 748
107 1328
107 1322
107 315
107 592
107 281
107 352
107 303
107 1136
107 1376
107 187
107 807
107 688
107 1053
107 1018
107 455
107 1102
107 832
107 262
107 861
107 433
107 1196
107 666
107 210
107 868
107 1089
107 31
107 869
107 840
107 1117
107 290
107 948
107 1294
107 610
107 1304
107 1135
107 283
107 799
107 456
107 860
107 1013
107 1075
107 977
107 1197
107 550
107 1310
107 317
107 1300
107 1301
107 197
107 45
107 1261
107 237
107 844
107 556
107 1120
107 330
107 612
107 1369
107 608
107 620
107 287
107 1374
107 604
107 1100
107 1188
107 215
107 887
107 856
107 1155
107 1082
107 311
107 297
107 225
107 1
107 292
107 988
107 563
107 1198
107 958
107 674
107 196
107 155
107 1033
107 1228
107 791
107 271
107 678
107 1213
107 446
107 92
107 733
107 52
107 607
107 1166
107 442
107 1199
107 1163
107 875
107 295
107 167
107 766
107 676
107 1220
107 1187
107 1316
107 858
107 1207
107 277
107 1342
107 1239
107 1045
107 11
107 1145
107 84
107 539
107 1309
107 55
107 428
107 242
107 1127
107 574
107 1182
107 1263
107 307
107 35
107 1385
107 559
107 498
107 1086
107 454
107 1176
107 254
107 1040
107 1159
107 1396
107 927
107 142
107 757
107 1393
107 1387
107 1323
107 341
107 397
107 1078
107 893
107 270
107 301
107 376
107 880
107 344
107 149
107 1383
107 1277
107 672
107 1343
107 899
107 416
107 313
107 921
107 226
107 234
107 511
107 312
107 1280
107 122
107 363
107 1092
107 808
107 696
107 121
107 1151
107 621
107 124
107 334
107 520
107 603
107 1336
107 552
107 606
107 656
107 321
107 153
107 756
107 285
107 1172
107 902
107 605
107 1341
107 34
107 1375
107 69
107 411
107 886
107 1352
107 33
107 1292
107 1242
107 365
107 670
107 144
107 894
107 629
107 651
107 575
107 959
107 1346
107 551
107 1306
107 451
107 586
107 1399
107 239
107 1351
107 1071
107 1231
107 816
107 1114
107 10
107 370
107 1108
107 879
107 46
107 1183
107 1049
107 318
107 483
107 846
107 441
107 601
107 924
107 127
107 361
107 282
107 1222
107 112
107 170
107 1118
107 820
107 1381
107 372
107 58
107 1058
107 1257
107 1028
107 930
107 817
107 867
107 132
107 961
107 90
107 374
107 662
107 464
107 522
107 553
107 396
107 1313
107 107
107 1311
107 1134
107 1372
107 1327
107 286
107 677
107 1020
107 9
107 1041
107 967
107 987
107 1229
107 139
107 241
107 1367
107 981
107 1267
107 457
107 399
107 13
107 730
107 1286
107 635
107 1356
107 516
107 178
107 168
107 150
107 738
107 979
107 1290
107 523
107 1175
107 27
107 1339
107 1319
107 452
107 889
107 213
107 432
107 1140
107 1190
107 866
107 68
107 28
107 905
107 949
107 515
107 1138
107 230
107 1214
107 825
107 1392
107 537
107 800
107 1116
107 249
107 1295
107 734
107 591
107 975
107 1202
107 1131
107 1217
107 978
107 76
107 1050
107 596
107 131
107 652
107 642
107 38
107 838
107 1370
107 1354
107 536
107 417
107 1119
107 1268
107 1315
107 427
107 529
107 244
107 1076
107 1099
107 479
107 25
107 632
107 1379
107 1007
107 1066
107 613
107 380
107 494
107 527
107 1064
107 235
107 82
107 418
107 228
107 203
107 980
107 564
107 1359
107 1321
107 351
107 1377
107 761
107 1093
107 1047
107 243
107 469
107 618
107 414
107 355
107 1278
107 675
107 357
107 401
107 1391
107 1009
107 327
107 796
107 169
107 703
107 1019
107 101
107 458
107 966
107 190
107 211
107 717
107 876
107 885
107 1289
107 794
107 41
107 633
107 554
107 714
107 993
107 657
107 356
107 484
107 199
107 185
107 135
107 501
107 74
107 445
107 965
107 1024
107 1006
107 148
107 1227
107 1378
107 1057
107 154
107 426
107 801
107 1171
107 233
107 1038
107 803
107 929
107 1388
107 685
107 1335
107 1264
107 1174
107 1338
107 140
107 857
107 1156
107 1158
107 491
107 809
107 617
107 111
107 359
107 141
107 587
107 689
107 546
107 126
107 2
107 391
107 583
107 828
107 364
107 176
107 819
107 481
107 1234
107 847
107 1121
107 319
107 1400
107 874
107 332
107 474
107 206
107 486
107 1101
107 901
107 968
107 1081
107 505
107 557
107 201
107 1008
107 60
107 425
107 1254
107 108
107 1191
107 1052
107 136
107 1113
107 628
107 347
107 1059
107 843
107 138
107 276
107 381
107 623
107 1262
107 1178
107 934
107 521
107 261
107 500
107 278
107 354
107 1186
107 305
107 18
107 660
107 57
107 973
107 1200
107 1087
107 508
107 366
107 1382
107 653
107 859
107 348
107 561
107 1065
107 538
107 1177
107 1237
107 205
107 1330
107 814
107 919
107 683
107 459
107 1097
107 118
107 16
107 916
107 1112
107 872
107 1110
107 88
107 360
107 1072
107 1265
107 573
107 1070
107 77
107 296
107 288
107 448
107 990
107 1298
107 62
107 20
107 1153
107 567
107 1204
107 571
107 1157
107 923
107 634
107 17
107 377
107 558
107 1185
107 37
107 797
107 43
107 1386
107 562
107 1025
107 421
107 152
107 589
107 97
107 625
107 1274
107 679
107 1088
107 227
107 183
107 342
107 240
107 1390
107 103
107 434
107 694
107 540
107 420
107 560
107 467
107 338
107 177
107 439
107 713
107 1324
107 645
107 266
107 974
107 504
107 599
107 1034
107 1230
107 822
107 1216
107 600
107 622
107 1098
107 644
107 115
107 229
107 191
107 53
107 257
107 1325
107 369
107 999
107 80
107 24
107 815
107 70
107 947
107 83
107 304
107 636
107 764
107 1137
107 1212
107 933
107 110
107 569
107 1205
107 790
107 548
107 1347
107 1373
107 595
107 996
107 1248
107 163
107 164
107 423
107 1218
107 156
107 189
107 42
107 1194
107 1077
107 1201
107 1189
107 1073
107 1085
107 192
107 200
107 1184
107 193
107 204
107 1079
107 1193
107 208
107 1084
107 1181
107 1180
107 1105
107 1090
107 1179
107 1139
107 264
107 232
107 1132
107 263
107 1129
107 236
107 1128
107 260
107 1126
107 1123
107 1115
107 259
107 258
107 1111
107 255
107 1103
107 247
107 1109
107 1107
107 250
107 1106
107 252
107 267
107 1141
107 1142
107 1154
107 279
107 1091
107 275
107 274
107 1173
107 1164
107 1162
107 1094
107 272
107 1095
107 217
107 1143
107 218
107 1152
107 1150
107 1149
107 1096
107 223
107 269
107 268
107 224
107 1148
107 238
107 671
107 1203
107 71
107 1333
107 50
107 1332
107 1331
107 54
107 56
107 1329
107 59
107 61
107 63
107 64
107 1326
107 67
107 1318
107 72
107 1334
107 73
107 1312
107 1308
107 1307
107 1305
107 79
107 81
107 1303
107 1299
107 86
107 87
107 89
107 1296
107 91
107 48
107 1340
107 1206
107 1371
107 1398
107 3
107 4
107 5
107 6
107 7
107 8
107 1395
107 1394
107 1389
107 15
107 21
107 22
107 23
107 26
107 1344
107 1368
107 1366
107 1365
107 1358
107 1357
107 32
107 1355
107 1350
107 1349
107 1348
107 39
107 40
107 1345
107 44
107 1291
107 93
107 94
107 1226
107 1250
107 1249
107 1247
107 1245
107 1241
107 1240
107 1238
107 1236
107 1235
107 1233
107 1232
107 157
107 158
107 160
107 162
107 1288
107 165
107 166
107 1223
107 1221
107 1219
107 1215
107 174
107 175
107 1211
107 1210
107 1208
107 180
107 181
107 182
107 1251
107 1252
107 1253
107 134
107 96
107 98
107 1287
107 1285
107 1284
107 1283
107 104
107 105
107 106
107 1282
107 1281
107 1276
107 1275
107 114
107 116
107 117
107 119
107 120
107 1273
107 1272
107 1271
107 1270
107 125
107 1260
107 1259
107 1258
107 1256
107 1255
107 133
107 146
107 336
107 291
107 770
107 785
107 786
107 547
107 787
107 545
107 788
107 789
107 542
107 541
107 795
107 812
107 534
107 533
107 532
107 531
107 784
107 783
107 782
107 568
107 577
107 771
107 773
107 774
107 775
107 570
107 566
107 780
107 565
107 776
107 777
107 778
107 779
107 555
107 530
107 813
107 528
107 493
107 499
107 851
107 852
107 853
107 495
107 854
107 492
107 502
107 855
107 490
107 489
107 488
107 487
107 485
107 850
107 848
107 526
107 841
107 525
107 524
107 818
107 821
107 824
107 831
107 842
107 506
107 514
107 513
107 512
107 510
107 509
107 507
107 578
107 769
107 293
107 768
107 647
107 646
107 643
107 641
107 695
107 639
107 638
107 637
107 697
107 698
107 699
107 631
107 630
107 701
107 627
107 648
107 693
107 692
107 681
107 669
107 668
107 667
107 665
107 664
107 680
107 661
107 690
107 659
107 682
107 684
107 655
107 686
107 687
107 626
107 702
107 705
107 752
107 598
107 597
107 749
107 594
107 750
107 751
107 754
107 736
107 759
107 763
107 585
107 584
107 765
107 582
107 744
107 735
107 706
107 710
107 619
107 707
107 708
107 616
107 615
107 709
107 711
107 732
107 611
107 715
107 716
107 718
107 719
107 731
107 864
107 482
107 871
107 480
107 1000
107 358
107 1001
107 1002
107 1003
107 353
107 1004
107 350
107 349
107 1010
107 1011
107 1014
107 343
107 1022
107 340
107 362
107 998
107 995
107 982
107 385
107 384
107 383
107 382
107 976
107 379
107 983
107 994
107 375
107 989
107 373
107 371
107 991
107 992
107 1023
107 337
107 673
107 306
107 1044
107 1048
107 310
107 309
107 308
107 1055
107 302
107 1043
107 1060
107 300
107 299
107 298
107 1063
107 1067
107 314
107 1037
107 335
107 326
107 333
107 331
107 1026
107 1027
107 1029
107 1030
107 325
107 1036
107 324
107 323
107 322
107 1031
107 320
107 1032
107 386
107 387
107 388
107 449
107 903
107 904
107 910
107 913
107 915
107 450
107 447
107 897
107 918
107 920
107 922
107 440
107 438
107 437
107 900
107 460
107 931
107 470
107 478
107 477
107 476
107 475
107 473
107 471
107 877
107 461
107 468
107 888
107 890
107 892
107 463
107 895
107 436
107 431
107 389
107 970
107 963
107 405
107 404
107 403
107 402
107 969
107 398
107 408
107 971
107 972
107 394
107 393
107 392
107 390
107 407
107 962
107 936
107 941
107 937
107 938
107 939
107 940
107 424
107 422
107 942
107 410
107 943
107 944
107 953
107 957
107 412
107 960
107 700
