108 75
108 724
108 884
108 726
108 720
108 883
108 768
108 909
108 727
108 640
108 881
108 723
108 866
108 951
108 51
108 1208
108 721
108 1170
108 1045
108 860
108 47
108 1276
108 1244
108 840
108 865
108 767
108 100
108 722
108 896
108 932
108 837
108 762
108 151
108 1130
108 12
108 92
108 867
108 834
108 835
108 1361
108 836
108 729
108 862
108 1015
108 13
108 743
108 204
108 925
108 950
108 1118
108 205
108 1117
108 882
108 1032
108 783
108 411
108 65
108 735
108 551
108 739
108 224
108 1024
108 1012
108 102
108 926
108 424
108 1363
108 1056
108 1019
108 908
108 658
108 1035
108 821
108 827
108 654
108 642
108 725
108 1171
108 1091
108 1175
108 641
108 1121
108 287
108 744
108 497
108 1177
108 1041
108 742
108 1173
108 863
108 1023
108 31
108 1017
108 1058
108 295
108 347
108 979
108 647
108 676
108 113
108 899
108 1217
108 850
108 952
108 184
108 736
108 580
108 1131
108 911
108 96
108 598
108 446
108 970
108 1172
108 395
108 1119
108 670
108 875
108 1339
108 839
108 1053
108 812
108 1294
108 173
108 1290
108 1336
108 1051
108 831
108 650
108 215
108 993
108 728
108 674
108 1016
108 781
108 1280
108 683
108 955
108 957
108 533
108 195
108 1320
108 1043
108 1164
108 435
108 1263
108 888
108 734
108 856
108 1030
108 68
108 819
108 1122
108 644
108 830
108 756
108 1196
108 209
108 907
108 294
108 740
108 19
108 874
108 886
108 833
108 782
108 1398
108 1176
108 947
108 563
108 581
108 766
108 1178
108 1191
108 293
108 1129
108 1342
108 1135
108 1264
108 63
108 1059
108 46
108 1257
108 635
108 708
108 520
108 284
108 826
108 794
108 715
108 1211
108 517
108 17
108 502
108 95
108 1195
108 8
108 1360
108 813
108 566
108 419
108 289
108 441
108 1387
108 438
108 1069
108 254
108 1022
108 1346
108 938
108 906
108 1327
108 428
108 1381
108 935
108 186
108 1256
108 1011
108 1046
108 842
108 258
108 942
108 454
108 329
108 733
108 1116
108 828
108 1120
108 30
108 592
108 198
108 590
108 1281
108 484
108 791
108 824
108 501
108 965
108 124
108 1362
108 747
108 1165
108 811
108 251
108 1025
108 934
108 983
108 1359
108 1156
108 678
108 1269
108 1202
108 524
108 171
108 45
108 1198
108 810
108 1395
108 870
108 273
108 1102
108 1209
108 1126
108 1343
108 769
108 1145
108 825
108 1081
108 220
108 817
108 1038
108 545
108 1331
108 648
108 889
108 790
108 710
108 1150
108 873
108 663
108 1192
108 1161
108 997
108 422
108 897
108 279
108 928
108 277
108 796
108 1103
108 440
108 680
108 939
108 780
108 1186
108 818
108 1137
108 1310
108 851
108 1396
108 1228
108 568
108 696
108 425
108 1055
108 1166
108 1027
108 66
108 1104
108 487
108 858
108 1379
108 1237
108 753
108 182
108 1101
108 971
108 809
108 1070
108 1020
108 1187
108 901
108 1
108 60
108 1309
108 390
108 29
108 602
108 121
108 1151
108 360
108 35
108 843
108 69
108 498
108 956
108 78
108 846
108 50
108 410
108 698
108 557
108 1298
108 627
108 1106
108 567
108 374
108 1204
108 1374
108 616
108 1340
108 486
108 621
108 679
108 196
108 1284
108 572
108 959
108 936
108 1162
108 1380
108 852
108 346
108 1018
108 311
108 1390
108 462
108 103
108 1057
108 1007
108 79
108 467
108 961
108 1188
108 443
108 929
108 202
108 859
108 891
108 40
108 974
108 504
108 288
108 1230
108 801
108 371
108 1216
108 1098
108 211
108 115
108 1182
108 1163
108 257
108 574
108 132
108 601
108 924
108 1338
108 857
108 334
108 709
108 349
108 1034
108 552
108 344
108 455
108 1127
108 458
108 732
108 628
108 564
108 282
108 304
108 636
108 686
108 1213
108 730
108 1212
108 72
108 230
108 292
108 805
108 168
108 701
108 688
108 174
108 677
108 917
108 1199
108 156
108 1092
108 1271
108 1347
108 1392
108 33
108 589
108 704
108 712
108 536
108 588
108 620
108 14
108 1144
108 165
108 927
108 272
108 673
108 576
108 792
108 1040
108 1313
108 85
108 437
108 86
108 87
108 88
108 89
108 436
108 90
108 91
108 93
108 434
108 433
108 94
108 432
108 97
108 431
108 430
108 84
108 439
108 98
108 450
108 457
108 62
108 64
108 456
108 67
108 70
108 71
108 453
108 73
108 452
108 451
108 74
108 83
108 449
108 448
108 447
108 76
108 77
108 445
108 444
108 80
108 442
108 81
108 82
108 429
108 290
108 427
108 426
108 120
108 122
108 123
108 125
108 126
108 127
108 128
108 129
108 130
108 131
108 409
108 133
108 134
108 135
108 136
108 137
108 408
108 407
108 138
108 139
108 406
108 140
108 141
108 119
108 118
108 117
108 109
108 99
108 101
108 104
108 105
108 423
108 106
108 107
108 421
108 420
108 108
108 418
108 412
108 417
108 110
108 111
108 112
108 416
108 114
108 415
108 414
108 116
108 413
108 61
108 57
108 459
108 59
108 11
108 512
108 15
108 16
108 18
108 511
108 510
108 509
108 20
108 508
108 21
108 507
108 506
108 505
108 22
108 23
108 24
108 503
108 25
108 26
108 500
108 499
108 27
108 513
108 514
108 515
108 525
108 534
108 2
108 532
108 531
108 530
108 529
108 528
108 527
108 3
108 526
108 4
108 516
108 523
108 522
108 5
108 6
108 521
108 7
108 519
108 518
108 9
108 10
108 28
108 32
108 34
108 53
108 474
108 48
108 473
108 472
108 471
108 470
108 469
108 49
108 52
108 468
108 466
108 476
108 465
108 464
108 463
108 54
108 55
108 56
108 461
108 460
108 405
108 58
108 475
108 44
108 36
108 489
108 496
108 495
108 494
108 493
108 492
108 37
108 491
108 490
108 38
108 39
108 488
108 477
108 41
108 42
108 485
108 43
108 483
108 482
108 481
108 480
108 479
108 478
108 142
108 403
108 404
108 214
108 235
108 236
108 237
108 331
108 238
108 330
108 239
108 240
108 241
108 328
108 327
108 326
108 325
108 242
108 243
108 324
108 244
108 323
108 245
108 322
108 321
108 320
108 319
108 234
108 332
108 333
108 226
108 216
108 217
108 218
108 219
108 221
108 342
108 222
108 223
108 341
108 225
108 227
108 233
108 340
108 339
108 228
108 338
108 337
108 229
108 231
108 232
108 336
108 335
108 246
108 247
108 248
108 270
108 303
108 267
108 268
108 302
108 301
108 269
108 300
108 299
108 298
108 297
108 296
108 265
108 271
108 274
108 275
108 276
108 278
108 280
108 281
108 283
108 535
108 286
108 266
108 264
108 249
108 310
108 318
108 250
108 317
108 316
108 315
108 314
108 313
108 252
108 312
108 253
108 309
108 263
108 308
108 307
108 255
108 256
108 259
108 260
108 261
108 306
108 305
108 262
108 343
108 345
108 143
108 213
108 384
108 383
108 382
108 381
108 380
108 379
108 154
108 155
108 157
108 158
108 378
108 377
108 376
108 375
108 159
108 373
108 160
108 161
108 372
108 162
108 163
108 164
108 370
108 385
108 386
108 387
108 146
108 291
108 402
108 401
108 400
108 399
108 144
108 398
108 397
108 145
108 396
108 394
108 388
108 393
108 392
108 147
108 391
108 148
108 389
108 149
108 150
108 152
108 153
108 369
108 368
108 367
108 199
108 188
108 189
108 353
108 190
108 191
108 192
108 193
108 194
108 352
108 197
108 351
108 187
108 200
108 201
108 350
108 203
108 206
108 348
108 207
108 208
108 210
108 212
108 354
108 185
108 366
108 175
108 365
108 364
108 166
108 363
108 362
108 361
108 167
108 169
108 170
108 172
108 359
108 183
108 358
108 176
108 177
108 178
108 357
108 179
108 356
108 355
108 180
108 181
108 285
108 1400
108 537
108 1128
108 1149
108 1148
108 1147
108 1146
108 1143
108 1142
108 1141
108 1140
108 1139
108 1138
108 1136
108 1134
108 1133
108 1132
108 1125
108 1096
108 1124
108 1123
108 1115
108 1114
108 1113
108 1112
108 1111
108 1110
108 1109
108 1108
108 1107
108 1105
108 1100
108 1099
108 1152
108 1153
108 1154
108 1155
108 1218
108 1215
108 1214
108 1210
108 1207
108 1206
108 1205
108 1203
108 1201
108 1200
108 1197
108 1194
108 1193
108 1190
108 1189
108 1185
108 1184
108 1183
108 1181
108 1180
108 1179
108 1174
108 1169
108 1168
108 1167
108 1160
108 1159
108 1158
108 1157
108 1097
108 1095
108 1220
108 1013
108 1048
108 1047
108 1044
108 1042
108 1039
108 1037
108 1036
108 1033
108 1031
108 1029
108 1028
108 1026
108 1021
108 1014
108 1010
108 1094
108 1009
108 1008
108 1006
108 1005
108 1004
108 1003
108 1002
108 1001
108 1000
108 999
108 998
108 996
108 995
108 994
108 1049
108 1050
108 1052
108 1054
108 1093
108 1090
108 1089
108 1088
108 1087
108 1086
108 1085
108 1084
108 1083
108 1082
108 1080
108 1079
108 1078
108 1077
108 1076
108 1075
108 1074
108 1073
108 1072
108 1071
108 1068
108 1067
108 1066
108 1065
108 1064
108 1063
108 1062
108 1061
108 1060
108 1219
108 1221
108 538
108 1326
108 1350
108 1349
108 1348
108 1345
108 1344
108 1341
108 1337
108 1335
108 1334
108 1333
108 1332
108 1330
108 1329
108 1328
108 1325
108 1305
108 1324
108 1323
108 1322
108 1321
108 1319
108 1318
108 1317
108 1316
108 1315
108 1314
108 1312
108 1311
108 1308
108 1307
108 1351
108 1352
108 1353
108 1354
108 1397
108 1394
108 1393
108 1391
108 1389
108 1388
108 1386
108 1385
108 1384
108 1383
108 1382
108 1378
108 1377
108 1376
108 1375
108 1373
108 1372
108 1371
108 1370
108 1369
108 1368
108 1367
108 1366
108 1365
108 1364
108 1358
108 1357
108 1356
108 1355
108 1306
108 1304
108 1222
108 1241
108 1258
108 1255
108 1254
108 1253
108 1252
108 1251
108 1250
108 1249
108 1248
108 1247
108 1246
108 1245
108 1243
108 1242
108 1240
108 1303
108 1239
108 1238
108 1236
108 1235
108 1234
108 1233
108 1232
108 1231
108 1229
108 1227
108 1226
108 1225
108 1224
108 1223
108 1259
108 1260
108 1261
108 1262
108 1302
108 1301
108 1300
108 1299
108 1297
108 1296
108 1295
108 1293
108 1292
108 1291
108 1289
108 1288
108 1287
108 1286
108 1285
108 1283
108 1282
108 1279
108 1278
108 1277
108 1275
108 1274
108 1273
108 1272
108 1270
108 1268
108 1267
108 1266
108 1265
108 992
108 991
108 990
108 657
108 681
108 675
108 672
108 671
108 669
108 668
108 667
108 666
108 665
108 664
108 662
108 661
108 660
108 659
108 656
108 630
108 655
108 653
108 652
108 651
108 649
108 646
108 645
108 643
108 639
108 638
108 637
108 634
108 633
108 632
108 682
108 684
108 685
108 687
108 748
108 746
108 745
108 741
108 738
108 737
108 731
108 719
108 718
108 717
108 716
108 714
108 713
108 711
108 707
108 706
108 705
108 703
108 702
108 1399
108 699
108 697
108 695
108 694
108 693
108 692
108 691
108 690
108 689
108 631
108 629
108 989
108 558
108 582
108 579
108 578
108 577
108 575
108 573
108 571
108 570
108 569
108 565
108 562
108 561
108 560
108 559
108 556
108 626
108 555
108 554
108 553
108 550
108 549
108 548
108 547
108 546
108 544
108 543
108 542
108 541
108 540
108 539
108 583
108 584
108 585
108 586
108 625
108 624
108 623
108 622
108 619
108 618
108 617
108 615
108 614
108 613
108 612
108 611
108 610
108 609
108 608
108 607
108 606
108 605
108 604
108 603
108 600
108 599
108 597
108 596
108 595
108 594
108 593
108 591
108 587
108 749
108 750
108 751
108 912
108 937
108 933
108 931
108 930
108 923
108 922
108 921
108 920
108 919
108 918
108 916
108 915
108 914
108 913
108 910
108 752
108 905
108 904
108 903
108 902
108 900
108 898
108 895
108 894
108 893
108 892
108 890
108 887
108 885
108 880
108 940
108 941
108 943
108 944
108 988
108 987
108 986
108 985
108 984
108 982
108 981
108 980
108 978
108 977
108 976
108 975
108 973
108 972
108 969
108 968
108 967
108 966
108 964
108 963
108 962
108 960
108 958
108 954
108 953
108 949
108 948
108 946
108 945
108 879
108 878
108 877
108 799
108 797
108 795
108 793
108 789
108 788
108 787
108 786
108 785
108 784
108 779
108 778
108 777
108 776
108 775
108 774
108 773
108 772
108 771
108 770
108 765
108 764
108 763
108 761
108 760
108 759
108 758
108 757
108 755
108 754
108 798
108 800
108 876
108 802
108 872
108 871
108 869
108 868
108 864
108 861
108 855
108 854
108 853
108 849
108 848
108 847
108 845
108 844
108 841
108 838
108 832
108 829
108 823
108 822
108 820
108 816
108 815
108 814
108 808
108 807
108 806
108 804
108 803
108 700
