109 391
109 1008
109 31
109 627
109 5
109 859
109 658
109 864
109 51
109 711
109 390
109 857
109 856
109 948
109 728
109 858
109 894
109 766
109 509
109 434
109 709
109 729
109 66
109 285
109 911
109 982
109 606
109 1392
109 726
109 886
109 877
109 1127
109 727
109 1387
109 860
109 29
109 899
109 707
109 981
109 120
109 978
109 142
109 13
109 585
109 715
109 720
109 486
109 137
109 546
109 938
109 1178
109 1279
109 75
109 1335
109 587
109 1400
109 1104
109 158
109 933
109 725
109 1073
109 689
109 1133
109 398
109 861
109 1328
109 749
109 95
109 44
109 14
109 1379
109 419
109 399
109 662
109 717
109 36
109 635
109 1305
109 815
109 533
109 1361
109 303
109 378
109 485
109 1132
109 91
109 1066
109 564
109 1259
109 1348
109 1345
109 554
109 77
109 1042
109 102
109 566
109 559
109 145
109 342
109 274
109 963
109 1207
109 1336
109 875
109 983
109 12
109 944
109 524
109 1060
109 287
109 21
109 872
109 481
109 1395
109 1056
109 395
109 753
109 671
109 555
109 959
109 98
109 350
109 735
109 1272
109 269
109 343
109 873
109 1197
109 1138
109 295
109 181
109 438
109 15
109 623
109 1022
109 789
109 347
109 163
109 406
109 1192
109 891
109 500
109 584
109 1393
109 1161
109 1281
109 1213
109 135
109 164
109 260
109 283
109 407
109 85
109 1380
109 1399
109 329
109 1107
109 1333
109 185
109 746
109 1125
109 666
109 760
109 644
109 1294
109 6
109 837
109 1130
109 348
109 1097
109 539
109 441
109 838
109 251
109 542
109 144
109 55
109 1258
109 999
109 415
109 1037
109 387
109 868
109 45
109 661
109 670
109 1112
109 435
109 748
109 81
109 571
109 154
109 550
109 784
109 708
109 655
109 633
109 884
109 414
109 759
109 396
109 567
109 925
109 1366
109 863
109 436
109 634
109 1099
109 386
109 813
109 433
109 46
109 632
109 1098
109 1145
109 240
109 846
109 1332
109 668
109 651
109 1058
109 203
109 1307
109 202
109 119
109 52
109 476
109 1185
109 453
109 37
109 297
109 714
109 783
109 1334
109 294
109 980
109 887
109 1268
109 497
109 957
109 579
109 754
109 1039
109 1394
109 688
109 49
109 582
109 159
109 650
109 1200
109 1398
109 204
109 353
109 1031
109 962
109 1159
109 1115
109 101
109 812
109 339
109 319
109 1137
109 354
109 1226
109 172
109 952
109 1282
109 123
109 638
109 1263
109 90
109 23
109 522
109 1055
109 553
109 598
109 586
109 596
109 924
109 1002
109 1147
109 719
109 1320
109 686
109 1344
109 592
109 914
109 1314
109 801
109 61
109 1177
109 892
109 33
109 865
109 1386
109 306
109 743
109 1191
109 332
109 337
109 836
109 367
109 1264
109 1339
109 603
109 328
109 1068
109 357
109 1096
109 43
109 781
109 723
109 432
109 50
109 1352
109 62
109 1106
109 73
109 544
109 356
109 628
109 302
109 325
109 896
109 1004
109 1100
109 11
109 640
109 1043
109 1363
109 284
109 560
109 1244
109 1040
109 1331
109 1217
109 716
109 209
109 780
109 1355
109 1140
109 625
109 734
109 1247
109 141
109 193
109 24
109 798
109 1236
109 530
109 1204
109 333
109 939
109 454
109 828
109 912
109 1346
109 1219
109 1164
109 1222
109 1342
109 1005
109 572
109 452
109 493
109 695
109 267
109 608
109 869
109 756
109 74
109 352
109 1250
109 997
109 570
109 685
109 1283
109 437
109 360
109 810
109 549
109 82
109 1347
109 767
109 712
109 1
109 71
109 1291
109 1158
109 718
109 822
109 779
109 565
109 1325
109 1340
109 272
109 552
109 1322
109 225
109 698
109 966
109 1122
109 229
109 379
109 1206
109 845
109 1162
109 383
109 620
109 1019
109 518
109 820
109 972
109 499
109 1381
109 968
109 22
109 814
109 270
109 919
109 667
109 307
109 629
109 1089
109 68
109 690
109 464
109 888
109 547
109 1027
109 1215
109 1183
109 1163
109 237
109 442
109 1300
109 604
109 32
109 1101
109 1061
109 1156
109 1274
109 1391
109 1354
109 1134
109 1319
109 827
109 132
109 902
109 30
109 794
109 268
109 979
109 305
109 599
109 463
109 773
109 28
109 1289
109 169
109 1077
109 263
109 1003
109 364
109 1064
109 1362
109 621
109 489
109 1343
109 1143
109 205
109 289
109 421
109 1241
109 94
109 876
109 1246
109 84
109 1195
109 1315
109 580
109 366
109 870
109 310
109 277
109 1149
109 338
109 216
109 88
109 296
109 538
109 1295
109 624
109 975
109 917
109 645
109 20
109 974
109 128
109 314
109 947
109 129
109 262
109 1271
109 369
109 166
109 704
109 721
109 536
109 54
109 1209
109 349
109 344
109 1198
109 375
109 1179
109 304
109 72
109 575
109 646
109 927
109 131
109 466
109 168
109 160
109 792
109 1375
109 110
109 244
109 1072
109 89
109 576
109 1313
109 1277
109 318
109 312
109 1296
109 317
109 1276
109 336
109 1297
109 340
109 309
109 313
109 1298
109 341
109 1275
109 316
109 286
109 282
109 281
109 280
109 279
109 315
109 345
109 278
109 346
109 334
109 1287
109 321
109 1288
109 324
109 1286
109 1290
109 326
109 301
109 300
109 323
109 299
109 327
109 298
109 1285
109 322
109 320
109 335
109 1292
109 1284
109 330
109 331
109 293
109 1280
109 292
109 291
109 290
109 1278
109 308
109 288
109 311
109 1293
109 1014
109 1273
109 427
109 1233
109 1234
109 1235
109 1237
109 1238
109 1239
109 1240
109 431
109 430
109 429
109 428
109 426
109 411
109 425
109 424
109 423
109 422
109 420
109 418
109 417
109 416
109 1242
109 1243
109 413
109 439
109 440
109 1232
109 443
109 469
109 468
109 467
109 465
109 462
109 461
109 460
109 459
109 458
109 457
109 456
109 455
109 1229
109 1230
109 1231
109 451
109 450
109 449
109 448
109 447
109 446
109 445
109 444
109 412
109 410
109 1270
109 363
109 1257
109 377
109 276
109 374
109 373
109 372
109 371
109 370
109 368
109 1260
109 365
109 362
109 409
109 361
109 1261
109 359
109 358
109 1262
109 1265
109 355
109 1266
109 1267
109 1269
109 351
109 380
109 381
109 382
109 384
109 408
109 1245
109 405
109 404
109 403
109 402
109 401
109 400
109 1248
109 1249
109 397
109 1251
109 1252
109 394
109 393
109 392
109 1253
109 1254
109 389
109 388
109 1255
109 1256
109 385
109 376
109 239
109 275
109 105
109 103
109 1338
109 100
109 99
109 1341
109 97
109 96
109 93
109 92
109 1349
109 1350
109 87
109 86
109 1351
109 83
109 1353
109 80
109 79
109 78
109 1356
109 76
109 1357
109 1358
109 1359
109 70
109 104
109 106
109 139
109 107
109 1326
109 136
109 1327
109 134
109 133
109 130
109 127
109 126
109 125
109 124
109 1329
109 122
109 121
109 1330
109 1337
109 118
109 117
109 116
109 115
109 114
109 113
109 112
109 111
109 109
109 108
109 69
109 67
109 1360
109 65
109 1377
109 1378
109 27
109 26
109 25
109 1382
109 1383
109 1384
109 19
109 18
109 17
109 16
109 1385
109 1388
109 1389
109 1390
109 10
109 9
109 8
109 7
109 1396
109 1397
109 4
109 3
109 2
109 34
109 35
109 1376
109 1368
109 64
109 63
109 1364
109 60
109 59
109 58
109 57
109 56
109 1365
109 53
109 1367
109 1369
109 38
109 1370
109 48
109 47
109 1371
109 1372
109 1373
109 1374
109 42
109 41
109 40
109 39
109 138
109 140
109 1299
109 471
109 236
109 235
109 234
109 233
109 232
109 231
109 230
109 228
109 227
109 226
109 224
109 223
109 222
109 221
109 220
109 219
109 218
109 217
109 215
109 214
109 213
109 212
109 211
109 210
109 1306
109 238
109 1304
109 1324
109 241
109 273
109 271
109 1301
109 266
109 265
109 264
109 261
109 1302
109 259
109 258
109 257
109 256
109 255
109 254
109 253
109 252
109 1303
109 250
109 249
109 248
109 247
109 246
109 245
109 243
109 242
109 208
109 207
109 206
109 1308
109 174
109 173
109 171
109 170
109 167
109 165
109 1316
109 1317
109 162
109 161
109 1318
109 157
109 156
109 155
109 1321
109 153
109 152
109 151
109 150
109 149
109 148
109 147
109 146
109 1323
109 143
109 175
109 176
109 177
109 192
109 1309
109 1310
109 201
109 200
109 199
109 198
109 197
109 196
109 195
109 194
109 1311
109 191
109 178
109 190
109 189
109 188
109 187
109 186
109 1312
109 184
109 183
109 182
109 180
109 179
109 470
109 507
109 472
109 831
109 843
109 842
109 841
109 840
109 839
109 1079
109 1080
109 1081
109 835
109 834
109 833
109 832
109 830
109 1085
109 829
109 1082
109 826
109 825
109 824
109 823
109 821
109 819
109 818
109 817
109 816
109 1083
109 844
109 1078
109 847
109 848
109 879
109 878
109 1059
109 874
109 1062
109 1063
109 871
109 1065
109 867
109 866
109 1067
109 1069
109 1070
109 862
109 1071
109 1074
109 1075
109 1076
109 855
109 854
109 853
109 852
109 851
109 850
109 849
109 1084
109 811
109 881
109 763
109 776
109 775
109 774
109 772
109 771
109 770
109 769
109 768
109 1094
109 1095
109 765
109 764
109 762
109 1086
109 761
109 1102
109 758
109 757
109 1103
109 755
109 1105
109 1108
109 752
109 751
109 750
109 1109
109 777
109 778
109 1093
109 1092
109 809
109 808
109 807
109 806
109 805
109 804
109 803
109 802
109 1087
109 800
109 799
109 1088
109 797
109 796
109 795
109 793
109 791
109 790
109 788
109 787
109 786
109 785
109 1090
109 1091
109 782
109 880
109 882
109 473
109 1028
109 1024
109 1025
109 1026
109 977
109 976
109 973
109 971
109 970
109 969
109 967
109 965
109 964
109 961
109 946
109 960
109 1029
109 958
109 1030
109 956
109 955
109 954
109 953
109 1032
109 951
109 950
109 949
109 1023
109 1021
109 984
109 985
109 1012
109 1011
109 1010
109 1009
109 1015
109 1007
109 1006
109 1016
109 1017
109 1018
109 1001
109 1000
109 998
109 1020
109 996
109 995
109 994
109 993
109 992
109 991
109 990
109 989
109 988
109 987
109 986
109 1033
109 945
109 883
109 898
109 1047
109 910
109 909
109 908
109 907
109 906
109 905
109 904
109 903
109 901
109 900
109 1048
109 897
109 1034
109 1049
109 895
109 1050
109 893
109 1051
109 1052
109 890
109 889
109 1053
109 1054
109 885
109 1057
109 1046
109 913
109 1045
109 915
109 943
109 942
109 941
109 940
109 1035
109 1036
109 937
109 936
109 935
109 934
109 1038
109 932
109 931
109 930
109 929
109 928
109 926
109 1041
109 1044
109 923
109 922
109 921
109 920
109 918
109 916
109 1110
109 747
109 1111
109 556
109 1190
109 1193
109 569
109 568
109 1194
109 1196
109 563
109 562
109 561
109 1199
109 558
109 557
109 1201
109 535
109 1202
109 1203
109 551
109 1205
109 548
109 1208
109 545
109 543
109 1210
109 541
109 540
109 1211
109 1189
109 573
109 574
109 577
109 607
109 1175
109 605
109 1176
109 602
109 601
109 600
109 597
109 1180
109 595
109 594
109 593
109 1181
109 591
109 590
109 589
109 588
109 1182
109 1184
109 1186
109 583
109 1187
109 581
109 1188
109 578
109 537
109 534
109 745
109 487
109 501
109 1220
109 498
109 1221
109 496
109 495
109 494
109 1223
109 492
109 491
109 490
109 488
109 1224
109 1212
109 1225
109 484
109 483
109 482
109 1227
109 480
109 479
109 478
109 477
109 1228
109 475
109 474
109 502
109 503
109 504
109 505
109 532
109 531
109 1214
109 529
109 528
109 527
109 526
109 525
109 523
109 1216
109 521
109 520
109 519
109 517
109 516
109 515
109 514
109 513
109 512
109 511
109 510
109 1218
109 508
109 1013
109 506
109 1174
109 609
109 610
109 697
109 1135
109 710
109 1136
109 1139
109 1141
109 706
109 705
109 703
109 702
109 701
109 1142
109 699
109 696
109 611
109 694
109 693
109 692
109 691
109 1144
109 1146
109 687
109 1148
109 684
109 683
109 682
109 681
109 713
109 1131
109 1129
109 1128
109 744
109 1113
109 742
109 741
109 740
109 739
109 738
109 737
109 736
109 1114
109 1116
109 733
109 732
109 731
109 730
109 1117
109 1118
109 1119
109 1120
109 1121
109 724
109 722
109 1123
109 1124
109 1126
109 680
109 679
109 678
109 643
109 641
109 639
109 1165
109 637
109 636
109 1166
109 1167
109 1168
109 1169
109 631
109 630
109 1170
109 1171
109 626
109 1172
109 1173
109 622
109 619
109 618
109 617
109 616
109 615
109 614
109 613
109 612
109 642
109 647
109 677
109 648
109 676
109 675
109 674
109 673
109 672
109 1150
109 1151
109 669
109 1152
109 1153
109 665
109 664
109 663
109 1154
109 1155
109 660
109 659
109 657
109 656
109 1157
109 654
109 653
109 652
109 1160
109 649
109 700
