11 495
11 654
11 556
11 1327
11 472
11 1186
11 28
11 72
11 305
11 570
11 738
11 273
11 540
11 1389
11 572
11 25
11 304
11 27
11 93
11 1356
11 557
11 1157
11 370
11 1280
11 745
11 110
11 192
11 1314
11 160
11 1310
11 180
11 1375
11 20
11 1248
11 107
11 1238
11 777
11 491
11 190
11 320
11 508
11 843
11 147
11 301
11 473
11 264
11 349
11 667
11 421
11 35
11 939
11 1319
11 593
11 1274
11 467
11 1156
11 494
11 665
11 263
11 641
11 308
11 1108
11 262
11 177
11 321
11 242
11 1206
11 1392
11 1252
11 201
11 567
11 334
11 941
11 889
11 300
11 1322
11 479
11 1393
11 402
11 1200
11 341
11 232
11 1181
11 2
11 629
11 981
11 184
11 335
11 831
11 1307
11 551
11 517
11 525
11 1253
11 4
11 6
11 639
11 1390
11 1246
11 360
11 1149
11 814
11 1311
11 322
11 444
11 1148
11 327
11 456
11 422
11 1231
11 132
11 1056
11 1370
11 527
11 279
11 1269
11 317
11 1242
11 404
11 648
11 144
11 625
11 1147
11 410
11 1106
11 609
11 1258
11 724
11 62
11 934
11 1037
11 977
11 359
11 188
11 537
11 104
11 435
11 965
11 284
11 209
11 1198
11 802
11 1218
11 157
11 11
11 590
11 498
11 734
11 292
11 571
11 179
11 903
11 368
11 1208
11 149
11 1312
11 411
11 912
11 155
11 940
11 662
11 64
11 1235
11 309
11 1263
11 351
11 966
11 1072
11 1138
11 1083
11 506
11 73
11 663
11 319
11 731
11 458
11 656
11 1185
11 853
11 65
11 1179
11 591
11 1361
11 1266
11 1394
11 1313
11 143
11 122
11 1245
11 1293
11 1029
11 445
11 13
11 1073
11 1192
11 424
11 329
11 1135
11 535
11 425
11 1387
11 855
11 771
11 561
11 666
11 733
11 350
11 1035
11 36
11 5
11 688
11 1276
11 577
11 700
11 328
11 486
11 606
11 276
11 730
11 1309
11 117
11 1043
11 1000
11 1303
11 682
11 835
11 568
11 627
11 1336
11 736
11 746
11 496
11 98
11 369
11 307
11 828
11 1059
11 644
11 216
11 34
11 1321
11 499
11 285
11 475
11 914
11 459
11 1182
11 1202
11 634
11 670
11 296
11 1379
11 575
11 504
11 158
11 260
11 1107
11 1346
11 990
11 39
11 1219
11 1055
11 252
11 786
11 256
11 1100
11 612
11 258
11 49
11 757
11 518
11 164
11 336
11 947
11 726
11 1061
11 97
11 719
11 1065
11 266
11 281
11 741
11 909
11 1197
11 1236
11 1229
11 1129
11 169
11 657
11 58
11 186
11 111
11 323
11 1214
11 1077
11 611
11 677
11 1382
11 836
11 1087
11 476
11 51
11 221
11 124
11 650
11 23
11 826
11 1224
11 57
11 985
11 379
11 191
11 306
11 963
11 115
11 1265
11 1376
11 1007
11 366
11 1124
11 423
11 645
11 230
11 44
11 339
11 957
11 477
11 167
11 112
11 90
11 837
11 365
11 565
11 929
11 1110
11 1337
11 330
11 1377
11 944
11 1228
11 1002
11 483
11 403
11 482
11 987
11 1137
11 581
11 156
11 896
11 380
11 1190
11 56
11 926
11 375
11 453
11 439
11 1300
11 1047
11 449
11 804
11 446
11 417
11 372
11 1006
11 608
11 543
11 159
11 1285
11 552
11 291
11 1294
11 1233
11 178
11 732
11 1220
11 810
11 998
11 887
11 94
11 1316
11 1210
11 342
11 928
11 1207
11 1391
11 428
11 170
11 371
11 362
11 84
11 583
11 87
11 585
11 500
11 840
11 784
11 980
11 373
11 68
11 1089
11 205
11 118
11 15
11 389
11 586
11 515
11 1201
11 1260
11 636
11 81
11 1085
11 415
11 331
11 12
11 569
11 207
11 1152
11 293
11 689
11 381
11 921
11 607
11 1078
11 268
11 917
11 1194
11 787
11 246
11 397
11 391
11 526
11 754
11 71
11 704
11 248
11 833
11 946
11 287
11 976
11 660
11 1383
11 478
11 1005
11 497
11 142
11 1081
11 235
11 901
11 267
11 1074
11 1041
11 412
11 1330
11 187
11 640
11 1042
11 1191
11 937
11 114
11 255
11 229
11 315
11 748
11 332
11 280
11 310
11 181
11 1193
11 576
11 1320
11 108
11 721
11 507
11 1053
11 869
11 395
11 1368
11 1189
11 1323
11 1352
11 1114
11 1304
11 649
11 907
11 728
11 401
11 845
11 1009
11 492
11 1251
11 798
11 171
11 852
11 630
11 1273
11 1364
11 758
11 460
11 214
11 807
11 313
11 226
11 1184
11 297
11 1317
11 461
11 489
11 1076
11 750
11 1239
11 91
11 1012
11 672
11 442
11 1119
11 829
11 145
11 658
11 621
11 702
11 1079
11 765
11 1281
11 231
11 1040
11 294
11 1257
11 1343
11 233
11 153
11 664
11 972
11 582
11 131
11 1283
11 253
11 706
11 1244
11 812
11 1225
11 1136
11 989
11 823
11 668
11 1109
11 175
11 573
11 1054
11 1297
11 283
11 161
11 406
11 356
11 1278
11 1240
11 930
11 1151
11 1221
11 345
11 172
11 988
11 589
11 792
11 454
11 1105
11 1399
11 694
11 218
11 978
11 913
11 78
11 562
11 14
11 669
11 1267
11 1063
11 429
11 60
11 92
11 470
11 999
11 622
11 1052
11 289
11 800
11 1288
11 871
11 54
11 739
11 206
11 974
11 559
11 1086
11 1175
11 854
11 390
11 394
11 82
11 457
11 769
11 392
11 920
11 1203
11 396
11 1050
11 962
11 908
11 1367
11 1070
11 578
11 635
11 805
11 481
11 542
11 1315
11 325
11 433
11 533
11 1232
11 243
11 951
11 1374
11 140
11 616
11 550
11 857
11 465
11 16
11 1187
11 587
11 1013
11 1044
11 992
11 1031
11 1205
11 692
11 761
11 1030
11 344
11 936
11 997
11 364
11 849
11 398
11 1259
11 588
11 516
11 613
11 193
11 1016
11 1161
11 770
11 1103
11 1164
11 385
11 199
11 861
11 982
11 701
11 579
11 9
11 1243
11 1039
11 1123
11 1155
11 955
11 1160
11 872
11 1255
11 806
11 448
11 1173
11 547
11 265
11 574
11 33
11 441
11 274
11 19
11 638
11 1084
11 1365
11 880
11 26
11 1241
11 1366
11 553
11 1098
11 659
11 1101
11 1396
11 530
11 595
11 864
11 1068
11 352
11 503
11 1271
11 119
11 1014
11 469
11 455
11 996
11 101
11 318
11 1318
11 1112
11 1217
11 684
11 827
11 832
11 393
11 776
11 661
11 1333
11 759
11 302
11 532
11 1088
11 1373
11 950
11 712
11 803
11 674
11 384
11 775
11 760
11 1295
11 938
11 698
11 788
11 509
11 1023
11 1270
11 899
11 99
11 778
11 626
11 523
11 227
11 185
11 47
11 717
11 45
11 892
11 1398
11 1082
11 204
11 538
11 1292
11 1026
11 1324
11 983
11 89
11 1017
11 916
11 766
11 705
11 514
11 735
11 1279
11 848
11 1335
11 1172
11 1199
11 793
11 886
11 842
11 408
11 1298
11 493
11 881
11 451
11 1209
11 130
11 1180
11 437
11 652
11 1153
11 753
11 519
11 1378
11 409
11 1046
11 949
11 1008
11 563
11 904
11 850
11 863
11 237
11 1080
11 400
11 1067
11 347
11 1150
11 46
11 584
11 763
11 1010
11 38
11 1369
11 480
11 1128
11 1347
11 163
11 623
11 1234
11 695
11 764
11 885
11 722
11 844
11 1213
11 355
11 1028
11 123
11 1397
11 343
11 703
11 311
11 822
11 785
11 1134
11 228
11 1032
11 560
11 737
11 361
11 720
11 1380
11 1230
11 752
11 818
11 1247
11 933
11 1058
11 96
11 386
11 1301
11 75
11 354
11 1291
11 1019
11 1126
11 1329
11 1381
11 945
11 922
11 693
11 897
11 683
11 466
11 1195
11 22
11 1036
11 24
11 219
11 993
11 1183
11 1
11 173
11 168
11 67
11 604
11 617
11 1223
11 1104
11 1362
11 895
11 794
11 299
11 1212
11 1342
11 715
11 61
11 374
11 1127
11 452
11 811
11 851
11 952
11 529
11 1384
11 474
11 1254
11 554
11 767
11 870
11 462
11 1345
11 121
11 536
11 1121
11 1003
11 245
11 210
11 278
11 447
11 723
11 414
11 220
11 86
11 85
11 52
11 890
11 198
11 620
11 653
11 605
11 679
11 388
11 208
11 134
11 116
11 740
11 643
11 259
11 443
11 1302
11 1385
11 77
11 133
11 247
11 919
11 756
11 1325
11 103
11 601
11 1169
11 961
11 1222
11 891
11 83
11 197
11 599
11 801
11 128
11 699
11 1051
11 1349
11 707
11 1338
11 830
11 1122
11 363
11 1154
11 257
11 824
11 32
11 628
11 212
11 432
11 782
11 146
11 1289
11 1168
11 710
11 1328
11 59
11 646
11 1034
11 727
11 894
11 174
11 151
11 541
11 1261
11 1167
11 1095
11 80
11 1351
11 1066
11 548
11 1277
11 1296
11 986
11 927
11 166
11 1045
11 165
11 202
11 1025
11 1033
11 1131
11 1038
11 1132
11 162
11 1130
11 1027
11 1048
11 1024
11 1133
11 1022
11 200
11 150
11 238
11 152
11 1145
11 154
11 1144
11 1143
11 1091
11 1142
11 236
11 1141
11 1140
11 1125
11 234
11 1139
11 1049
11 194
11 225
11 211
11 1111
11 1064
11 213
11 195
11 1102
11 1099
11 1097
11 189
11 224
11 1096
11 203
11 1069
11 1071
11 1075
11 1090
11 1094
11 183
11 215
11 182
11 1113
11 223
11 222
11 1093
11 196
11 1057
11 1120
11 1092
11 1118
11 1117
11 1060
11 1116
11 217
11 1115
11 1062
11 1146
11 176
11 539
11 148
11 50
11 37
11 1340
11 1339
11 40
11 41
11 42
11 43
11 1334
11 1332
11 1331
11 48
11 1326
11 1286
11 53
11 55
11 1308
11 1306
11 1305
11 1299
11 63
11 1290
11 66
11 69
11 70
11 1341
11 1344
11 31
11 30
11 1395
11 3
11 1388
11 1386
11 7
11 8
11 10
11 1372
11 1371
11 1363
11 1360
11 1359
11 17
11 18
11 1358
11 1357
11 21
11 1355
11 1354
11 1353
11 1350
11 1348
11 29
11 1287
11 1284
11 1158
11 127
11 1188
11 1178
11 240
11 1177
11 1176
11 1174
11 120
11 1171
11 1170
11 125
11 126
11 129
11 74
11 1166
11 135
11 136
11 137
11 138
11 139
11 1165
11 141
11 1163
11 1162
11 1159
11 113
11 1196
11 1204
11 1211
11 1282
11 76
11 79
11 1275
11 1272
11 1268
11 1264
11 88
11 1262
11 1256
11 1250
11 1249
11 95
11 1237
11 1227
11 1226
11 100
11 102
11 1216
11 105
11 106
11 1215
11 109
11 239
11 270
11 241
11 714
11 729
11 426
11 427
11 725
11 430
11 431
11 434
11 718
11 436
11 716
11 438
11 440
11 713
11 743
11 711
11 709
11 708
11 450
11 697
11 696
11 691
11 690
11 687
11 686
11 685
11 681
11 742
11 744
11 463
11 773
11 797
11 796
11 795
11 791
11 790
11 789
11 783
11 781
11 399
11 780
11 779
11 774
11 772
11 420
11 405
11 768
11 407
11 762
11 755
11 751
11 413
11 749
11 416
11 747
11 418
11 419
11 680
11 464
11 799
11 520
11 600
11 598
11 510
11 511
11 512
11 513
11 597
11 596
11 594
11 592
11 580
11 566
11 521
11 602
11 522
11 564
11 524
11 558
11 555
11 528
11 549
11 531
11 546
11 534
11 545
11 544
11 505
11 603
11 678
11 632
11 676
11 468
11 675
11 673
11 471
11 671
11 655
11 651
11 647
11 642
11 637
11 633
11 484
11 502
11 485
11 631
11 487
11 488
11 490
11 624
11 619
11 618
11 615
11 614
11 610
11 501
11 387
11 808
11 1021
11 295
11 282
11 960
11 959
11 958
11 286
11 956
11 288
11 954
11 290
11 953
11 948
11 943
11 942
11 967
11 935
11 298
11 932
11 931
11 303
11 925
11 924
11 923
11 918
11 915
11 911
11 910
11 964
11 277
11 906
11 994
11 1020
11 244
11 1018
11 1015
11 249
11 250
11 251
11 1011
11 1004
11 254
11 1001
11 995
11 261
11 968
11 991
11 984
11 979
11 975
11 973
11 971
11 269
11 271
11 272
11 970
11 969
11 275
11 312
11 314
11 383
11 825
11 859
11 858
11 353
11 856
11 847
11 357
11 358
11 846
11 841
11 839
11 838
11 834
11 367
11 862
11 821
11 820
11 819
11 817
11 816
11 815
11 376
11 377
11 378
11 813
11 809
11 382
11 860
11 348
11 905
11 878
11 316
11 902
11 900
11 898
11 893
11 324
11 326
11 888
11 884
11 883
11 882
11 879
11 333
11 865
11 877
11 876
11 875
11 337
11 338
11 874
11 340
11 873
11 868
11 867
11 866
11 346
11 1400
