111 894
111 1008
111 857
111 856
111 1131
111 390
111 627
111 864
111 392
111 766
111 391
111 948
111 858
111 658
111 1111
111 859
111 285
111 686
111 1392
111 874
111 728
111 15
111 593
111 1400
111 634
111 749
111 878
111 1172
111 822
111 736
111 202
111 1387
111 880
111 899
111 1341
111 914
111 442
111 889
111 444
111 843
111 729
111 31
111 1058
111 362
111 876
111 1272
111 1026
111 1338
111 928
111 685
111 711
111 1145
111 890
111 879
111 1060
111 26
111 1127
111 739
111 425
111 434
111 14
111 727
111 735
111 380
111 753
111 781
111 911
111 1133
111 747
111 933
111 1339
111 412
111 1031
111 29
111 1056
111 1290
111 1049
111 201
111 320
111 1396
111 1399
111 1042
111 462
111 1054
111 643
111 655
111 725
111 1337
111 862
111 831
111 828
111 924
111 709
111 311
111 1227
111 52
111 826
111 1251
111 586
111 733
111 720
111 737
111 1071
111 1030
111 707
111 798
111 1023
111 334
111 746
111 133
111 1126
111 2
111 797
111 726
111 925
111 211
111 875
111 433
111 719
111 782
111 683
111 888
111 21
111 441
111 675
111 1130
111 1398
111 105
111 902
111 844
111 385
111 1068
111 326
111 852
111 572
111 538
111 1171
111 838
111 439
111 895
111 1311
111 75
111 1363
111 530
111 448
111 1183
111 632
111 674
111 1043
111 887
111 1321
111 1038
111 189
111 134
111 900
111 209
111 81
111 983
111 79
111 1309
111 792
111 420
111 304
111 102
111 1134
111 406
111 748
111 496
111 971
111 701
111 502
111 42
111 1198
111 95
111 276
111 227
111 783
111 1228
111 1322
111 1047
111 526
111 650
111 1279
111 853
111 1092
111 625
111 644
111 732
111 1089
111 672
111 600
111 1110
111 1229
111 342
111 1265
111 465
111 139
111 486
111 1300
111 35
111 424
111 743
111 363
111 849
111 1044
111 594
111 793
111 1107
111 794
111 870
111 331
111 1046
111 4
111 1036
111 228
111 645
111 601
111 368
111 195
111 1181
111 1169
111 1234
111 400
111 23
111 1048
111 647
111 310
111 767
111 1343
111 1024
111 697
111 664
111 521
111 68
111 503
111 422
111 1098
111 712
111 514
111 146
111 579
111 396
111 454
111 820
111 197
111 1088
111 762
111 649
111 545
111 966
111 239
111 1383
111 1303
111 147
111 1063
111 833
111 212
111 128
111 94
111 897
111 8
111 779
111 1125
111 288
111 245
111 517
111 940
111 1365
111 306
111 901
111 403
111 638
111 673
111 886
111 740
111 827
111 799
111 1093
111 1327
111 100
111 569
111 1154
111 788
111 299
111 956
111 633
111 170
111 176
111 612
111 513
111 998
111 839
111 360
111 1139
111 757
111 623
111 1249
111 1040
111 811
111 896
111 1057
111 1287
111 765
111 915
111 580
111 155
111 1195
111 46
111 1276
111 1039
111 1037
111 440
111 1059
111 803
111 131
111 730
111 975
111 96
111 917
111 355
111 688
111 1263
111 210
111 556
111 1118
111 954
111 885
111 1084
111 1245
111 1015
111 1297
111 547
111 223
111 997
111 222
111 1207
111 281
111 142
111 611
111 1212
111 769
111 449
111 784
111 191
111 1218
111 937
111 704
111 760
111 398
111 558
111 466
111 571
111 121
111 200
111 1091
111 1379
111 1082
111 1188
111 25
111 1375
111 39
111 324
111 485
111 481
111 318
111 607
111 332
111 1267
111 1237
111 1027
111 1182
111 694
111 365
111 540
111 1137
111 308
111 262
111 117
111 270
111 1074
111 1066
111 417
111 630
111 80
111 185
111 7
111 1083
111 1005
111 190
111 489
111 181
111 457
111 69
111 1241
111 754
111 825
111 866
111 447
111 1215
111 97
111 1330
111 684
111 511
111 1273
111 49
111 806
111 906
111 182
111 1021
111 523
111 290
111 463
111 1052
111 678
111 1097
111 653
111 186
111 375
111 205
111 836
111 1076
111 315
111 1295
111 427
111 529
111 575
111 1104
111 671
111 935
111 610
111 1259
111 401
111 1320
111 1157
111 1018
111 1142
111 823
111 570
111 455
111 1014
111 9
111 564
111 1167
111 252
111 796
111 325
111 328
111 203
111 846
111 1211
111 509
111 916
111 152
111 629
111 388
111 1329
111 329
111 527
111 1064
111 1314
111 549
111 1261
111 470
111 452
111 432
111 85
111 99
111 408
111 484
111 1177
111 296
111 258
111 1184
111 409
111 461
111 114
111 544
111 562
111 1094
111 574
111 550
111 327
111 119
111 661
111 206
111 565
111 1079
111 193
111 588
111 1283
111 824
111 1051
111 877
111 1180
111 284
111 592
111 548
111 772
111 337
111 1248
111 1194
111 541
111 159
111 38
111 763
111 871
111 1368
111 364
111 307
111 957
111 577
111 1201
111 122
111 817
111 59
111 1028
111 923
111 868
111 1225
111 1100
111 1362
111 316
111 520
111 230
111 43
111 680
111 187
111 208
111 646
111 1078
111 261
111 494
111 1377
111 1313
111 431
111 445
111 73
111 469
111 1235
111 127
111 851
111 706
111 174
111 356
111 1348
111 1055
111 353
111 1380
111 837
111 286
111 386
111 714
111 807
111 24
111 660
111 1317
111 1041
111 168
111 663
111 472
111 63
111 1301
111 443
111 573
111 289
111 1262
111 973
111 578
111 518
111 1221
111 480
111 384
111 40
111 493
111 1210
111 1325
111 563
111 1288
111 624
111 267
111 371
111 905
111 319
111 557
111 1223
111 1232
111 809
111 515
111 367
111 665
111 1275
111 188
111 1035
111 952
111 1271
111 829
111 869
111 1274
111 1284
111 1096
111 993
111 1350
111 702
111 345
111 1173
111 576
111 125
111 1334
111 1117
111 1208
111 1
111 1319
111 1200
111 419
111 1197
111 45
111 1009
111 1153
111 112
111 1004
111 1213
111 179
111 751
111 1352
111 1371
111 467
111 1298
111 416
111 695
111 242
111 207
111 715
111 959
111 464
111 1374
111 1087
111 891
111 943
111 555
111 297
111 1389
111 57
111 1370
111 1367
111 254
111 830
111 404
111 1240
111 1355
111 83
111 1364
111 1381
111 421
111 787
111 1069
111 144
111 115
111 291
111 54
111 1361
111 972
111 247
111 118
111 221
111 1324
111 1310
111 44
111 366
111 488
111 64
111 1007
111 717
111 909
111 1095
111 590
111 340
111 848
111 1136
111 756
111 976
111 1247
111 953
111 173
111 275
111 977
111 598
111 992
111 1335
111 74
111 414
111 1244
111 559
111 682
111 156
111 865
111 124
111 1075
111 599
111 1386
111 53
111 437
111 693
111 892
111 903
111 1349
111 534
111 1062
111 1165
111 692
111 1122
111 1099
111 597
111 303
111 78
111 1395
111 282
111 341
111 847
111 989
111 123
111 149
111 1246
111 132
111 357
111 934
111 300
111 1289
111 1307
111 1205
111 450
111 62
111 1108
111 941
111 347
111 11
111 72
111 120
111 731
111 260
111 1159
111 535
111 1243
111 145
111 1331
111 657
111 667
111 217
111 780
111 157
111 666
111 615
111 1119
111 690
111 1292
111 815
111 845
111 162
111 141
111 543
111 568
111 101
111 1196
111 939
111 55
111 595
111 233
111 1164
111 87
111 397
111 61
111 604
111 930
111 1132
111 249
111 1147
111 1001
111 36
111 216
111 1191
111 293
111 269
111 528
111 129
111 546
111 33
111 1316
111 1250
111 1323
111 946
111 1061
111 1356
111 1109
111 606
111 613
111 1175
111 536
111 60
111 1106
111 773
111 602
111 506
111 1268
111 1226
111 519
111 589
111 287
111 1077
111 377
111 800
111 566
111 272
111 620
111 198
111 1217
111 225
111 1013
111 346
111 531
111 171
111 1128
111 89
111 679
111 184
111 58
111 435
111 1202
111 338
111 867
111 259
111 204
111 961
111 1282
111 912
111 1346
111 713
111 942
111 1115
111 553
111 618
111 1002
111 220
111 919
111 974
111 1281
111 1366
111 499
111 1072
111 77
111 994
111 964
111 1163
111 999
111 166
111 51
111 1326
111 1264
111 1156
111 1220
111 349
111 614
111 66
111 344
111 628
111 395
111 636
111 764
111 240
111 560
111 317
111 456
111 1203
111 453
111 710
111 229
111 1224
111 991
111 151
111 1019
111 996
111 603
111 219
111 172
111 1342
111 1351
111 1277
111 1296
111 274
111 662
111 110
111 1204
111 962
111 140
111 1239
111 1144
111 199
111 82
111 165
111 927
111 721
111 163
111 244
111 263
111 1242
111 255
111 70
111 1372
111 71
111 1373
111 253
111 1238
111 1358
111 277
111 278
111 251
111 279
111 280
111 1236
111 273
111 41
111 256
111 268
111 37
111 56
111 265
111 65
111 266
111 50
111 48
111 271
111 67
111 47
111 1369
111 1360
111 257
111 1359
111 264
111 1230
111 283
111 309
111 1390
111 301
111 13
111 302
111 12
111 10
111 305
111 1216
111 1214
111 1391
111 1393
111 17
111 1209
111 1206
111 1394
111 6
111 312
111 313
111 314
111 5
111 3
111 1397
111 16
111 1219
111 1376
111 1382
111 34
111 32
111 1378
111 1233
111 1231
111 1357
111 30
111 28
111 1222
111 27
111 1384
111 18
111 292
111 1385
111 294
111 295
111 22
111 1388
111 160
111 20
111 19
111 298
111 250
111 158
111 248
111 1280
111 1318
111 1285
111 194
111 138
111 196
111 137
111 136
111 135
111 130
111 1278
111 1286
111 1270
111 1328
111 126
111 1332
111 1269
111 1333
111 1336
111 1266
111 1260
111 192
111 143
111 1257
111 177
111 154
111 167
111 1306
111 169
111 1305
111 153
111 1304
111 175
111 1302
111 178
111 1291
111 180
111 1299
111 183
111 150
111 148
111 1294
111 1293
111 1312
111 1315
111 1258
111 213
111 76
111 91
111 232
111 1347
111 93
111 234
111 92
111 235
111 236
111 237
111 238
111 161
111 98
111 241
111 1308
111 88
111 243
111 86
111 1353
111 84
111 246
111 1354
111 231
111 1252
111 214
111 107
111 215
111 116
111 1340
111 113
111 111
111 109
111 164
111 218
111 108
111 1256
111 1345
111 1255
111 224
111 106
111 104
111 103
111 1344
111 226
111 1254
111 1253
111 90
111 789
111 321
111 637
111 945
111 947
111 642
111 641
111 640
111 639
111 949
111 635
111 648
111 950
111 951
111 631
111 955
111 958
111 626
111 960
111 944
111 651
111 918
111 668
111 676
111 920
111 921
111 922
111 926
111 670
111 669
111 929
111 652
111 931
111 932
111 659
111 936
111 656
111 938
111 654
111 622
111 621
111 619
111 987
111 979
111 980
111 981
111 982
111 984
111 985
111 986
111 988
111 617
111 990
111 567
111 995
111 561
111 1000
111 554
111 552
111 978
111 581
111 582
111 583
111 616
111 963
111 965
111 609
111 608
111 967
111 605
111 968
111 969
111 596
111 970
111 591
111 587
111 585
111 584
111 677
111 681
111 1003
111 819
111 814
111 761
111 759
111 758
111 816
111 755
111 818
111 752
111 812
111 750
111 821
111 832
111 834
111 745
111 744
111 835
111 813
111 810
111 913
111 777
111 786
111 785
111 791
111 795
111 801
111 802
111 778
111 776
111 808
111 775
111 774
111 804
111 771
111 770
111 805
111 768
111 742
111 741
111 840
111 698
111 708
111 884
111 705
111 703
111 893
111 898
111 699
111 904
111 841
111 696
111 907
111 691
111 689
111 908
111 687
111 910
111 883
111 882
111 881
111 873
111 738
111 842
111 734
111 850
111 854
111 855
111 860
111 861
111 863
111 724
111 723
111 722
111 872
111 718
111 716
111 551
111 1006
111 322
111 389
111 1149
111 1150
111 790
111 394
111 393
111 1151
111 1152
111 1155
111 1148
111 387
111 1158
111 383
111 382
111 381
111 1160
111 379
111 399
111 402
111 430
111 415
111 428
111 426
111 1129
111 423
111 1135
111 418
111 1138
111 413
111 1146
111 1140
111 411
111 410
111 1141
111 1143
111 407
111 405
111 378
111 376
111 1161
111 1187
111 1179
111 343
111 1185
111 339
111 1186
111 336
111 335
111 333
111 374
111 1189
111 1190
111 330
111 1192
111 1193
111 1199
111 323
111 348
111 350
111 351
111 352
111 373
111 372
111 1162
111 370
111 369
111 1166
111 1168
111 1170
111 361
111 1174
111 359
111 358
111 1176
111 354
111 1178
111 429
111 1124
111 542
111 504
111 512
111 1045
111 510
111 1050
111 508
111 507
111 505
111 1053
111 1033
111 501
111 500
111 498
111 497
111 495
111 1065
111 1067
111 1034
111 1032
111 1123
111 1016
111 1010
111 539
111 1011
111 537
111 533
111 532
111 1012
111 1017
111 516
111 525
111 524
111 522
111 1020
111 1022
111 1025
111 1029
111 492
111 491
111 490
111 446
111 459
111 458
111 1101
111 1102
111 1103
111 1105
111 451
111 1112
111 487
111 1113
111 1114
111 1116
111 1120
111 438
111 436
111 1121
111 460
111 1090
111 1086
111 468
111 1070
111 1073
111 483
111 482
111 479
111 478
111 477
111 476
111 475
111 474
111 473
111 1080
111 471
111 1081
111 1085
111 700
