113 748
113 708
113 815
113 467
113 265
113 197
113 1272
113 812
113 780
113 704
113 52
113 204
113 638
113 716
113 312
113 567
113 205
113 360
113 801
113 347
113 1290
113 391
113 971
113 947
113 687
113 1349
113 1338
113 709
113 759
113 969
113 794
113 1237
113 440
113 790
113 503
113 685
113 514
113 14
113 1162
113 593
113 70
113 1381
113 1336
113 1153
113 1163
113 755
113 689
113 856
113 1264
113 594
113 753
113 746
113 124
113 1104
113 1341
113 1115
113 702
113 202
113 1340
113 33
113 439
113 876
113 469
113 701
113 1328
113 1246
113 999
113 1289
113 1339
113 335
113 800
113 411
113 141
113 860
113 1212
113 1149
113 234
113 413
113 1228
113 300
113 974
113 797
113 79
113 40
113 441
113 504
113 1355
113 1310
113 917
113 902
113 337
113 880
113 879
113 694
113 927
113 368
113 1066
113 996
113 798
113 1188
113 783
113 658
113 222
113 693
113 781
113 466
113 415
113 1154
113 80
113 342
113 814
113 1211
113 776
113 214
113 468
113 487
113 1156
113 464
113 808
113 272
113 67
113 688
113 526
113 133
113 122
113 816
113 791
113 203
113 451
113 313
113 608
113 1378
113 1000
113 546
113 894
113 182
113 627
113 1001
113 1195
113 1333
113 793
113 282
113 932
113 1006
113 1197
113 972
113 628
113 773
113 431
113 697
113 56
113 903
113 1191
113 357
113 1107
113 1205
113 32
113 1326
113 63
113 711
113 1300
113 973
113 919
113 1121
113 566
113 770
113 662
113 482
113 1288
113 1081
113 717
113 200
113 225
113 1320
113 1007
113 186
113 470
113 1076
113 792
113 434
113 1169
113 634
113 677
113 1186
113 571
113 346
113 1313
113 198
113 519
113 50
113 979
113 604
113 1263
113 1151
113 1367
113 757
113 406
113 598
113 663
113 1395
113 184
113 1112
113 1353
113 719
113 1198
113 1078
113 606
113 516
113 1114
113 187
113 174
113 496
113 636
113 861
113 38
113 564
113 1227
113 173
113 710
113 714
113 48
113 991
113 536
113 942
113 877
113 352
113 223
113 670
113 696
113 975
113 959
113 692
113 1098
113 1250
113 786
113 896
113 1292
113 626
113 1257
113 328
113 809
113 599
113 1150
113 1332
113 430
113 1200
113 252
113 1281
113 53
113 137
113 165
113 453
113 813
113 1334
113 1307
113 1284
113 1224
113 1354
113 416
113 268
113 643
113 285
113 49
113 120
113 1256
113 901
113 127
113 1335
113 39
113 1345
113 386
113 1304
113 1380
113 85
113 101
113 484
113 676
113 1262
113 96
113 1209
113 369
113 142
113 345
113 933
113 1231
113 1352
113 1206
113 373
113 73
113 922
113 315
113 1008
113 452
113 74
113 372
113 1229
113 474
113 970
113 293
113 297
113 988
113 5
113 805
113 993
113 690
113 686
113 390
113 570
113 379
113 193
113 796
113 290
113 795
113 799
113 962
113 344
113 1
113 1075
113 671
113 749
113 1065
113 51
113 624
113 1091
113 9
113 1351
113 891
113 806
113 121
113 605
113 1135
113 1062
113 224
113 1146
113 170
113 292
113 635
113 1386
113 213
113 371
113 978
113 104
113 7
113 1216
113 597
113 512
113 212
113 836
113 625
113 367
113 965
113 1235
113 1398
113 1274
113 1045
113 568
113 240
113 612
113 88
113 1396
113 916
113 924
113 404
113 1366
113 1077
113 486
113 859
113 639
113 569
113 1319
113 521
113 309
113 857
113 683
113 758
113 1258
113 530
113 248
113 210
113 189
113 1255
113 349
113 100
113 1373
113 93
113 199
113 314
113 260
113 118
113 584
113 946
113 572
113 1187
113 1210
113 866
113 294
113 673
113 62
113 565
113 460
113 1204
113 984
113 1233
113 295
113 1005
113 37
113 89
113 1342
113 1105
113 423
113 35
113 1090
113 520
113 499
113 60
113 69
113 1343
113 254
113 110
113 1218
113 1350
113 164
113 483
113 395
113 983
113 1337
113 1399
113 343
113 44
113 1040
113 712
113 675
113 1130
113 1364
113 13
113 329
113 125
113 1248
113 134
113 270
113 997
113 1322
113 274
113 926
113 661
113 967
113 981
113 10
113 140
113 994
113 229
113 232
113 1356
113 580
113 766
113 175
113 695
113 1291
113 161
113 230
113 651
113 1331
113 417
113 264
113 287
113 525
113 244
113 1390
113 750
113 1192
113 180
113 655
113 854
113 8
113 713
113 55
113 226
113 304
113 1009
113 1259
113 715
113 47
113 839
113 851
113 481
113 1241
113 1276
113 492
113 721
113 1083
113 1230
113 505
113 66
113 1236
113 421
113 1271
113 640
113 1294
113 699
113 296
113 784
113 1311
113 84
113 57
113 788
113 1309
113 179
113 1324
113 1051
113 171
113 1118
113 1032
113 1140
113 990
113 310
113 1315
113 884
113 45
113 227
113 1287
113 370
113 188
113 1159
113 1166
113 353
113 511
113 218
113 97
113 1182
113 422
113 1155
113 216
113 509
113 952
113 1374
113 178
113 668
113 1225
113 630
113 1164
113 146
113 963
113 596
113 305
113 672
113 918
113 41
113 1074
113 340
113 498
113 61
113 497
113 1280
113 1100
113 435
113 641
113 1157
113 1213
113 1379
113 948
113 211
113 531
113 707
113 68
113 473
113 1202
113 966
113 160
113 185
113 733
113 915
113 1196
113 27
113 907
113 72
113 930
113 1106
113 515
113 1362
113 54
113 19
113 266
113 427
113 1158
113 925
113 1238
113 1147
113 303
113 331
113 881
113 235
113 982
113 858
113 1049
113 632
113 177
113 987
113 1179
113 1108
113 267
113 139
113 1359
113 949
113 243
113 1109
113 1043
113 115
113 316
113 289
113 678
113 256
113 1190
113 705
113 513
113 1039
113 1138
113 374
113 1361
113 667
113 129
113 307
113 1372
113 950
113 1392
113 700
113 1249
113 327
113 1185
113 650
113 1010
113 94
113 577
113 17
113 502
113 472
113 601
113 674
113 807
113 1391
113 145
113 25
113 196
113 76
113 354
113 1239
113 172
113 771
113 207
113 338
113 811
113 1312
113 438
113 574
113 957
113 804
113 589
113 359
113 454
113 899
113 1347
113 669
113 906
113 1175
113 542
113 433
113 485
113 1088
113 1305
113 945
113 334
113 592
113 1092
113 103
113 330
113 1183
113 1314
113 706
113 992
113 892
113 1011
113 443
113 148
113 774
113 547
113 825
113 585
113 522
113 764
113 756
113 1301
113 126
113 590
113 136
113 886
113 375
113 843
113 90
113 501
113 934
113 1094
113 666
113 544
113 356
113 257
113 637
113 1171
113 1145
113 989
113 280
113 86
113 1052
113 251
113 1004
113 29
113 563
113 123
113 1003
113 998
113 447
113 384
113 1082
113 11
113 1143
113 1269
113 524
113 284
113 348
113 540
113 1267
113 1093
113 399
113 889
113 810
113 951
113 273
113 1102
113 95
113 157
113 555
113 87
113 64
113 1168
113 58
113 534
113 151
113 939
113 1321
113 1226
113 863
113 341
113 1282
113 163
113 1041
113 573
113 1295
113 1002
113 228
113 1208
113 1161
113 36
113 378
113 364
113 380
113 135
113 1247
113 106
113 1047
113 432
113 782
113 1103
113 1019
113 1167
113 2
113 760
113 830
113 873
113 332
113 1027
113 201
113 865
113 1068
113 166
113 1240
113 1308
113 92
113 723
113 931
113 657
113 1101
113 698
113 276
113 560
113 75
113 1119
113 1152
113 1221
113 238
113 1099
113 206
113 1371
113 209
113 1376
113 116
113 976
113 461
113 259
113 24
113 410
113 398
113 557
113 1298
113 985
113 456
113 883
113 964
113 117
113 78
113 921
113 149
113 954
113 616
113 389
113 77
113 621
113 1261
113 1330
113 845
113 1089
113 159
113 351
113 21
113 1357
113 448
113 152
113 1144
113 1018
113 480
113 302
113 603
113 459
113 629
113 820
113 237
113 82
113 442
113 462
113 98
113 43
113 961
113 587
113 929
113 680
113 1277
113 1394
113 665
113 684
113 910
113 1302
113 846
113 1273
113 1327
113 1254
113 913
113 1244
113 958
113 867
113 537
113 408
113 158
113 414
113 729
113 1064
113 446
113 1044
113 506
113 559
113 552
113 455
113 458
113 1369
113 277
113 255
113 192
113 1214
113 1217
113 143
113 1085
113 1128
113 1122
113 1268
113 1035
113 1056
113 936
113 420
113 1363
113 847
113 119
113 852
113 59
113 1385
113 576
113 428
113 645
113 553
113 383
113 1303
113 649
113 20
113 91
113 1080
113 941
113 1199
113 730
113 46
113 361
113 769
113 600
113 681
113 449
113 1388
113 545
113 22
113 156
113 980
113 874
113 23
113 767
113 381
113 614
113 1215
113 299
113 722
113 1201
113 1059
113 1132
113 491
113 1061
113 306
113 81
113 550
113 269
113 610
113 1252
113 620
113 1096
113 1400
113 262
113 30
113 611
113 928
113 208
113 261
113 738
113 554
113 1296
113 872
113 538
113 1222
113 147
113 128
113 828
113 562
113 1278
113 869
113 1113
113 656
113 325
113 1325
113 1072
113 779
113 1382
113 575
113 646
113 1242
113 1097
113 837
113 827
113 132
113 83
113 1368
113 1365
113 1348
113 253
113 3
113 1139
113 1141
113 42
113 1370
113 1360
113 1358
113 1397
113 250
113 1346
113 249
113 1142
113 247
113 246
113 245
113 1344
113 1329
113 1323
113 1318
113 65
113 1317
113 242
113 1137
113 1136
113 1375
113 258
113 176
113 18
113 16
113 1129
113 15
113 1387
113 12
113 1389
113 271
113 1127
113 1393
113 6
113 1126
113 275
113 4
113 26
113 1384
113 1131
113 34
113 1377
113 183
113 1220
113 1316
113 263
113 1134
113 1383
113 278
113 31
113 181
113 1133
113 28
113 279
113 1232
113 1245
113 239
113 241
113 162
113 1265
113 1184
113 131
113 130
113 1243
113 1266
113 167
113 168
113 1270
113 1181
113 1180
113 1178
113 1275
113 1177
113 1176
113 1189
113 1193
113 71
113 1194
113 154
113 1207
113 153
113 190
113 191
113 150
113 144
113 1251
113 1203
113 194
113 195
113 281
113 1253
113 138
113 1260
113 215
113 114
113 113
113 217
113 99
113 1286
113 1165
113 1293
113 231
113 1160
113 1234
113 1223
113 1297
113 1299
113 1148
113 236
113 155
113 1219
113 1306
113 1285
113 1283
113 102
113 1172
113 1174
113 219
113 220
113 221
113 1173
113 112
113 111
113 169
113 1279
113 109
113 1170
113 108
113 107
113 105
113 233
113 775
113 1125
113 622
113 631
113 893
113 895
113 897
113 898
113 623
113 619
113 633
113 618
113 617
113 615
113 613
113 900
113 609
113 890
113 888
113 943
113 875
113 871
113 660
113 659
113 654
113 653
113 652
113 648
113 887
113 647
113 644
113 878
113 642
113 882
113 885
113 904
113 607
113 905
113 549
113 937
113 938
113 561
113 558
113 556
113 551
113 548
113 908
113 543
113 541
113 539
113 940
113 535
113 533
113 935
113 923
113 578
113 579
113 581
113 582
113 583
113 920
113 586
113 588
113 591
113 914
113 595
113 912
113 911
113 909
113 602
113 870
113 664
113 868
113 739
113 745
113 744
113 743
113 742
113 741
113 740
113 737
113 726
113 736
113 735
113 734
113 732
113 731
113 728
113 747
113 803
113 751
113 752
113 802
113 754
113 789
113 787
113 785
113 761
113 762
113 763
113 765
113 768
113 778
113 772
113 777
113 727
113 725
113 864
113 848
113 838
113 840
113 841
113 842
113 691
113 844
113 849
113 724
113 850
113 682
113 679
113 853
113 855
113 862
113 835
113 834
113 833
113 832
113 703
113 831
113 829
113 826
113 824
113 823
113 822
113 821
113 819
113 718
113 818
113 720
113 817
113 532
113 529
113 283
113 365
113 1054
113 1055
113 1057
113 1058
113 1060
113 366
113 363
113 376
113 362
113 358
113 1063
113 355
113 1067
113 350
113 1053
113 377
113 528
113 1046
113 403
113 402
113 401
113 400
113 397
113 396
113 394
113 382
113 393
113 392
113 1048
113 387
113 1050
113 385
113 1069
113 1070
113 1071
113 1116
113 1095
113 308
113 301
113 298
113 1110
113 1111
113 1117
113 1073
113 291
113 1120
113 288
113 1123
113 286
113 1124
113 311
113 317
113 318
113 319
113 320
113 321
113 322
113 323
113 324
113 326
113 1087
113 1086
113 333
113 1084
113 336
113 339
113 1079
113 405
113 1042
113 407
113 479
113 494
113 493
113 490
113 489
113 488
113 995
113 478
113 1015
113 477
113 476
113 475
113 1012
113 471
113 1013
113 495
113 986
113 500
113 977
113 968
113 507
113 508
113 510
113 960
113 956
113 955
113 517
113 518
113 953
113 523
113 944
113 527
113 1014
113 1016
113 409
113 1033
113 429
113 1030
113 426
113 425
113 424
113 1031
113 1034
113 1017
113 419
113 418
113 1036
113 1037
113 1038
113 412
113 1029
113 1028
113 1026
113 436
113 437
113 1025
113 1024
113 1023
113 444
113 445
113 450
113 1022
113 1021
113 1020
113 457
113 463
113 465
113 388
