114 895
114 1266
114 712
114 919
114 780
114 918
114 676
114 632
114 1290
114 917
114 465
114 1289
114 704
114 503
114 1333
114 685
114 699
114 757
114 467
114 395
114 1360
114 1246
114 924
114 313
114 916
114 779
114 315
114 1188
114 675
114 783
114 794
114 1362
114 551
114 441
114 803
114 433
114 201
114 1108
114 923
114 597
114 526
114 287
114 521
114 775
114 1133
114 703
114 609
114 1207
114 634
114 498
114 301
114 709
114 193
114 118
114 440
114 322
114 468
114 230
114 200
114 202
114 167
114 1392
114 1245
114 680
114 216
114 674
114 801
114 666
114 879
114 1339
114 1115
114 624
114 647
114 544
114 459
114 56
114 264
114 990
114 60
114 1375
114 229
114 410
114 748
114 460
114 790
114 796
114 91
114 1293
114 736
114 379
114 1338
114 454
114 841
114 545
114 1024
114 1224
114 247
114 1322
114 370
114 1197
114 1386
114 861
114 466
114 496
114 535
114 670
114 1316
114 1390
114 362
114 197
114 207
114 1076
114 6
114 728
114 515
114 517
114 927
114 579
114 781
114 687
114 314
114 929
114 49
114 903
114 752
114 584
114 1341
114 633
114 1262
114 659
114 266
114 1337
114 273
114 698
114 1219
114 1261
114 795
114 1089
114 1271
114 404
114 497
114 415
114 702
114 227
114 1073
114 745
114 678
114 1354
114 1320
114 400
114 1248
114 1363
114 456
114 122
114 464
114 980
114 434
114 1163
114 1032
114 54
114 1343
114 705
114 469
114 34
114 1179
114 1186
114 643
114 965
114 523
114 1006
114 537
114 1184
114 532
114 72
114 235
114 147
114 52
114 1235
114 1239
114 196
114 1183
114 652
114 1152
114 501
114 281
114 1342
114 1066
114 316
114 442
114 391
114 312
114 97
114 1340
114 288
114 425
114 222
114 335
114 164
114 885
114 921
114 1147
114 984
114 1141
114 581
114 321
114 719
114 797
114 289
114 1009
114 1178
114 777
114 672
114 883
114 268
114 38
114 701
114 1137
114 1243
114 561
114 996
114 696
114 637
114 1301
114 432
114 1083
114 1153
114 606
114 991
114 473
114 73
114 1387
114 225
114 1113
114 246
114 78
114 160
114 470
114 251
114 375
114 1111
114 452
114 1332
114 450
114 1377
114 1254
114 155
114 1336
114 445
114 435
114 416
114 217
114 300
114 1088
114 892
114 920
114 472
114 439
114 143
114 902
114 363
114 461
114 159
114 1129
114 1295
114 772
114 907
114 730
114 1222
114 214
114 1221
114 813
114 626
114 593
114 1325
114 276
114 428
114 205
114 1234
114 638
114 1281
114 599
114 1260
114 318
114 815
114 373
114 640
114 733
114 236
114 188
114 14
114 798
114 660
114 94
114 792
114 1043
114 210
114 1064
114 234
114 589
114 420
114 186
114 1192
114 1334
114 601
114 655
114 93
114 1
114 764
114 33
114 1306
114 153
114 677
114 857
114 935
114 955
114 187
114 360
114 738
114 248
114 836
114 1030
114 714
114 336
114 352
114 981
114 179
114 1084
114 649
114 105
114 146
114 970
114 277
114 1318
114 785
114 668
114 1154
114 148
114 368
114 1162
114 1105
114 860
114 311
114 157
114 112
114 221
114 985
114 206
114 1385
114 592
114 602
114 1218
114 681
114 284
114 571
114 793
114 1074
114 1092
114 844
114 190
114 539
114 392
114 822
114 39
114 934
114 1225
114 145
114 13
114 952
114 252
114 68
114 1329
114 1330
114 249
114 869
114 1144
114 1361
114 758
114 1251
114 679
114 1159
114 811
114 641
114 1061
114 226
114 351
114 317
114 250
114 1047
114 333
114 1267
114 787
114 734
114 1008
114 285
114 1065
114 682
114 516
114 863
114 899
114 485
114 945
114 1331
114 612
114 195
114 941
114 1356
114 50
114 483
114 381
114 270
114 95
114 762
114 1194
114 755
114 1062
114 1198
114 989
114 124
114 1233
114 940
114 1298
114 1242
114 55
114 37
114 500
114 767
114 749
114 1304
114 1393
114 341
114 79
114 398
114 693
114 774
114 737
114 657
114 987
114 1087
114 1389
114 833
114 1274
114 1182
114 1280
114 1091
114 671
114 1368
114 412
114 385
114 232
114 768
114 35
114 889
114 1319
114 722
114 183
114 877
114 121
114 1288
114 158
114 244
114 1151
114 974
114 292
114 371
114 113
114 135
114 901
114 1275
114 843
114 520
114 658
114 1079
114 88
114 1086
114 65
114 683
114 1165
114 686
114 1323
114 850
114 1358
114 258
114 942
114 1294
114 700
114 364
114 424
114 387
114 458
114 1398
114 372
114 1116
114 756
114 887
114 873
114 444
114 540
114 1346
114 1155
114 453
114 1075
114 766
114 1229
114 622
114 582
114 1171
114 489
114 455
114 653
114 549
114 1164
114 280
114 1357
114 1031
114 390
114 304
114 16
114 184
114 421
114 550
114 804
114 1202
114 150
114 562
114 111
114 669
114 809
114 63
114 1110
114 1367
114 913
114 31
114 1291
114 750
114 527
114 856
114 909
114 422
114 900
114 554
114 692
114 204
114 1232
114 590
114 557
114 977
114 1383
114 896
114 24
114 1138
114 417
114 1080
114 278
114 791
114 40
114 376
114 1187
114 15
114 51
114 84
114 1309
114 880
114 585
114 80
114 356
114 1128
114 48
114 1090
114 673
114 1112
114 1028
114 1228
114 69
114 851
114 782
114 1244
114 799
114 131
114 1259
114 504
114 396
114 1265
114 120
114 1382
114 237
114 1119
114 600
114 279
114 967
114 1384
114 144
114 542
114 625
114 753
114 570
114 28
114 198
114 431
114 874
114 132
114 894
114 1123
114 708
114 339
114 1240
114 971
114 976
114 1190
114 718
114 1263
114 47
114 710
114 994
114 876
114 1227
114 950
114 951
114 133
114 171
114 163
114 613
114 367
114 189
114 662
114 1353
114 109
114 717
114 665
114 211
114 463
114 85
114 1264
114 173
114 1399
114 993
114 165
114 814
114 137
114 848
114 199
114 45
114 1394
114 525
114 513
114 149
114 332
114 1391
114 203
114 1106
114 494
114 238
114 616
114 305
114 274
114 1143
114 849
114 12
114 827
114 100
114 481
114 786
114 1371
114 1063
114 241
114 213
114 479
114 818
114 59
114 1285
114 32
114 580
114 1247
114 760
114 639
114 369
114 265
114 443
114 140
114 721
114 58
114 1117
114 294
114 992
114 309
114 547
114 299
114 1282
114 931
114 1199
114 231
114 1170
114 784
114 999
114 1335
114 283
114 746
114 1148
114 1277
114 2
114 76
114 1355
114 449
114 654
114 3
114 1268
114 337
114 706
114 1175
114 1216
114 1366
114 1388
114 1252
114 342
114 1195
114 1269
114 224
114 116
114 92
114 770
114 845
114 1042
114 423
114 725
114 20
114 1310
114 475
114 1100
114 966
114 800
114 644
114 937
114 451
114 1003
114 1272
114 1077
114 732
114 1068
114 25
114 1185
114 1082
114 943
114 1053
114 5
114 988
114 1193
114 694
114 1302
114 62
114 729
114 1313
114 27
114 348
114 308
114 1255
114 1035
114 70
114 57
114 530
114 933
114 1223
114 215
114 986
114 910
114 1324
114 1250
114 1300
114 1019
114 1054
114 538
114 486
114 511
114 1072
114 297
114 1326
114 329
114 648
114 661
114 67
114 947
114 1352
114 17
114 191
114 691
114 174
114 408
114 932
114 401
114 839
114 223
114 872
114 788
114 495
114 1180
114 1056
114 789
114 427
114 962
114 110
114 802
114 1297
114 667
114 731
114 172
114 563
114 1012
114 123
114 96
114 128
114 621
114 1040
114 307
114 1055
114 1378
114 83
114 154
114 1039
114 1276
114 866
114 242
114 1036
114 1166
114 1214
114 826
114 1349
114 656
114 726
114 1241
114 87
114 689
114 522
114 1238
114 1379
114 1231
114 930
114 1200
114 619
114 319
114 413
114 1220
114 380
114 1094
114 1081
114 1376
114 492
114 365
114 1365
114 720
114 1373
114 393
114 697
114 325
114 925
114 828
114 1204
114 575
114 825
114 399
114 349
114 1134
114 541
114 290
114 715
114 169
114 4
114 119
114 29
114 129
114 1157
114 1130
114 482
114 509
114 1150
114 1380
114 823
114 567
114 260
114 1095
114 1002
114 30
114 1140
114 419
114 1201
114 1307
114 623
114 957
114 212
114 536
114 1038
114 1169
114 735
114 1103
114 42
114 354
114 936
114 487
114 310
114 9
114 529
114 478
114 617
114 973
114 747
114 978
114 897
114 166
114 688
114 695
114 306
114 107
114 888
114 1196
114 629
114 286
114 1168
114 346
114 835
114 905
114 177
114 998
114 23
114 1005
114 564
114 1029
114 1149
114 837
114 1212
114 90
114 914
114 596
114 259
114 878
114 1010
114 18
114 386
114 742
114 512
114 457
114 491
114 185
114 19
114 1181
114 1173
114 1257
114 1132
114 911
114 1020
114 868
114 1161
114 1114
114 1397
114 267
114 115
114 326
114 394
114 108
114 651
114 1127
114 170
114 490
114 711
114 1328
114 389
114 884
114 262
114 534
114 979
114 507
114 1109
114 298
114 1206
114 816
114 607
114 180
114 1258
114 583
114 1015
114 82
114 430
114 89
114 1253
114 257
114 574
114 26
114 194
114 477
114 754
114 576
114 1139
114 98
114 1345
114 751
114 852
114 181
114 383
114 1312
114 645
114 636
114 928
114 713
114 1273
114 418
114 586
114 1249
114 134
114 543
114 588
114 256
114 572
114 1142
114 1007
114 1364
114 577
114 493
114 382
114 151
114 296
114 407
114 1256
114 1104
114 1236
114 127
114 1210
114 771
114 949
114 377
114 106
114 1191
114 220
114 982
114 293
114 824
114 958
114 904
114 546
114 1189
114 1136
114 514
114 953
114 806
114 324
114 340
114 388
114 345
114 99
114 474
114 604
114 488
114 74
114 1305
114 240
114 1283
114 357
114 117
114 1017
114 269
114 975
114 1034
114 1172
114 610
114 43
114 1208
114 1213
114 881
114 1122
114 86
114 1118
114 130
114 228
114 476
114 344
114 350
114 569
114 499
114 1203
114 1292
114 959
114 1287
114 556
114 1107
114 11
114 1145
114 808
114 805
114 663
114 531
114 807
114 480
114 44
114 1174
114 103
114 22
114 820
114 533
114 114
114 922
114 690
114 1078
114 518
114 908
114 397
114 61
114 1381
114 75
114 628
114 81
114 963
114 175
114 1321
114 161
114 1121
114 219
114 1070
114 611
114 168
114 447
114 21
114 1044
114 506
114 956
114 1374
114 723
114 1014
114 374
114 946
114 208
114 261
114 1205
114 192
114 1270
114 906
114 1315
114 366
114 773
114 972
114 1209
114 378
114 591
114 555
114 1057
114 620
114 328
114 7
114 426
114 101
114 1230
114 323
114 865
114 1098
114 1351
114 102
114 358
114 1370
114 1124
114 1296
114 53
114 915
114 983
114 1158
114 565
114 1085
114 125
114 303
114 282
114 176
114 243
114 1051
114 295
114 327
114 1344
114 560
114 846
114 347
114 361
114 646
114 727
114 817
114 578
114 138
114 587
114 944
114 939
114 156
114 1237
114 182
114 36
114 209
114 739
114 608
114 528
114 126
114 402
114 960
114 1093
114 630
114 508
114 627
114 1284
114 64
114 77
114 1303
114 964
114 152
114 1278
114 406
114 1156
114 334
114 635
114 603
114 484
114 724
114 740
114 66
114 1050
114 744
114 1049
114 1372
114 743
114 1048
114 1046
114 741
114 1045
114 1041
114 1359
114 71
114 1037
114 684
114 716
114 1033
114 1027
114 1026
114 1004
114 1025
114 1011
114 1023
114 1013
114 1022
114 1021
114 1001
114 1018
114 1016
114 1369
114 707
114 245
114 1000
114 875
114 853
114 854
114 855
114 948
114 858
114 859
114 862
114 864
114 867
114 870
114 871
114 1396
114 842
114 938
114 882
114 10
114 886
114 8
114 890
114 891
114 893
114 898
114 926
114 912
114 847
114 840
114 997
114 810
114 759
114 761
114 995
114 763
114 765
114 769
114 776
114 778
114 969
114 968
114 961
114 46
114 838
114 812
114 819
114 821
114 41
114 829
114 830
114 831
114 832
114 834
114 954
114 1395
114 664
114 1348
114 1052
114 1167
114 1286
114 384
114 1177
114 1176
114 403
114 405
114 409
114 1299
114 411
114 414
114 429
114 1135
114 1160
114 436
114 437
114 438
114 1308
114 446
114 448
114 1146
114 462
114 1311
114 359
114 355
114 353
114 343
114 253
114 254
114 255
114 239
114 263
114 271
114 272
114 275
114 233
114 291
114 1226
114 302
114 1217
114 1215
114 1211
114 320
114 1279
114 330
114 218
114 331
114 338
114 178
114 1131
114 104
114 615
114 139
114 1097
114 136
114 1096
114 594
114 595
114 598
114 605
114 1347
114 614
114 618
114 471
114 1350
114 631
114 1071
114 1069
114 1067
114 1060
114 642
114 1059
114 1058
114 650
114 141
114 142
114 573
114 1099
114 1126
114 1125
114 502
114 1120
114 505
114 510
114 519
114 524
114 162
114 1102
114 1314
114 548
114 1317
114 1101
114 552
114 553
114 558
114 559
114 1327
114 566
114 568
114 1400
