117 229
117 282
117 230
117 1304
117 924
117 242
117 60
117 196
117 122
117 197
117 782
117 999
117 1285
117 433
117 1001
117 440
117 234
117 1164
117 360
117 907
117 927
117 520
117 947
117 1162
117 64
117 1163
117 434
117 179
117 1328
117 925
117 1115
117 203
117 205
117 673
117 688
117 58
117 1186
117 1312
117 816
117 1075
117 492
117 1208
117 36
117 605
117 1112
117 679
117 225
117 1218
117 1005
117 599
117 1062
117 1243
117 106
117 1214
117 384
117 802
117 511
117 973
117 1350
117 600
117 289
117 189
117 1179
117 814
117 1197
117 252
117 601
117 1262
117 1255
117 204
117 812
117 1114
117 759
117 318
117 946
117 69
117 1188
117 612
117 801
117 222
117 290
117 939
117 666
117 1351
117 432
117 174
117 1095
117 967
117 1356
117 794
117 251
117 567
117 1040
117 248
117 1377
117 788
117 287
117 974
117 1334
117 921
117 87
117 1231
117 35
117 1349
117 901
117 1006
117 270
117 498
117 1259
117 439
117 655
117 373
117 704
117 1000
117 1333
117 793
117 1193
117 920
117 1289
117 993
117 936
117 164
117 952
117 206
117 786
117 27
117 422
117 210
117 1381
117 44
117 423
117 469
117 713
117 1274
117 173
117 283
117 1027
117 710
117 146
117 192
117 231
117 1319
117 1239
117 815
117 1207
117 124
117 695
117 757
117 966
117 942
117 1292
117 32
117 531
117 694
117 142
117 232
117 709
117 575
117 991
117 138
117 354
117 803
117 259
117 1361
117 134
117 934
117 52
117 20
117 902
117 100
117 56
117 776
117 1004
117 693
117 1310
117 1195
117 1157
117 906
117 969
117 975
117 1332
117 414
117 798
117 452
117 295
117 48
117 1204
117 226
117 1229
117 1124
117 931
117 41
117 191
117 636
117 490
117 1147
117 917
117 1104
117 717
117 465
117 1398
117 363
117 1245
117 116
117 882
117 708
117 1077
117 1303
117 696
117 1238
117 626
117 610
117 152
117 1205
117 951
117 1213
117 315
117 761
117 656
117 420
117 265
117 998
117 300
117 447
117 1324
117 1307
117 1335
117 564
117 900
117 1090
117 1247
117 1201
117 923
117 1258
117 82
117 1301
117 1320
117 1352
117 989
117 25
117 1042
117 1347
117 352
117 441
117 723
117 689
117 569
117 977
117 1105
117 161
117 1309
117 508
117 93
117 215
117 523
117 399
117 799
117 783
117 162
117 1393
117 1224
117 233
117 819
117 296
117 697
117 459
117 808
117 826
117 454
117 199
117 657
117 369
117 971
117 285
117 97
117 372
117 425
117 1291
117 81
117 854
117 1150
117 211
117 1094
117 1074
117 316
117 443
117 160
117 513
117 1170
117 181
117 13
117 101
117 573
117 1276
117 675
117 541
117 1337
117 186
117 1288
117 410
117 773
117 113
117 866
117 711
117 212
117 1035
117 272
117 145
117 609
117 288
117 293
117 1032
117 992
117 121
117 280
117 922
117 978
117 42
117 972
117 172
117 556
117 219
117 526
117 266
117 1192
117 1184
117 1142
117 963
117 596
117 979
117 94
117 559
117 1326
117 308
117 1154
117 670
117 580
117 1037
117 916
117 1007
117 1236
117 154
117 528
117 521
117 1240
117 970
117 572
117 268
117 988
117 553
117 944
117 1002
117 943
117 1250
117 678
117 728
117 57
117 464
117 1306
117 515
117 1108
117 1362
117 976
117 954
117 997
117 214
117 235
117 70
117 1248
117 386
117 961
117 719
117 894
117 135
117 273
117 990
117 747
117 332
117 618
117 800
117 712
117 984
117 881
117 579
117 147
117 1313
117 494
117 1252
117 1209
117 1103
117 1373
117 849
117 797
117 565
117 957
117 1138
117 1339
117 1370
117 247
117 430
117 1376
117 577
117 1260
117 317
117 1277
117 370
117 785
117 824
117 435
117 919
117 514
117 299
117 677
117 83
117 698
117 1338
117 632
117 1263
117 312
117 1399
117 468
117 279
117 170
117 1055
117 1294
117 456
117 804
117 76
117 328
117 1272
117 427
117 19
117 810
117 665
117 1054
117 330
117 1175
117 484
117 326
117 1092
117 202
117 994
117 291
117 809
117 650
117 796
117 1129
117 576
117 522
117 29
117 453
117 364
117 561
117 158
117 506
117 357
117 85
117 1244
117 1151
117 781
117 721
117 1341
117 558
117 1391
117 764
117 8
117 275
117 371
117 96
117 349
117 14
117 627
117 1111
117 446
117 1106
117 1237
117 736
117 262
117 930
117 1378
117 658
117 915
117 47
117 187
117 813
117 637
117 1145
117 662
117 438
117 421
117 1382
117 431
117 1394
117 297
117 950
117 996
117 1298
117 645
117 1140
117 893
117 305
117 220
117 193
117 1390
117 1149
117 949
117 104
117 1340
117 1268
117 413
117 537
117 505
117 428
117 1297
117 753
117 851
117 1280
117 336
117 555
117 237
117 1041
117 323
117 1015
117 1010
117 1200
117 171
117 772
117 501
117 1029
117 353
117 1315
117 674
117 2
117 391
117 380
117 1091
117 1305
117 623
117 574
117 1282
117 213
117 133
117 499
117 277
117 188
117 1028
117 1228
117 628
117 530
117 1135
117 390
117 811
117 983
117 1047
117 1290
117 638
117 734
117 1279
117 1068
117 705
117 886
117 1251
117 1253
117 228
117 639
117 1203
117 119
117 562
117 1318
117 699
117 356
117 1354
117 63
117 1110
117 724
117 294
117 495
117 981
117 334
117 1165
117 766
117 276
117 1039
117 1
117 88
117 1161
117 985
117 844
117 937
117 714
117 593
117 304
117 1181
117 307
117 1034
117 690
117 715
117 1284
117 359
117 918
117 547
117 1217
117 1117
117 216
117 493
117 448
117 1355
117 585
117 1056
117 105
117 1261
117 859
117 1242
117 1345
117 473
117 1296
117 338
117 872
117 756
117 1265
117 395
117 625
117 73
117 557
117 649
117 62
117 110
117 536
117 588
117 830
117 856
117 1211
117 1153
117 198
117 17
117 37
117 566
117 43
117 1107
117 261
117 1065
117 1136
117 125
117 1325
117 1241
117 84
117 554
117 683
117 79
117 123
117 1127
117 77
117 1064
117 790
117 1344
117 1343
117 1281
117 1336
117 33
117 1194
117 1072
117 661
117 9
117 1167
117 624
117 542
117 1212
117 1066
117 718
117 806
117 292
117 24
117 329
117 1380
117 962
117 792
117 1202
117 401
117 244
117 163
117 89
117 80
117 404
117 103
117 102
117 416
117 403
117 400
117 398
117 397
117 396
117 78
117 402
117 407
117 99
117 92
117 417
117 418
117 419
117 75
117 412
117 411
117 91
117 86
117 424
117 95
117 409
117 408
117 98
117 415
117 406
117 405
117 90
117 298
117 74
117 12
117 455
117 23
117 457
117 22
117 458
117 21
117 18
117 460
117 461
117 16
117 462
117 15
117 463
117 11
117 28
117 10
117 7
117 6
117 466
117 467
117 5
117 4
117 470
117 3
117 471
117 472
117 474
117 475
117 26
117 30
117 426
117 51
117 72
117 71
117 68
117 67
117 429
117 66
117 65
117 61
117 59
117 54
117 53
117 436
117 437
117 50
117 31
117 49
117 46
117 442
117 45
117 444
117 445
117 40
117 39
117 38
117 34
117 449
117 450
117 451
117 55
117 382
117 107
117 194
117 209
117 217
117 327
117 477
117 218
117 325
117 324
117 221
117 223
117 322
117 224
117 321
117 320
117 319
117 227
117 331
117 208
117 333
117 343
117 348
117 347
117 200
117 346
117 345
117 344
117 342
117 335
117 201
117 341
117 340
117 339
117 337
117 207
117 236
117 238
117 239
117 271
117 303
117 260
117 263
117 264
117 267
117 269
117 302
117 257
117 301
117 274
117 278
117 281
117 284
117 286
117 258
117 256
117 240
117 310
117 314
117 241
117 243
117 313
117 245
117 311
117 309
117 306
117 246
117 249
117 250
117 253
117 254
117 255
117 195
117 350
117 108
117 190
117 378
117 377
117 126
117 127
117 128
117 376
117 375
117 129
117 374
117 130
117 131
117 132
117 136
117 137
117 139
117 379
117 381
117 383
117 112
117 109
117 394
117 393
117 392
117 111
117 389
117 114
117 120
117 115
117 117
117 388
117 387
117 385
117 118
117 368
117 140
117 141
117 177
117 355
117 167
117 168
117 169
117 175
117 176
117 178
117 165
117 180
117 182
117 183
117 184
117 185
117 351
117 166
117 159
117 143
117 150
117 367
117 144
117 148
117 149
117 366
117 365
117 151
117 157
117 362
117 361
117 153
117 155
117 156
117 358
117 476
117 1400
117 478
117 1060
117 1081
117 1080
117 1079
117 1078
117 1076
117 1073
117 1071
117 1070
117 1069
117 1067
117 1063
117 1061
117 1059
117 1083
117 1058
117 1057
117 1053
117 1052
117 1051
117 1050
117 1049
117 1048
117 1046
117 1045
117 1044
117 1043
117 1082
117 1084
117 1036
117 1113
117 1131
117 1130
117 1128
117 1126
117 1125
117 1123
117 1122
117 1121
117 1120
117 1119
117 1118
117 1116
117 1109
117 1085
117 1102
117 1101
117 1100
117 1099
117 1098
117 1097
117 1096
117 1093
117 1089
117 1088
117 1087
117 1086
117 1038
117 1033
117 479
117 928
117 956
117 955
117 953
117 948
117 945
117 941
117 940
117 938
117 935
117 933
117 932
117 929
117 926
117 959
117 914
117 913
117 912
117 911
117 910
117 909
117 908
117 905
117 904
117 903
117 899
117 898
117 958
117 960
117 1031
117 1014
117 1030
117 1026
117 1025
117 1024
117 1023
117 1022
117 1021
117 1020
117 1019
117 1018
117 1017
117 1016
117 1013
117 964
117 1012
117 1011
117 1009
117 1008
117 1003
117 995
117 987
117 986
117 982
117 980
117 968
117 965
117 1132
117 1133
117 1134
117 1308
117 1342
117 1331
117 1330
117 1329
117 1327
117 1323
117 1322
117 1321
117 1317
117 1316
117 1314
117 1311
117 1302
117 1348
117 1300
117 1299
117 1295
117 1293
117 1287
117 1286
117 1283
117 1278
117 1275
117 1273
117 1271
117 1270
117 1346
117 1353
117 1137
117 1375
117 1397
117 1396
117 1395
117 1392
117 1389
117 1388
117 1387
117 1386
117 1385
117 1384
117 1383
117 1379
117 1374
117 1357
117 1372
117 1371
117 1369
117 1368
117 1367
117 1366
117 1365
117 1364
117 1363
117 1360
117 1359
117 1358
117 1269
117 1267
117 1266
117 1168
117 1185
117 1183
117 1182
117 1180
117 1178
117 1177
117 1176
117 1174
117 1173
117 1172
117 1171
117 1169
117 1166
117 1264
117 1160
117 1159
117 1158
117 1156
117 1155
117 1152
117 1148
117 1146
117 1144
117 1143
117 1141
117 1139
117 1187
117 1189
117 1190
117 1191
117 1257
117 1256
117 1254
117 1249
117 1246
117 1235
117 1234
117 1233
117 1232
117 1230
117 1227
117 1226
117 1225
117 1223
117 1222
117 1221
117 1220
117 1219
117 1216
117 1215
117 1210
117 1206
117 1199
117 1198
117 1196
117 897
117 896
117 895
117 614
117 634
117 633
117 631
117 630
117 629
117 622
117 621
117 620
117 619
117 617
117 616
117 615
117 613
117 640
117 611
117 608
117 607
117 606
117 604
117 603
117 602
117 598
117 597
117 595
117 594
117 592
117 635
117 641
117 692
117 667
117 687
117 686
117 685
117 684
117 682
117 681
117 680
117 676
117 672
117 671
117 669
117 668
117 664
117 642
117 663
117 660
117 659
117 654
117 653
117 652
117 651
117 648
117 647
117 646
117 644
117 643
117 591
117 590
117 589
117 502
117 525
117 524
117 519
117 518
117 517
117 516
117 512
117 510
117 509
117 507
117 504
117 503
117 500
117 587
117 497
117 496
117 491
117 489
117 488
117 487
117 486
117 485
117 483
117 482
117 481
117 480
117 527
117 529
117 532
117 533
117 586
117 584
117 583
117 582
117 581
117 578
117 571
117 570
117 568
117 563
117 560
117 552
117 551
117 550
117 549
117 548
117 546
117 545
117 544
117 543
117 540
117 539
117 538
117 535
117 534
117 691
117 701
117 892
117 838
117 853
117 852
117 850
117 848
117 847
117 846
117 845
117 843
117 842
117 841
117 840
117 839
117 837
117 857
117 836
117 835
117 834
117 833
117 832
117 831
117 829
117 828
117 827
117 825
117 823
117 822
117 855
117 858
117 702
117 876
117 891
117 890
117 889
117 888
117 887
117 885
117 884
117 883
117 880
117 879
117 878
117 877
117 875
117 860
117 874
117 873
117 871
117 870
117 869
117 868
117 867
117 865
117 864
117 863
117 862
117 861
117 821
117 820
117 818
117 733
117 748
117 746
117 745
117 744
117 743
117 742
117 741
117 740
117 739
117 738
117 737
117 735
117 732
117 817
117 731
117 730
117 729
117 727
117 726
117 725
117 722
117 720
117 716
117 707
117 706
117 703
117 749
117 750
117 751
117 752
117 807
117 805
117 795
117 791
117 789
117 787
117 784
117 780
117 779
117 778
117 777
117 775
117 774
117 771
117 770
117 769
117 768
117 767
117 765
117 763
117 762
117 760
117 758
117 755
117 754
117 700
