118 246
118 923
118 803
118 1062
118 520
118 1074
118 1075
118 1243
118 924
118 229
118 545
118 431
118 1239
118 360
118 809
118 1124
118 811
118 230
118 688
118 1305
118 599
118 672
118 816
118 204
118 235
118 815
118 1380
118 225
118 1352
118 600
118 233
118 252
118 610
118 279
118 1188
118 671
118 434
118 1259
118 1112
118 1005
118 210
118 638
118 698
118 1
118 1214
118 993
118 1350
118 1381
118 465
118 632
118 146
118 432
118 203
118 141
118 799
118 234
118 801
118 484
118 1197
118 516
118 925
118 1328
118 650
118 701
118 498
118 231
118 1092
118 712
118 433
118 179
118 1265
118 1164
118 1218
118 1256
118 1153
118 683
118 384
118 188
118 1333
118 1289
118 922
118 678
118 379
118 901
118 1339
118 791
118 699
118 899
118 1345
118 44
118 1193
118 1093
118 290
118 1274
118 245
118 36
118 1291
118 708
118 197
118 1319
118 1247
118 978
118 77
118 297
118 226
118 927
118 318
118 370
118 447
118 266
118 1332
118 1347
118 172
118 1377
118 273
118 1334
118 700
118 749
118 1343
118 247
118 66
118 547
118 758
118 624
118 662
118 1331
118 452
118 814
118 780
118 326
118 634
118 679
118 992
118 702
118 106
118 25
118 860
118 69
118 711
118 531
118 713
118 709
118 232
118 124
118 1219
118 813
118 666
118 494
118 186
118 349
118 559
118 753
118 1089
118 79
118 1301
118 163
118 920
118 443
118 971
118 1006
118 86
118 625
118 1104
118 1105
118 161
118 27
118 918
118 93
118 523
118 1280
118 1344
118 1202
118 122
118 56
118 528
118 164
118 1393
118 453
118 441
118 1147
118 808
118 142
118 369
118 196
118 289
118 372
118 469
118 553
118 1310
118 1002
118 673
118 674
118 275
118 192
118 160
118 797
118 849
118 946
118 1217
118 966
118 181
118 206
118 781
118 677
118 685
118 530
118 779
118 137
118 807
118 680
118 248
118 410
118 706
118 1263
118 363
118 795
118 561
118 802
118 1346
118 1111
118 609
118 205
118 886
118 692
118 1391
118 976
118 147
118 580
118 572
118 486
118 655
118 435
118 1255
118 1179
118 556
118 715
118 1066
118 991
118 633
118 356
118 783
118 513
118 288
118 296
118 85
118 670
118 981
118 1154
118 1279
118 154
118 658
118 456
118 283
118 1201
118 606
118 994
118 601
118 1292
118 20
118 35
118 312
118 1304
118 1106
118 1211
118 287
118 1108
118 967
118 794
118 975
118 250
118 792
118 270
118 714
118 695
118 94
118 1330
118 536
118 719
118 1209
118 508
118 747
118 1336
118 332
118 997
118 1337
118 337
118 973
118 51
118 1079
118 1373
118 1114
118 631
118 983
118 13
118 577
118 626
118 704
118 1262
118 105
118 134
118 311
118 1299
118 916
118 43
118 541
118 717
118 60
118 261
118 689
118 1297
118 208
118 1224
118 1329
118 198
118 969
118 414
118 468
118 800
118 470
118 921
118 1157
118 1309
118 2
118 19
118 211
118 665
118 1349
118 390
118 450
118 95
118 598
118 877
118 999
118 173
118 573
118 574
118 1009
118 522
118 391
118 657
118 260
118 412
118 1169
118 216
118 892
118 158
118 690
118 52
118 705
118 1151
118 1348
118 943
118 1064
118 1184
118 329
118 57
118 492
118 446
118 947
118 1212
118 637
118 87
118 982
118 416
118 373
118 97
118 174
118 772
118 1130
118 272
118 518
118 1246
118 1115
118 1186
118 569
118 33
118 293
118 438
118 421
118 796
118 1008
118 1272
118 896
118 746
118 1394
118 342
118 987
118 1231
118 1213
118 1140
118 1117
118 11
118 1091
118 696
118 1390
118 874
118 14
118 120
118 1149
118 537
118 1335
118 333
118 442
118 428
118 675
118 493
118 566
118 938
118 336
118 956
118 555
118 757
118 1351
118 323
118 1040
118 939
118 200
118 1316
118 100
118 1384
118 1296
118 501
118 1029
118 972
118 481
118 1241
118 423
118 282
118 415
118 859
118 1379
118 58
118 748
118 1171
118 101
118 546
118 259
118 29
118 822
118 499
118 110
118 759
118 1281
118 567
118 1253
118 228
118 1366
118 324
118 406
118 119
118 970
118 1318
118 5
118 782
118 202
118 1277
118 328
118 295
118 661
118 907
118 294
118 495
118 576
118 1342
118 831
118 1161
118 1145
118 663
118 933
118 253
118 307
118 904
118 1215
118 812
118 182
118 359
118 26
118 1047
118 919
118 1311
118 1076
118 888
118 585
118 317
118 1320
118 473
118 592
118 818
118 1314
118 1142
118 823
118 697
118 1163
118 24
118 682
118 917
118 629
118 1156
118 351
118 23
118 357
118 1120
118 557
118 1070
118 979
118 129
118 362
118 798
118 1135
118 17
118 1248
118 544
118 37
118 1177
118 258
118 1238
118 1065
118 201
118 404
118 12
118 1094
118 1245
118 1227
118 707
118 550
118 284
118 826
118 605
118 331
118 565
118 861
118 84
118 554
118 623
118 716
118 1341
118 763
118 540
118 962
118 1303
118 929
118 503
118 1100
118 113
118 1362
118 444
118 316
118 8
118 504
118 73
118 881
118 646
118 222
118 857
118 1240
118 445
118 608
118 401
118 96
118 1194
118 1294
118 353
118 286
118 870
118 824
118 517
118 1317
118 82
118 168
118 1271
118 1172
118 897
118 856
118 1221
118 300
118 40
118 542
118 1340
118 1229
118 1030
118 299
118 267
118 371
118 627
118 905
118 319
118 718
118 1206
118 1223
118 1232
118 1082
118 1088
118 1131
118 762
118 292
118 1162
118 306
118 1139
118 732
118 81
118 720
118 908
118 575
118 731
118 496
118 766
118 790
118 380
118 78
118 1056
118 1096
118 345
118 21
118 845
118 4
118 1173
118 1387
118 125
118 80
118 563
118 1004
118 875
118 464
118 751
118 1371
118 664
118 594
118 242
118 806
118 959
118 237
118 189
118 1356
118 1367
118 254
118 32
118 1355
118 1364
118 1119
118 1069
118 315
118 291
118 1361
118 784
118 1039
118 42
118 635
118 1324
118 133
118 645
118 7
118 902
118 593
118 909
118 1095
118 1244
118 590
118 340
118 364
118 848
118 953
118 239
118 894
118 102
118 74
118 156
118 865
118 1098
118 1386
118 53
118 437
118 1097
118 448
118 693
118 838
118 534
118 1338
118 1268
118 529
118 334
118 1195
118 1165
118 1099
118 597
118 303
118 277
118 1395
118 375
118 304
118 176
118 262
118 244
118 847
118 737
118 686
118 355
118 123
118 89
118 132
118 954
118 649
118 1287
118 1307
118 1205
118 941
118 1249
118 1126
118 347
118 769
118 846
118 449
118 1159
118 535
118 145
118 887
118 1313
118 667
118 217
118 68
118 466
118 615
118 1396
118 543
118 568
118 9
118 1167
118 1196
118 1031
118 55
118 397
118 61
118 1237
118 604
118 139
118 930
118 1132
118 249
118 1001
118 117
118 1191
118 185
118 269
118 1323
118 548
118 1110
118 403
118 1400
118 1109
118 39
118 613
118 49
118 773
118 602
118 506
118 519
118 193
118 1077
118 377
118 308
118 653
118 190
118 998
118 489
118 620
118 754
118 765
118 1013
118 346
118 1018
118 876
118 1273
118 171
118 1128
118 184
118 511
118 338
118 867
118 961
118 1282
118 912
118 1295
118 839
118 942
118 618
118 220
118 1057
118 1207
118 974
118 417
118 128
118 1251
118 760
118 828
118 114
118 964
118 562
118 152
118 166
118 729
118 1326
118 1264
118 1107
118 1220
118 276
118 614
118 344
118 170
118 858
118 628
118 395
118 636
118 764
118 59
118 240
118 1051
118 788
118 560
118 1322
118 1203
118 710
118 1225
118 151
118 131
118 1019
118 996
118 603
118 219
118 187
118 1235
118 1300
118 660
118 274
118 209
118 1375
118 1321
118 1204
118 140
118 588
118 1144
118 199
118 928
118 165
118 83
118 721
118 378
118 383
118 386
118 374
118 385
118 387
118 361
118 394
118 341
118 354
118 1363
118 339
118 365
118 366
118 388
118 382
118 1365
118 343
118 392
118 335
118 358
118 393
118 350
118 381
118 330
118 389
118 376
118 367
118 352
118 368
118 348
118 213
118 327
118 116
118 90
118 91
118 92
118 98
118 99
118 103
118 104
118 107
118 108
118 109
118 111
118 112
118 115
118 118
118 76
118 121
118 126
118 127
118 130
118 135
118 136
118 138
118 143
118 144
118 148
118 149
118 150
118 153
118 88
118 75
118 157
118 41
118 3
118 6
118 10
118 15
118 16
118 18
118 22
118 28
118 30
118 31
118 34
118 1398
118 38
118 1397
118 72
118 45
118 46
118 47
118 48
118 50
118 54
118 62
118 63
118 64
118 65
118 67
118 70
118 71
118 155
118 159
118 325
118 281
118 251
118 255
118 256
118 257
118 263
118 264
118 265
118 1372
118 268
118 271
118 278
118 1370
118 280
118 285
118 243
118 1369
118 1368
118 298
118 301
118 302
118 305
118 309
118 310
118 313
118 314
118 320
118 321
118 322
118 1374
118 241
118 162
118 207
118 167
118 169
118 175
118 177
118 178
118 1392
118 180
118 183
118 191
118 194
118 195
118 1389
118 1388
118 212
118 238
118 214
118 215
118 218
118 221
118 223
118 224
118 1385
118 227
118 1383
118 1382
118 1378
118 1376
118 236
118 396
118 1283
118 398
118 1024
118 1022
118 1021
118 1020
118 1017
118 1016
118 1015
118 1014
118 1012
118 1011
118 1010
118 1007
118 1308
118 1003
118 1000
118 995
118 990
118 989
118 988
118 986
118 985
118 984
118 1023
118 1025
118 977
118 1026
118 1054
118 1053
118 1052
118 1050
118 1049
118 1048
118 1046
118 1045
118 1044
118 1043
118 1042
118 1041
118 1038
118 1037
118 1036
118 1035
118 1034
118 1033
118 1032
118 1028
118 1027
118 980
118 968
118 399
118 914
118 911
118 910
118 906
118 903
118 900
118 898
118 895
118 893
118 891
118 890
118 889
118 885
118 884
118 883
118 882
118 880
118 879
118 878
118 873
118 872
118 871
118 913
118 915
118 965
118 1315
118 963
118 960
118 958
118 957
118 955
118 952
118 951
118 950
118 949
118 948
118 945
118 944
118 940
118 937
118 936
118 935
118 934
118 932
118 931
118 926
118 1312
118 1055
118 1058
118 1059
118 1230
118 1226
118 1222
118 1293
118 1216
118 1210
118 1208
118 1200
118 1199
118 1198
118 1192
118 1190
118 1189
118 1187
118 1185
118 1183
118 1182
118 1181
118 1180
118 1178
118 1176
118 1175
118 1228
118 1233
118 1060
118 1234
118 1278
118 1276
118 1275
118 1284
118 1270
118 1269
118 1267
118 1266
118 1285
118 1261
118 1260
118 1286
118 1258
118 1257
118 1254
118 1252
118 1250
118 1288
118 1290
118 1242
118 1236
118 1174
118 1170
118 1168
118 1166
118 1103
118 1102
118 1101
118 1302
118 1090
118 1087
118 1086
118 1085
118 1084
118 1083
118 1081
118 1080
118 1078
118 1306
118 1073
118 1072
118 1071
118 1068
118 1067
118 1063
118 1061
118 1113
118 1116
118 1118
118 1141
118 1298
118 1160
118 1158
118 1155
118 1152
118 1150
118 1148
118 1146
118 1143
118 1138
118 1121
118 1137
118 1136
118 1134
118 1133
118 1129
118 1127
118 1125
118 1123
118 1122
118 869
118 868
118 866
118 538
118 532
118 527
118 526
118 525
118 524
118 521
118 1353
118 1354
118 515
118 514
118 512
118 510
118 509
118 507
118 505
118 502
118 500
118 497
118 491
118 490
118 488
118 533
118 539
118 617
118 549
118 612
118 611
118 607
118 596
118 595
118 591
118 589
118 587
118 586
118 584
118 583
118 582
118 581
118 579
118 578
118 571
118 570
118 564
118 558
118 552
118 551
118 487
118 485
118 483
118 482
118 436
118 1359
118 1360
118 430
118 429
118 427
118 426
118 425
118 424
118 422
118 420
118 419
118 418
118 413
118 411
118 409
118 408
118 407
118 405
118 402
118 400
118 439
118 440
118 1358
118 467
118 480
118 479
118 478
118 477
118 476
118 475
118 474
118 472
118 471
118 1357
118 451
118 463
118 462
118 461
118 460
118 459
118 458
118 457
118 455
118 454
118 616
118 619
118 864
118 821
118 819
118 817
118 810
118 805
118 804
118 1325
118 793
118 789
118 787
118 786
118 785
118 778
118 777
118 776
118 775
118 774
118 771
118 770
118 768
118 767
118 761
118 820
118 825
118 621
118 827
118 863
118 862
118 855
118 854
118 853
118 852
118 851
118 850
118 844
118 843
118 842
118 841
118 840
118 837
118 836
118 835
118 834
118 833
118 832
118 830
118 829
118 756
118 755
118 752
118 750
118 691
118 687
118 684
118 681
118 676
118 669
118 668
118 659
118 656
118 654
118 652
118 651
118 648
118 647
118 644
118 643
118 641
118 640
118 639
118 630
118 622
118 694
118 1399
118 703
118 735
118 745
118 744
118 743
118 742
118 741
118 740
118 739
118 738
118 736
118 734
118 1327
118 733
118 730
118 728
118 727
118 726
118 725
118 724
118 723
118 722
118 642
