119 926
119 533
119 897
119 1055
119 1024
119 744
119 928
119 1116
119 1362
119 763
119 765
119 642
119 1056
119 1033
119 1361
119 1045
119 789
119 1051
119 952
119 1070
119 1331
119 1118
119 956
119 1068
119 938
119 852
119 1129
119 930
119 1132
119 1133
119 842
119 1091
119 1145
119 1176
119 1359
119 739
119 863
119 1054
119 830
119 1034
119 1131
119 846
119 785
119 932
119 1046
119 781
119 833
119 1171
119 953
119 838
119 831
119 1126
119 823
119 1177
119 58
119 894
119 1309
119 1173
119 827
119 1260
119 769
119 1053
119 382
119 1069
119 955
119 1064
119 786
119 629
119 1058
119 1371
119 565
119 822
119 1084
119 470
119 1038
119 1062
119 912
119 520
119 627
119 566
119 839
119 851
119 1122
119 168
119 1270
119 847
119 924
119 1048
119 855
119 515
119 1017
119 435
119 784
119 957
119 15
119 943
119 777
119 1256
119 1294
119 647
119 47
119 277
119 114
119 742
119 937
119 324
119 1130
119 116
119 1222
119 186
119 821
119 105
119 1172
119 1159
119 826
119 850
119 241
119 641
119 891
119 454
119 743
119 740
119 1107
119 428
119 1154
119 888
119 1363
119 1081
119 737
119 1258
119 1253
119 638
119 539
119 783
119 801
119 1381
119 673
119 1232
119 1015
119 425
119 451
119 52
119 567
119 1170
119 954
119 384
119 824
119 734
119 583
119 323
119 136
119 644
119 1136
119 1123
119 494
119 812
119 1285
119 764
119 1234
119 1094
119 1095
119 457
119 971
119 735
119 224
119 1044
119 1075
119 931
119 1020
119 1057
119 1119
119 1137
119 1078
119 1261
119 331
119 1022
119 1117
119 659
119 1074
119 1050
119 149
119 605
119 1375
119 1307
119 381
119 1230
119 624
119 829
119 1182
119 162
119 730
119 169
119 57
119 365
119 950
119 1306
119 1368
119 854
119 1112
119 936
119 1032
119 448
119 1178
119 997
119 1141
119 1025
119 1076
119 92
119 176
119 925
119 443
119 122
119 171
119 468
119 1293
119 631
119 1105
119 656
119 366
119 258
119 802
119 102
119 484
119 683
119 379
119 646
119 754
119 915
119 993
119 672
119 1229
119 232
119 1067
119 819
119 1262
119 648
119 531
119 23
119 287
119 653
119 635
119 422
119 1281
119 729
119 680
119 934
119 193
119 596
119 1204
119 951
119 1264
119 94
119 973
119 225
119 725
119 1135
119 722
119 369
119 117
119 1035
119 564
119 762
119 296
119 1265
119 1292
119 189
119 372
119 1146
119 864
119 908
119 1003
119 1223
119 941
119 922
119 1332
119 916
119 970
119 130
119 1352
119 600
119 843
119 1013
119 1334
119 603
119 427
119 1021
119 576
119 310
119 485
119 845
119 967
119 1184
119 109
119 788
119 575
119 1311
119 488
119 120
119 56
119 593
119 828
119 248
119 690
119 534
119 1396
119 674
119 1276
119 1089
119 1364
119 803
119 1165
119 714
119 844
119 166
119 800
119 1082
119 13
119 1006
119 1012
119 848
119 760
119 569
119 1227
119 1283
119 671
119 787
119 205
119 595
119 1191
119 1039
119 53
119 1128
119 1201
119 483
119 1175
119 889
119 1279
119 551
119 1351
119 522
119 1156
119 761
119 317
119 825
119 1356
119 197
119 1245
119 1060
119 1139
119 1225
119 351
119 630
119 1106
119 424
119 1382
119 370
119 496
119 311
119 939
119 901
119 689
119 1030
119 363
119 390
119 773
119 991
119 1263
119 140
119 261
119 779
119 977
119 299
119 1181
119 174
119 678
119 776
119 19
119 1093
119 335
119 362
119 721
119 498
119 1342
119 962
119 78
119 51
119 1280
119 896
119 1153
119 697
119 946
119 949
119 966
119 986
119 326
119 215
119 1071
119 432
119 521
119 1115
119 657
119 14
119 170
119 1353
119 811
119 841
119 1343
119 751
119 1349
119 1310
119 961
119 580
119 133
119 917
119 1219
119 236
119 1127
119 665
119 519
119 96
119 1236
119 856
119 1231
119 334
119 276
119 537
119 1315
119 582
119 364
119 541
119 279
119 696
119 655
119 456
119 686
119 1289
119 715
119 322
119 1203
119 662
119 431
119 1322
119 608
119 1000
119 221
119 727
119 128
119 530
119 1023
119 262
119 1275
119 283
119 1296
119 574
119 474
119 1059
119 25
119 920
119 452
119 766
119 782
119 282
119 269
119 242
119 1291
119 560
119 944
119 1092
119 1166
119 1001
119 794
119 173
119 1104
119 85
119 1002
119 245
119 1355
119 676
119 1354
119 434
119 1004
119 840
119 80
119 698
119 818
119 809
119 1148
119 1114
119 548
119 857
119 545
119 188
119 1300
119 81
119 972
119 349
119 1100
119 206
119 475
119 354
119 650
119 291
119 1121
119 1386
119 1061
119 1329
119 1241
119 76
119 183
119 266
119 492
119 602
119 692
119 510
119 682
119 736
119 976
119 329
119 733
119 616
119 446
119 513
119 948
119 115
119 853
119 556
119 592
119 1277
119 799
119 467
119 211
119 1041
119 1019
119 975
119 636
119 234
119 1380
119 1271
119 726
119 179
119 79
119 318
119 11
119 1395
119 375
119 1274
119 164
119 1370
119 486
119 449
119 974
119 887
119 681
119 423
119 20
119 1205
119 610
119 679
119 1339
119 601
119 1319
119 1321
119 623
119 994
119 167
119 10
119 1134
119 138
119 677
119 1346
119 563
119 231
119 1333
119 1
119 695
119 272
119 110
119 228
119 433
119 338
119 798
119 59
119 332
119 55
119 667
119 865
119 12
119 389
119 62
119 289
119 1350
119 220
119 145
119 139
119 198
119 341
119 980
119 768
119 573
119 992
119 376
119 1111
119 401
119 1198
119 278
119 1009
119 756
119 46
119 1214
119 1016
119 898
119 709
119 1110
119 1224
119 1208
119 233
119 688
119 664
119 252
119 1304
119 347
119 1183
119 367
119 1266
119 661
119 39
119 675
119 693
119 7
119 807
119 5
119 731
119 881
119 860
119 518
119 1040
119 1164
119 1372
119 717
119 996
119 158
119 89
119 308
119 216
119 837
119 874
119 132
119 147
119 1374
119 1365
119 17
119 628
119 512
119 249
119 75
119 1398
119 687
119 905
119 304
119 346
119 876
119 1336
119 123
119 112
119 514
119 247
119 1302
119 290
119 28
119 239
119 60
119 804
119 74
119 69
119 554
119 3
119 528
119 942
119 124
119 180
119 719
119 212
119 1047
119 1124
119 1295
119 836
119 814
119 525
119 345
119 151
119 536
119 1383
119 38
119 1366
119 921
119 1169
119 701
119 406
119 588
119 555
119 529
119 251
119 572
119 749
119 1385
119 1217
119 1215
119 1376
119 978
119 815
119 1239
119 1242
119 97
119 419
119 508
119 816
119 182
119 184
119 26
119 553
119 1387
119 1144
119 509
119 808
119 1326
119 373
119 867
119 633
119 1248
119 511
119 1043
119 204
119 297
119 1108
119 409
119 469
119 540
119 614
119 1008
119 935
119 612
119 312
119 1138
119 1097
119 315
119 244
119 940
119 1125
119 1249
119 178
119 1142
119 1297
119 859
119 48
119 83
119 250
119 694
119 589
119 417
119 1158
119 395
119 981
119 1188
119 752
119 1211
119 187
119 904
119 979
119 535
119 464
119 280
119 288
119 219
119 759
119 796
119 1244
119 1210
119 50
119 410
119 1247
119 229
119 29
119 669
119 885
119 1337
119 141
119 1157
119 1216
119 111
119 163
119 359
119 421
119 416
119 1031
119 652
119 806
119 1027
119 404
119 1237
119 411
119 835
119 741
119 201
119 36
119 441
119 473
119 491
119 436
119 44
119 1246
119 927
119 550
119 177
119 1090
119 884
119 1378
119 1187
119 1323
119 126
119 1392
119 403
119 63
119 121
119 337
119 1341
119 35
119 1330
119 707
119 18
119 1072
119 160
119 817
119 503
119 506
119 209
119 620
119 213
119 923
119 240
119 444
119 316
119 8
119 388
119 1161
119 43
119 489
119 465
119 558
119 195
119 270
119 208
119 1042
119 22
119 813
119 723
119 704
119 196
119 792
119 1174
119 445
119 1240
119 342
119 1259
119 237
119 210
119 586
119 523
119 495
119 353
119 637
119 1010
119 172
119 1313
119 988
119 663
119 286
119 32
119 466
119 626
119 870
119 1384
119 517
119 1317
119 1195
119 1278
119 64
119 328
119 810
119 1212
119 95
119 1103
119 259
119 1233
119 100
119 202
119 1379
119 274
119 1221
119 1335
119 40
119 1303
119 1207
119 720
119 267
119 371
119 907
119 319
119 899
119 718
119 487
119 883
119 1255
119 805
119 306
119 1066
119 964
119 1320
119 442
119 150
119 562
119 1344
119 152
119 1190
119 175
119 380
119 1194
119 1096
119 54
119 374
119 21
119 4
119 49
119 125
119 70
119 858
119 1206
119 746
119 305
119 430
119 226
119 875
119 1213
119 634
119 1267
119 300
119 594
119 194
119 37
119 230
119 685
119 987
119 1143
119 959
119 658
119 1088
119 710
119 1367
119 254
119 285
119 1328
119 1200
119 1011
119 42
119 253
119 1324
119 645
119 591
119 724
119 909
119 1235
119 414
119 590
119 340
119 900
119 275
119 598
119 933
119 255
119 559
119 156
119 1098
119 711
119 222
119 791
119 437
119 358
119 892
119 257
119 1338
119 325
119 983
119 732
119 101
119 1099
119 654
119 625
119 597
119 303
119 561
119 355
119 649
119 383
119 1287
119 356
119 450
119 849
119 1080
119 321
119 989
119 260
119 1243
119 772
119 217
119 578
119 780
119 1268
119 666
119 68
119 770
119 1155
119 307
119 615
119 945
119 1312
119 27
119 142
119 543
119 568
119 9
119 499
119 165
119 1167
119 1196
119 547
119 87
119 397
119 481
119 1347
119 413
119 61
119 604
119 1218
119 1147
119 1250
119 293
119 129
119 1254
119 546
119 33
119 1316
119 16
119 415
119 391
119 1400
119 797
119 1151
119 1109
119 606
119 447
119 712
119 613
119 557
119 893
119 1052
119 1077
119 302
119 377
119 190
119 998
119 263
119 1185
119 758
119 1238
119 348
119 309
119 192
119 1018
119 1273
119 984
119 84
119 227
119 134
119 1390
119 1282
119 1193
119 713
119 439
119 618
119 691
119 985
119 919
119 426
119 1251
119 2
119 903
119 352
119 1163
119 191
119 999
119 1220
119 66
119 344
119 458
119 155
119 599
119 453
119 292
119 294
119 24
119 131
119 493
119 73
119 753
119 660
119 757
119 1226
119 185
119 199
119 82
119 77
119 1014
119 1007
119 1036
119 106
119 969
119 107
119 1290
119 982
119 108
119 1029
119 1301
119 1028
119 1299
119 1026
119 31
119 990
119 995
119 1397
119 119
119 118
119 1298
119 1305
119 1005
119 1394
119 113
119 30
119 41
119 1308
119 914
119 154
119 153
119 895
119 902
119 1340
119 906
119 148
119 910
119 146
119 911
119 144
119 143
119 913
119 918
119 1314
119 1327
119 929
119 137
119 947
119 1325
119 135
119 1318
119 958
119 960
119 963
119 965
119 968
119 127
119 104
119 1393
119 103
119 1037
119 71
119 1150
119 1377
119 1373
119 1152
119 67
119 65
119 1160
119 1162
119 1358
119 1168
119 1179
119 1180
119 1369
119 1186
119 1189
119 1192
119 1284
119 1197
119 1199
119 1202
119 1209
119 1272
119 1228
119 1360
119 45
119 1269
119 1252
119 1257
119 72
119 1149
119 1140
119 90
119 1049
119 1288
119 99
119 98
119 1063
119 1065
119 1073
119 34
119 6
119 93
119 1391
119 1079
119 91
119 1083
119 1120
119 1286
119 1345
119 88
119 1085
119 86
119 1086
119 1357
119 1087
119 1101
119 1102
119 1389
119 1388
119 1113
119 1348
119 862
119 157
119 478
119 497
119 490
119 482
119 281
119 480
119 479
119 284
119 477
119 501
119 476
119 472
119 471
119 463
119 462
119 461
119 295
119 500
119 502
119 890
119 264
119 256
119 544
119 542
119 538
119 532
119 527
119 526
119 265
119 273
119 524
119 516
119 268
119 507
119 505
119 271
119 504
119 460
119 459
119 298
119 333
119 393
119 327
119 392
119 387
119 330
119 386
119 385
119 378
119 455
119 336
119 368
119 361
119 339
119 360
119 357
119 343
119 394
119 396
119 398
119 399
119 301
119 440
119 438
119 429
119 420
119 418
119 313
119 314
119 412
119 408
119 407
119 405
119 402
119 320
119 400
119 549
119 552
119 570
119 771
119 795
119 793
119 181
119 790
119 778
119 775
119 774
119 767
119 728
119 755
119 750
119 748
119 747
119 200
119 745
119 738
119 820
119 832
119 834
119 861
119 159
119 886
119 161
119 882
119 880
119 879
119 878
119 877
119 873
119 872
119 871
119 869
119 868
119 866
119 350
119 203
119 716
119 571
119 607
119 621
119 619
119 617
119 235
119 611
119 238
119 609
119 243
119 207
119 587
119 585
119 246
119 584
119 581
119 579
119 577
119 622
119 632
119 639
119 640
119 708
119 706
119 705
119 703
119 702
119 214
119 1399
119 699
119 218
119 684
119 670
119 668
119 223
119 651
119 643
119 700
