120 769
120 887
120 1146
120 890
120 885
120 886
120 897
120 741
120 740
120 1068
120 1070
120 1116
120 926
120 1123
120 888
120 1145
120 1172
120 739
120 642
120 1177
120 891
120 833
120 765
120 31
120 889
120 847
120 1117
120 1122
120 928
120 1126
120 743
120 760
120 953
120 1052
120 764
120 932
120 831
120 843
120 935
120 846
120 854
120 763
120 400
120 396
120 1067
120 1178
120 841
120 1013
120 936
120 852
120 1171
120 898
120 937
120 1173
120 862
120 1176
120 15
120 1129
120 1034
120 1038
120 1174
120 822
120 742
120 929
120 915
120 761
120 957
120 848
120 1071
120 1051
120 1053
120 1376
120 744
120 853
120 955
120 856
120 842
120 1131
120 1037
120 1400
120 850
120 627
120 826
120 1118
120 851
120 766
120 1035
120 1132
120 956
120 839
120 1031
120 586
120 930
120 830
120 952
120 1060
120 820
120 844
120 934
120 723
120 951
120 1399
120 195
120 824
120 1050
120 1048
120 948
120 1182
120 52
120 1175
120 827
120 1058
120 858
120 838
120 224
120 864
120 1359
120 390
120 512
120 1119
120 1121
120 722
120 823
120 870
120 1023
120 1026
120 1017
120 81
120 1021
120 855
120 95
120 603
120 1029
120 1309
120 1014
120 1022
120 859
120 279
120 1066
120 1322
120 1054
120 425
120 435
120 1127
120 704
120 828
120 1059
120 508
120 857
120 685
120 14
120 320
120 611
120 581
120 1055
120 895
120 1135
120 1120
120 1020
120 1044
120 1139
120 1043
120 344
120 1183
120 1180
120 1125
120 12
120 967
120 1294
120 863
120 18
120 669
120 1033
120 1027
120 168
120 944
120 931
120 1339
120 1307
120 734
120 67
120 845
120 1360
120 1133
120 1396
120 1032
120 313
120 276
120 1030
120 1084
120 518
120 646
120 1327
120 1362
120 412
120 1358
120 1238
120 1137
120 829
120 537
120 82
120 42
120 92
120 229
120 1306
120 1134
120 341
120 460
120 201
120 447
120 414
120 1285
120 523
120 497
120 72
120 1076
120 1357
120 950
120 785
120 837
120 1012
120 105
120 1025
120 66
120 980
120 149
120 894
120 91
120 1015
120 924
120 825
120 419
120 868
120 1387
120 51
120 835
120 645
120 865
120 228
120 1056
120 767
120 382
120 29
120 791
120 1254
120 183
120 662
120 502
120 452
120 73
120 87
120 637
120 1036
120 705
120 263
120 527
120 185
120 911
120 454
120 962
120 1111
120 539
120 580
120 1324
120 987
120 462
120 448
120 614
120 395
120 883
120 1192
120 1042
120 1193
120 474
120 1361
120 1315
120 982
120 50
120 388
120 486
120 884
120 481
120 534
120 1028
120 1046
120 1069
120 281
120 507
120 1112
120 1272
120 85
120 151
120 302
120 707
120 564
120 728
120 351
120 525
120 135
120 1081
120 455
120 30
120 122
120 733
120 405
120 1347
120 1016
120 287
120 1087
120 463
120 342
120 1041
120 789
120 1148
120 792
120 399
120 1310
120 561
120 115
120 191
120 1061
120 225
120 1159
120 110
120 1106
120 1301
120 510
120 1304
120 1334
120 533
120 166
120 1105
120 940
120 173
120 1078
120 751
120 866
120 812
120 269
120 468
120 325
120 479
120 1130
120 391
120 146
120 819
120 1190
120 456
120 1136
120 777
120 1374
120 544
120 653
120 782
120 547
120 907
120 1289
120 352
120 55
120 144
120 49
120 1383
120 1138
120 437
120 139
120 1222
120 938
120 522
120 1390
120 428
120 1154
120 814
120 389
120 567
120 1286
120 161
120 538
120 253
120 917
120 1018
120 213
120 566
120 364
120 155
120 1099
120 1295
120 328
120 459
120 296
120 188
120 1246
120 628
120 1263
120 1258
120 993
120 1281
120 44
120 1040
120 735
120 162
120 562
120 1256
120 558
120 286
120 262
120 784
120 802
120 179
120 1224
120 1367
120 210
120 672
120 214
120 1010
120 123
120 1128
120 725
120 184
120 779
120 601
120 327
120 774
120 1236
120 634
120 1398
120 680
120 954
120 212
120 1150
120 499
120 694
120 365
120 540
120 79
120 665
120 6
120 681
120 989
120 801
120 140
120 974
120 440
120 770
120 1024
120 1208
120 1343
120 387
120 916
120 918
120 335
120 90
120 141
120 877
120 114
120 550
120 1098
120 1253
120 289
120 1342
120 585
120 658
120 131
120 1115
120 1234
120 319
120 737
120 372
120 919
120 28
120 1207
120 579
120 1199
120 986
120 98
120 606
120 303
120 1248
120 1019
120 1072
120 13
120 787
120 418
120 836
120 48
120 927
120 793
120 675
120 1384
120 409
120 714
120 629
120 209
120 108
120 1185
120 1204
120 45
120 202
120 821
120 1332
120 1392
120 902
120 535
120 572
120 22
120 297
120 754
120 307
120 323
120 217
120 945
120 1341
120 912
120 720
120 882
120 138
120 1364
120 1320
120 1086
120 1195
120 988
120 1329
120 939
120 1090
120 104
120 592
120 583
120 299
120 1110
120 318
120 331
120 818
120 899
120 251
120 167
120 1147
120 660
120 618
120 1338
120 1386
120 220
120 163
120 762
120 272
120 332
120 595
120 608
120 349
120 1397
120 401
120 726
120 53
120 644
120 200
120 678
120 1279
120 1092
120 1109
120 682
120 1079
120 410
120 152
120 1298
120 513
120 729
120 732
120 231
120 731
120 1080
120 531
120 616
120 347
120 1389
120 94
120 112
120 759
120 120
120 772
120 861
120 810
120 375
120 1388
120 317
120 1219
120 542
120 942
120 266
120 68
120 984
120 599
120 786
120 1333
120 1382
120 1196
120 1393
120 677
120 1282
120 1265
120 977
120 985
120 975
120 1365
120 1082
120 1261
120 659
120 174
120 221
120 426
120 24
120 117
120 128
120 1366
120 881
120 1214
120 432
120 958
120 1255
120 1251
120 158
120 1075
120 280
120 1091
120 187
120 1039
120 345
120 574
120 54
120 206
120 234
120 696
120 193
120 1296
120 1003
120 17
120 368
120 1340
120 274
120 190
120 404
120 43
120 1375
120 1198
120 208
120 177
120 656
120 1179
120 189
120 192
120 132
120 1355
120 150
120 247
120 738
120 1373
120 1203
120 236
120 640
120 453
120 575
120 467
120 363
120 972
120 204
120 961
120 157
120 1297
120 1303
120 1057
120 921
120 1202
120 147
120 1277
120 267
120 222
120 1144
120 903
120 711
120 211
120 172
120 493
120 693
120 257
120 369
120 699
120 433
120 661
120 1300
120 77
120 1114
120 381
120 692
120 552
120 966
120 1184
120 1226
120 686
120 34
120 240
120 1291
120 788
120 576
120 47
120 730
120 205
120 476
120 1239
120 688
120 721
120 798
120 1280
120 1235
120 753
120 160
120 933
120 33
120 101
120 25
120 620
120 649
120 198
120 1244
120 869
120 1268
120 89
120 976
120 383
120 156
120 384
120 385
120 386
120 227
120 226
120 223
120 159
120 164
120 219
120 27
120 32
120 148
120 154
120 153
120 46
120 137
120 366
120 367
120 41
120 40
120 142
120 39
120 370
120 371
120 143
120 373
120 374
120 145
120 376
120 377
120 38
120 378
120 379
120 393
120 380
120 230
120 37
120 36
120 35
120 392
120 402
120 394
120 182
120 421
120 10
120 422
120 423
120 424
120 9
120 178
120 8
120 180
120 427
120 7
120 429
120 181
120 430
120 26
120 5
120 431
120 186
120 199
120 4
120 434
120 194
120 3
120 2
120 436
120 196
120 438
120 439
120 420
120 203
120 441
120 11
120 218
120 165
120 23
120 397
120 216
120 21
120 398
120 20
120 19
120 215
120 134
120 403
120 169
120 170
120 16
120 171
120 406
120 407
120 408
120 411
120 207
120 413
120 175
120 176
120 415
120 416
120 417
120 136
120 356
120 362
120 111
120 265
120 264
120 102
120 300
120 103
120 301
120 261
120 260
120 259
120 71
120 304
120 305
120 70
120 306
120 258
120 308
120 69
120 309
120 310
120 106
120 256
120 255
120 311
120 254
120 312
120 107
120 314
120 315
120 316
120 298
120 74
120 295
120 282
120 96
120 275
120 97
120 88
120 86
120 84
120 83
120 273
120 277
120 278
120 271
120 270
120 99
120 283
120 294
120 284
120 285
120 80
120 78
120 288
120 268
120 290
120 197
120 291
120 292
120 100
120 293
120 75
120 109
120 65
120 133
120 252
120 343
120 239
120 238
120 237
120 346
120 235
120 116
120 348
120 118
120 119
120 350
120 121
120 124
120 125
120 353
120 354
120 355
120 93
120 126
120 127
120 357
120 129
120 358
120 130
120 233
120 359
120 360
120 232
120 361
120 56
120 241
120 242
120 248
120 250
120 64
120 63
120 249
120 321
120 322
120 62
120 324
120 61
120 60
120 326
120 59
120 58
120 57
120 340
120 329
120 330
120 113
120 333
120 334
120 246
120 245
120 336
120 244
120 337
120 243
120 338
120 339
120 76
120 700
120 442
120 1089
120 1107
120 1104
120 1103
120 1102
120 1101
120 1100
120 1097
120 1096
120 1095
120 1094
120 1093
120 1088
120 1113
120 1085
120 1083
120 1077
120 1074
120 1073
120 1065
120 1064
120 1063
120 1062
120 1049
120 1047
120 1108
120 1124
120 443
120 1161
120 1186
120 1181
120 1170
120 1169
120 1168
120 1167
120 1166
120 1165
120 1164
120 1163
120 1162
120 1160
120 1140
120 1158
120 1157
120 1156
120 1155
120 1153
120 1152
120 1151
120 1149
120 1143
120 1142
120 1141
120 1045
120 1011
120 1009
120 920
120 963
120 960
120 959
120 949
120 947
120 946
120 943
120 941
120 925
120 923
120 922
120 914
120 1008
120 913
120 910
120 909
120 908
120 906
120 905
120 904
120 901
120 900
120 896
120 893
120 964
120 965
120 968
120 969
120 1007
120 1006
120 1005
120 1004
120 1002
120 1001
120 1000
120 999
120 998
120 997
120 996
120 995
120 994
120 992
120 991
120 990
120 983
120 981
120 979
120 978
120 973
120 971
120 970
120 1187
120 1188
120 1189
120 1317
120 1336
120 1335
120 1331
120 1330
120 1328
120 1326
120 1325
120 1323
120 1321
120 1319
120 1318
120 1316
120 1287
120 1314
120 1313
120 1312
120 1311
120 1308
120 1305
120 1302
120 1299
120 1293
120 1292
120 1290
120 1337
120 1344
120 1345
120 1346
120 1395
120 1394
120 1391
120 1385
120 1381
120 1380
120 1379
120 1378
120 1377
120 1372
120 1371
120 1370
120 1369
120 1368
120 1363
120 1356
120 1354
120 1353
120 1352
120 1351
120 1350
120 1349
120 1348
120 1288
120 1284
120 1191
120 1216
120 1231
120 1230
120 1229
120 1228
120 1227
120 1225
120 1223
120 1221
120 1220
120 1218
120 1217
120 1215
120 1283
120 1213
120 1212
120 1211
120 1210
120 1209
120 1206
120 1205
120 1201
120 1200
120 1197
120 1194
120 1232
120 1233
120 1237
120 1240
120 1278
120 1276
120 1275
120 1274
120 1273
120 1271
120 1270
120 1269
120 1267
120 1266
120 1264
120 1262
120 1260
120 1259
120 1257
120 1252
120 1250
120 1249
120 1247
120 1245
120 1243
120 1242
120 1241
120 892
120 880
120 879
120 556
120 577
120 573
120 571
120 570
120 569
120 568
120 565
120 563
120 560
120 559
120 557
120 555
120 529
120 554
120 553
120 551
120 549
120 548
120 546
120 545
120 543
120 541
120 536
120 532
120 578
120 582
120 584
120 587
120 622
120 621
120 619
120 617
120 615
120 613
120 612
120 610
120 609
120 607
120 605
120 604
120 602
120 600
120 598
120 597
120 596
120 594
120 593
120 591
120 590
120 589
120 588
120 530
120 528
120 624
120 469
120 484
120 483
120 482
120 480
120 478
120 477
120 475
120 473
120 472
120 471
120 470
120 466
120 526
120 465
120 464
120 461
120 458
120 457
120 451
120 450
120 449
120 446
120 445
120 444
120 485
120 487
120 488
120 489
120 524
120 521
120 520
120 519
120 517
120 516
120 515
120 514
120 511
120 509
120 506
120 505
120 504
120 503
120 501
120 500
120 498
120 496
120 495
120 494
120 492
120 491
120 490
120 623
120 625
120 878
120 771
120 796
120 795
120 794
120 790
120 783
120 781
120 780
120 778
120 776
120 775
120 773
120 768
120 727
120 758
120 757
120 756
120 755
120 752
120 750
120 749
120 748
120 747
120 746
120 745
120 797
120 799
120 800
120 803
120 876
120 875
120 874
120 873
120 872
120 871
120 867
120 860
120 849
120 840
120 834
120 832
120 817
120 816
120 815
120 813
120 811
120 809
120 808
120 807
120 806
120 805
120 804
120 736
120 724
120 626
120 650
120 670
120 668
120 667
120 666
120 664
120 663
120 657
120 655
120 654
120 652
120 651
120 648
120 719
120 647
120 643
120 641
120 639
120 638
120 636
120 635
120 633
120 632
120 631
120 630
120 671
120 673
120 674
120 676
120 718
120 717
120 716
120 715
120 713
120 712
120 710
120 709
120 708
120 706
120 703
120 702
120 701
120 698
120 697
120 695
120 691
120 690
120 689
120 687
120 684
120 683
120 679
120 1
