121 1146
121 769
121 888
121 887
121 31
121 1177
121 1178
121 1017
121 890
121 885
121 925
121 642
121 1173
121 926
121 741
121 932
121 1117
121 957
121 1131
121 1056
121 891
121 1037
121 739
121 897
121 935
121 1023
121 1116
121 886
121 740
121 831
121 1172
121 1032
121 744
121 1053
121 1127
121 1052
121 837
121 827
121 1122
121 400
121 743
121 1026
121 1145
121 951
121 1126
121 1022
121 761
121 875
121 1399
121 1099
121 1084
121 1015
121 833
121 419
121 766
121 948
121 580
121 1035
121 915
121 1174
121 862
121 1030
121 1013
121 822
121 928
121 1020
121 586
121 863
121 1176
121 858
121 1175
121 825
121 1024
121 956
121 1119
121 950
121 889
121 507
121 760
121 1121
121 1170
121 1012
121 823
121 1396
121 824
121 742
121 15
121 735
121 842
121 859
121 1288
121 1021
121 830
121 1387
121 1031
121 1183
121 839
121 1070
121 857
121 1050
121 835
121 1016
121 1268
121 581
121 195
121 1120
121 1400
121 767
121 763
121 765
121 937
121 856
121 258
121 820
121 852
121 1051
121 936
121 762
121 1234
121 1027
121 1359
121 1038
121 159
121 1058
121 462
121 736
121 1071
121 870
121 51
121 1184
121 1059
121 1362
121 412
121 1398
121 1358
121 95
121 428
121 707
121 745
121 497
121 1357
121 12
121 896
121 1055
121 1048
121 1019
121 864
121 898
121 1068
121 953
121 1014
121 1060
121 894
121 836
121 515
121 551
121 224
121 843
121 868
121 829
121 424
121 1025
121 865
121 29
121 186
121 1363
121 1361
121 204
121 821
121 828
121 1379
121 207
121 1029
121 1067
121 1307
121 1045
121 132
121 961
121 395
121 1192
121 644
121 287
121 846
121 838
121 982
121 792
121 778
121 486
121 481
121 646
121 844
121 262
121 782
121 38
121 817
121 1047
121 1134
121 351
121 1123
121 1057
121 30
121 647
121 1034
121 676
121 66
121 422
121 405
121 840
121 82
121 463
121 45
121 316
121 454
121 399
121 733
121 1063
121 42
121 783
121 73
121 850
121 952
121 1041
121 425
121 895
121 1132
121 726
121 970
121 13
121 677
121 983
121 1380
121 92
121 1109
121 1130
121 91
121 101
121 826
121 1279
121 730
121 1286
121 1180
121 437
121 215
121 768
121 46
121 980
121 247
121 403
121 674
121 396
121 310
121 1280
121 683
121 955
121 1018
121 533
121 460
121 223
121 281
121 628
121 734
121 881
121 860
121 929
121 819
121 398
121 328
121 764
121 727
121 811
121 168
121 385
121 1364
121 1309
121 607
121 341
121 1129
121 1342
121 641
121 845
121 1111
121 1135
121 1207
121 6
121 85
121 781
121 630
121 266
121 1157
121 1083
121 903
121 594
121 1088
121 1028
121 89
121 732
121 181
121 715
121 90
121 1139
121 81
121 684
121 550
121 1326
121 906
121 205
121 289
121 523
121 658
121 1381
121 1082
121 1069
121 1220
121 131
121 874
121 455
121 357
121 1346
121 606
121 938
121 564
121 447
121 967
121 18
121 1303
121 302
121 728
121 14
121 1046
121 962
121 1125
121 156
121 388
121 1329
121 1383
121 592
121 1227
121 527
121 1314
121 549
121 1171
121 470
121 563
121 1133
121 1195
121 1392
121 1165
121 135
121 912
121 1339
121 461
121 934
121 645
121 228
121 520
121 176
121 80
121 678
121 1118
121 119
121 753
121 884
121 206
121 1079
121 1277
121 1296
121 899
121 1287
121 1147
121 47
121 1386
121 1343
121 332
121 577
121 545
121 625
121 1331
121 648
121 270
121 342
121 798
121 1078
121 1209
121 315
121 279
121 277
121 142
121 680
121 939
121 706
121 1164
121 105
121 818
121 1137
121 72
121 933
121 1327
121 851
121 696
121 1166
121 317
121 1301
121 75
121 1110
121 1091
121 360
121 35
121 1072
121 1321
121 901
121 557
121 344
121 1
121 60
121 390
121 883
121 725
121 603
121 1044
121 602
121 976
121 368
121 1181
121 367
121 190
121 489
121 245
121 698
121 627
121 649
121 1284
121 572
121 556
121 374
121 754
121 1245
121 1334
121 1217
121 1273
121 1200
121 1197
121 679
121 184
121 662
121 290
121 112
121 697
121 467
121 1043
121 867
121 784
121 439
121 538
121 1295
121 311
121 1265
121 1089
121 555
121 128
121 2
121 144
121 115
121 1182
121 1294
121 197
121 288
121 801
121 221
121 185
121 488
121 729
121 579
121 724
121 406
121 1136
121 756
121 1154
121 276
121 601
121 170
121 1169
121 1198
121 924
121 635
121 304
121 97
121 902
121 794
121 721
121 779
121 720
121 575
121 541
121 78
121 1330
121 96
121 1225
121 149
121 1246
121 427
121 1235
121 701
121 917
121 660
121 99
121 100
121 1097
121 209
121 1375
121 1092
121 1271
121 1347
121 364
121 588
121 94
121 417
121 83
121 576
121 1313
121 329
121 331
121 1304
121 330
121 327
121 1305
121 321
121 312
121 313
121 1306
121 319
121 326
121 322
121 325
121 320
121 314
121 324
121 323
121 1308
121 318
121 300
121 1310
121 1315
121 1316
121 278
121 1317
121 275
121 274
121 273
121 272
121 271
121 1318
121 269
121 268
121 267
121 1319
121 265
121 264
121 263
121 1320
121 261
121 260
121 259
121 1322
121 280
121 282
121 309
121 283
121 308
121 307
121 306
121 305
121 303
121 1311
121 301
121 333
121 299
121 298
121 297
121 296
121 295
121 294
121 293
121 292
121 291
121 1312
121 286
121 285
121 284
121 1302
121 987
121 334
121 432
121 430
121 429
121 426
121 1274
121 1275
121 423
121 1276
121 421
121 420
121 1278
121 418
121 416
121 415
121 414
121 413
121 1281
121 411
121 410
121 409
121 408
121 407
121 1282
121 404
121 1283
121 402
121 431
121 433
121 335
121 434
121 1266
121 1267
121 459
121 458
121 457
121 456
121 1269
121 1270
121 453
121 452
121 451
121 450
121 449
121 448
121 446
121 445
121 444
121 443
121 442
121 441
121 440
121 438
121 1272
121 436
121 435
121 401
121 1285
121 1289
121 397
121 363
121 362
121 361
121 359
121 358
121 355
121 354
121 353
121 352
121 1297
121 350
121 349
121 348
121 347
121 346
121 345
121 1298
121 343
121 1299
121 1300
121 340
121 339
121 338
121 337
121 336
121 365
121 366
121 369
121 384
121 1290
121 1291
121 394
121 393
121 392
121 391
121 389
121 1292
121 387
121 386
121 1293
121 383
121 370
121 382
121 381
121 380
121 379
121 378
121 377
121 376
121 375
121 373
121 372
121 371
121 356
121 235
121 257
121 1356
121 1365
121 88
121 87
121 86
121 1366
121 84
121 1367
121 1368
121 1369
121 79
121 77
121 76
121 1370
121 74
121 1371
121 1372
121 71
121 70
121 69
121 68
121 67
121 1373
121 65
121 64
121 63
121 1360
121 1355
121 61
121 93
121 125
121 124
121 123
121 122
121 121
121 120
121 1351
121 118
121 117
121 116
121 114
121 113
121 111
121 110
121 109
121 108
121 107
121 106
121 1352
121 104
121 103
121 102
121 1353
121 98
121 1354
121 62
121 59
121 127
121 1389
121 27
121 26
121 25
121 24
121 23
121 22
121 21
121 20
121 19
121 1390
121 17
121 16
121 1391
121 1393
121 1394
121 1395
121 11
121 10
121 9
121 8
121 7
121 1397
121 5
121 4
121 3
121 28
121 1388
121 58
121 1385
121 57
121 56
121 55
121 54
121 53
121 52
121 1374
121 50
121 49
121 48
121 1376
121 1377
121 44
121 43
121 1378
121 41
121 40
121 39
121 1382
121 37
121 36
121 1384
121 34
121 33
121 32
121 126
121 129
121 256
121 227
121 225
121 1325
121 1328
121 222
121 220
121 219
121 218
121 217
121 216
121 214
121 213
121 212
121 211
121 210
121 208
121 1332
121 1333
121 1335
121 203
121 202
121 201
121 200
121 199
121 198
121 196
121 226
121 1324
121 194
121 229
121 255
121 254
121 253
121 252
121 251
121 250
121 249
121 248
121 1323
121 246
121 244
121 243
121 242
121 241
121 240
121 239
121 238
121 237
121 236
121 464
121 234
121 233
121 232
121 231
121 230
121 1336
121 193
121 130
121 160
121 158
121 157
121 1345
121 155
121 154
121 153
121 152
121 151
121 150
121 148
121 147
121 146
121 145
121 143
121 141
121 140
121 139
121 138
121 137
121 136
121 1348
121 134
121 133
121 1349
121 1350
121 1344
121 161
121 192
121 162
121 191
121 189
121 188
121 187
121 1337
121 183
121 182
121 1338
121 180
121 179
121 178
121 177
121 1340
121 175
121 174
121 173
121 172
121 171
121 169
121 1341
121 167
121 166
121 165
121 164
121 163
121 1264
121 494
121 465
121 1142
121 1144
121 1148
121 1149
121 1150
121 1151
121 1152
121 1153
121 1155
121 1156
121 1158
121 1159
121 816
121 815
121 814
121 813
121 812
121 1160
121 810
121 809
121 808
121 807
121 806
121 805
121 804
121 803
121 1143
121 1141
121 800
121 832
121 1100
121 1101
121 1102
121 855
121 854
121 853
121 1103
121 1104
121 1105
121 849
121 848
121 847
121 1106
121 1107
121 1108
121 1112
121 1113
121 841
121 1114
121 1115
121 1124
121 1128
121 1138
121 834
121 1140
121 802
121 799
121 861
121 1187
121 1189
121 1190
121 1191
121 759
121 758
121 757
121 755
121 1193
121 752
121 751
121 750
121 749
121 748
121 747
121 746
121 1194
121 1196
121 1199
121 1201
121 738
121 737
121 1202
121 1203
121 1204
121 1205
121 1188
121 1186
121 1161
121 1185
121 797
121 796
121 795
121 793
121 1162
121 791
121 790
121 789
121 788
121 787
121 786
121 785
121 1163
121 1167
121 1168
121 780
121 777
121 776
121 775
121 774
121 773
121 772
121 771
121 770
121 1179
121 1098
121 1096
121 731
121 995
121 997
121 954
121 998
121 999
121 1000
121 1001
121 949
121 1002
121 947
121 946
121 945
121 944
121 943
121 942
121 941
121 940
121 1003
121 1004
121 1005
121 1006
121 1007
121 1008
121 1009
121 1010
121 931
121 996
121 958
121 1011
121 959
121 985
121 984
121 988
121 989
121 981
121 990
121 979
121 978
121 977
121 975
121 974
121 973
121 972
121 971
121 991
121 969
121 968
121 992
121 966
121 965
121 964
121 963
121 993
121 994
121 960
121 930
121 1033
121 1095
121 1066
121 892
121 1073
121 1074
121 1075
121 1076
121 1077
121 1080
121 1081
121 1085
121 882
121 1086
121 880
121 879
121 878
121 877
121 876
121 1087
121 873
121 872
121 871
121 1090
121 869
121 866
121 1093
121 1094
121 893
121 1065
121 927
121 1064
121 1036
121 1039
121 923
121 922
121 921
121 920
121 919
121 918
121 916
121 1040
121 914
121 913
121 1042
121 911
121 910
121 909
121 908
121 907
121 905
121 904
121 1049
121 900
121 1054
121 1061
121 1062
121 1206
121 1208
121 466
121 558
121 554
121 553
121 552
121 1250
121 1251
121 1252
121 548
121 547
121 546
121 1253
121 544
121 543
121 542
121 540
121 539
121 537
121 536
121 535
121 534
121 1254
121 532
121 531
121 530
121 529
121 528
121 1249
121 559
121 526
121 560
121 1242
121 591
121 590
121 589
121 587
121 1243
121 585
121 584
121 583
121 582
121 1244
121 578
121 574
121 573
121 571
121 570
121 569
121 568
121 567
121 566
121 565
121 1247
121 1248
121 562
121 561
121 1255
121 525
121 1241
121 496
121 986
121 493
121 492
121 491
121 490
121 487
121 1261
121 485
121 484
121 483
121 482
121 1262
121 480
121 479
121 478
121 477
121 476
121 475
121 474
121 473
121 472
121 471
121 1263
121 469
121 468
121 495
121 1260
121 524
121 498
121 1256
121 522
121 521
121 1257
121 519
121 518
121 517
121 516
121 1258
121 514
121 513
121 512
121 511
121 510
121 509
121 508
121 1259
121 506
121 505
121 504
121 503
121 502
121 501
121 500
121 499
121 593
121 595
121 1210
121 692
121 690
121 689
121 688
121 687
121 686
121 685
121 1218
121 1219
121 682
121 681
121 1221
121 1222
121 1223
121 1224
121 675
121 673
121 672
121 671
121 670
121 669
121 668
121 667
121 666
121 665
121 664
121 691
121 693
121 661
121 694
121 1211
121 1212
121 723
121 722
121 719
121 718
121 717
121 716
121 1213
121 714
121 713
121 712
121 711
121 710
121 709
121 708
121 1214
121 1215
121 705
121 704
121 703
121 702
121 1216
121 699
121 695
121 663
121 659
121 596
121 626
121 624
121 623
121 622
121 621
121 620
121 619
121 618
121 617
121 616
121 615
121 614
121 613
121 612
121 611
121 610
121 609
121 608
121 1239
121 1240
121 605
121 604
121 600
121 599
121 598
121 597
121 1238
121 1237
121 1226
121 629
121 657
121 656
121 655
121 654
121 653
121 652
121 651
121 650
121 1228
121 1229
121 1230
121 1231
121 1232
121 643
121 1233
121 640
121 639
121 638
121 637
121 636
121 634
121 633
121 632
121 631
121 1236
121 700
