122 898
122 1070
122 931
122 935
122 930
122 938
122 1171
122 934
122 841
122 743
122 1172
122 1071
122 1059
122 1001
122 1118
122 78
122 1130
122 887
122 514
122 1058
122 1068
122 1145
122 19
122 1117
122 739
122 1129
122 843
122 929
122 957
122 633
122 889
122 828
122 848
122 937
122 1119
122 516
122 688
122 668
122 951
122 936
122 713
122 953
122 1173
122 232
122 1067
122 371
122 740
122 93
122 1288
122 284
122 442
122 886
122 347
122 1274
122 829
122 497
122 847
122 1287
122 1367
122 959
122 826
122 1285
122 1132
122 814
122 897
122 1075
122 469
122 782
122 955
122 853
122 634
122 890
122 513
122 1044
122 1138
122 670
122 831
122 207
122 626
122 926
122 358
122 1359
122 503
122 339
122 915
122 1262
122 261
122 1319
122 1000
122 1052
122 1337
122 1231
122 1122
122 600
122 1349
122 838
122 276
122 763
122 1131
122 337
122 532
122 1350
122 423
122 522
122 251
122 760
122 1248
122 852
122 999
122 222
122 1306
122 880
122 850
122 1360
122 907
122 1030
122 1051
122 122
122 905
122 1303
122 851
122 741
122 1150
122 704
122 765
122 836
122 680
122 260
122 55
122 420
122 830
122 1
122 1158
122 1066
122 764
122 1162
122 1230
122 1100
122 1322
122 295
122 286
122 41
122 483
122 1264
122 567
122 470
122 187
122 504
122 500
122 175
122 9
122 321
122 801
122 1137
122 1043
122 685
122 712
122 341
122 1041
122 769
122 1187
122 373
122 258
122 465
122 956
122 1225
122 124
122 893
122 918
122 535
122 372
122 1242
122 862
122 1163
122 599
122 933
122 1013
122 657
122 1392
122 1161
122 1207
122 73
122 294
122 170
122 1263
122 290
122 1062
122 1214
122 610
122 639
122 1159
122 417
122 844
122 952
122 1243
122 613
122 467
122 1065
122 49
122 1014
122 1381
122 413
122 1036
122 36
122 818
122 1135
122 136
122 455
122 1294
122 885
122 160
122 1053
122 30
122 1146
122 948
122 56
122 683
122 139
122 1258
122 1069
122 1042
122 728
122 330
122 369
122 1320
122 808
122 1268
122 1194
122 947
122 854
122 1377
122 1126
122 279
122 451
122 1281
122 40
122 965
122 1123
122 508
122 916
122 1199
122 421
122 99
122 1038
122 571
122 179
122 202
122 687
122 752
122 666
122 1097
122 1174
122 1134
122 1205
122 496
122 927
122 540
122 233
122 1133
122 1384
122 1292
122 676
122 1125
122 1151
122 188
122 1072
122 891
122 815
122 839
122 1241
122 1080
122 1307
122 1019
122 766
122 498
122 1031
122 682
122 1188
122 942
122 974
122 226
122 971
122 549
122 928
122 954
122 272
122 79
122 960
122 941
122 72
122 742
122 1213
122 759
122 912
122 273
122 84
122 1358
122 678
122 466
122 250
122 301
122 811
122 1346
122 1313
122 717
122 315
122 645
122 744
122 201
122 950
122 422
122 1389
122 173
122 1084
122 772
122 182
122 1357
122 708
122 655
122 647
122 289
122 191
122 855
122 5
122 1293
122 50
122 463
122 426
122 370
122 374
122 1074
122 1192
122 1393
122 1353
122 565
122 282
122 563
122 802
122 700
122 1232
122 1040
122 307
122 367
122 225
122 212
122 34
122 611
122 1372
122 280
122 994
122 550
122 16
122 501
122 917
122 186
122 1326
122 184
122 695
122 234
122 1374
122 1056
122 1300
122 630
122 601
122 1290
122 418
122 877
122 1166
122 80
122 174
122 1321
122 109
122 790
122 428
122 1211
122 798
122 54
122 1183
122 331
122 689
122 606
122 603
122 243
122 1379
122 468
122 268
122 1157
122 595
122 837
122 569
122 82
122 650
122 1029
122 213
122 262
122 252
122 824
122 809
122 105
122 570
122 448
122 903
122 1039
122 1387
122 165
122 932
122 859
122 644
122 15
122 381
122 1323
122 845
122 221
122 1354
122 35
122 1229
122 1343
122 1078
122 1153
122 958
122 866
122 901
122 598
122 438
122 544
122 1348
122 726
122 1175
122 1037
122 738
122 1352
122 1257
122 219
122 7
122 1390
122 345
122 816
122 553
122 693
122 1356
122 986
122 434
122 206
122 39
122 489
122 1035
122 1054
122 1094
122 1208
122 656
122 1195
122 761
122 747
122 894
122 291
122 300
122 274
122 29
122 705
122 627
122 1113
122 1331
122 1164
122 525
122 1034
122 716
122 356
122 940
122 692
122 95
122 566
122 552
122 94
122 446
122 1073
122 586
122 359
122 1305
122 1309
122 590
122 846
122 527
122 827
122 543
122 981
122 792
122 1395
122 58
122 52
122 144
122 126
122 176
122 677
122 462
122 1302
122 643
122 1246
122 1081
122 505
122 863
122 658
122 454
122 1249
122 6
122 495
122 189
122 605
122 392
122 546
122 812
122 1247
122 1291
122 1112
122 1398
122 536
122 335
122 699
122 1289
122 966
122 115
122 481
122 745
122 1114
122 881
122 679
122 554
122 625
122 1105
122 1224
122 67
122 781
122 349
122 1216
122 1106
122 757
122 162
122 725
122 141
122 1092
122 444
122 822
122 1046
122 1375
122 572
122 169
122 343
122 964
122 1222
122 1364
122 433
122 589
122 277
122 849
122 1317
122 76
122 1155
122 1177
122 254
122 1090
122 780
122 195
122 410
122 476
122 1176
122 28
122 247
122 1169
122 753
122 946
122 796
122 264
122 804
122 518
122 825
122 112
122 619
122 874
122 178
122 1024
122 1397
122 12
122 209
122 969
122 686
122 794
122 784
122 474
122 101
122 787
122 214
122 1297
122 393
122 1245
122 806
122 342
122 390
122 411
122 193
122 397
122 1336
122 287
122 1076
122 1082
122 635
122 632
122 267
122 8
122 1156
122 245
122 562
122 1104
122 715
122 996
122 673
122 608
122 1361
122 823
122 168
122 44
122 575
122 427
122 773
122 1333
122 163
122 216
122 1269
122 1144
122 875
122 1261
122 1325
122 1250
122 1083
122 992
122 37
122 820
122 1154
122 68
122 694
122 365
122 719
122 116
122 312
122 125
122 484
122 210
122 357
122 1198
122 17
122 133
122 1028
122 1335
122 628
122 395
122 662
122 164
122 231
122 327
122 1284
122 89
122 1351
122 464
122 1136
122 1382
122 1386
122 1342
122 1128
122 651
122 197
122 38
122 183
122 618
122 1002
122 1388
122 103
122 1063
122 324
122 198
122 338
122 1341
122 77
122 23
122 111
122 857
122 755
122 25
122 1385
122 102
122 74
122 230
122 344
122 334
122 1165
122 1220
122 711
122 1116
122 1196
122 623
122 296
122 85
122 288
122 1227
122 989
122 1234
122 797
122 576
122 490
122 129
122 878
122 892
122 1185
122 542
122 409
122 383
122 675
122 1338
122 123
122 1008
122 265
122 477
122 856
122 993
122 671
122 667
122 721
122 436
122 42
122 987
122 137
122 317
122 614
122 730
122 177
122 1253
122 228
122 441
122 799
122 636
122 69
122 354
122 60
122 256
122 92
122 443
122 302
122 1009
122 568
122 377
122 710
122 1272
122 215
122 1344
122 718
122 819
122 1047
122 120
122 720
122 1380
122 132
122 192
122 127
122 10
122 131
122 346
122 531
122 963
122 385
122 895
122 161
122 435
122 1110
122 1095
122 121
122 104
122 1121
122 1295
122 87
122 1020
122 776
122 493
122 283
122 665
122 529
122 967
122 990
122 1339
122 982
122 696
122 883
122 1179
122 90
122 506
122 1373
122 325
122 1191
122 1077
122 293
122 98
122 864
122 751
122 558
122 1266
122 813
122 364
122 114
122 494
122 1091
122 556
122 203
122 1400
122 482
122 1259
122 297
122 1160
122 241
122 1239
122 1190
122 150
122 1021
122 519
122 1093
122 1004
122 609
122 538
122 691
122 564
122 631
122 1170
122 593
122 1235
122 20
122 921
122 909
122 57
122 1366
122 1244
122 1299
122 45
122 791
122 246
122 882
122 292
122 400
122 475
122 1006
122 1328
122 1182
122 135
122 972
122 1314
122 1050
122 805
122 975
122 970
122 904
122 661
122 871
122 968
122 724
122 406
122 640
122 128
122 654
122 1201
122 314
122 868
122 1099
122 460
122 303
122 997
122 2
122 1098
122 1383
122 304
122 624
122 1108
122 130
122 51
122 146
122 1252
122 779
122 588
122 896
122 788
122 450
122 1064
122 445
122 709
122 646
122 858
122 248
122 449
122 902
122 803
122 545
122 1016
122 22
122 648
122 517
122 24
122 1371
122 1233
122 1186
122 615
122 27
122 840
122 1228
122 988
122 1189
122 888
122 706
122 583
122 860
122 1215
122 299
122 205
122 487
122 1005
122 1237
122 167
122 991
122 1101
122 1055
122 486
122 432
122 75
122 416
122 415
122 1286
122 479
122 548
122 13
122 63
122 403
122 1178
122 360
122 638
122 1109
122 557
122 110
122 235
122 1277
122 305
122 86
122 602
122 263
122 1003
122 368
122 404
122 723
122 140
122 208
122 1271
122 1206
122 943
122 1394
122 1270
122 1018
122 1273
122 984
122 1200
122 419
122 1315
122 401
122 227
122 580
122 870
122 236
122 697
122 1363
122 867
122 1017
122 199
122 259
122 204
122 1282
122 573
122 977
122 1324
122 329
122 91
122 147
122 185
122 976
122 239
122 1255
122 1370
122 733
122 1240
122 53
122 980
122 152
122 166
122 488
122 1391
122 66
122 1184
122 1025
122 240
122 908
122 47
122 1168
122 456
122 1203
122 622
122 363
122 727
122 459
122 149
122 1310
122 328
122 62
122 218
122 660
122 156
122 1061
122 1296
122 767
122 1226
122 1209
122 620
122 1202
122 869
122 14
122 83
122 134
122 1140
122 1276
122 138
122 944
122 512
122 925
122 1111
122 939
122 1115
122 509
122 511
122 1120
122 945
122 510
122 1124
122 1127
122 1139
122 736
122 1275
122 924
122 521
122 100
122 524
122 1096
122 962
122 961
122 523
122 106
122 107
122 108
122 520
122 949
122 642
122 1102
122 113
122 1103
122 1107
122 515
122 117
122 118
122 119
122 507
122 923
122 142
122 911
122 1142
122 1143
122 1369
122 171
122 172
122 1368
122 914
122 492
122 913
122 910
122 653
122 1365
122 180
122 181
122 491
122 485
122 1147
122 663
122 906
122 664
122 659
122 1141
122 143
122 153
122 526
122 145
122 649
122 1278
122 148
122 502
122 652
122 151
122 1279
122 154
122 919
122 155
122 499
122 157
122 158
122 159
122 1280
122 922
122 1283
122 920
122 641
122 528
122 97
122 597
122 577
122 1087
122 1027
122 1026
122 31
122 32
122 33
122 596
122 1023
122 1022
122 1086
122 574
122 1088
122 1256
122 604
122 607
122 43
122 1260
122 1265
122 46
122 26
122 578
122 96
122 11
122 587
122 3
122 4
122 594
122 1057
122 585
122 584
122 1049
122 1048
122 1045
122 1032
122 582
122 1079
122 1085
122 1033
122 18
122 1396
122 581
122 21
122 579
122 612
122 48
122 1015
122 637
122 1267
122 995
122 539
122 537
122 985
122 1251
122 81
122 983
122 1378
122 534
122 1089
122 979
122 88
122 978
122 533
122 1060
122 530
122 1376
122 1148
122 973
122 541
122 998
122 629
122 71
122 561
122 1012
122 560
122 1011
122 1010
122 1007
122 559
122 1254
122 59
122 555
122 61
122 616
122 617
122 64
122 65
122 551
122 621
122 547
122 70
122 1362
122 900
122 190
122 777
122 1327
122 316
122 399
122 318
122 319
122 320
122 778
122 322
122 323
122 775
122 313
122 326
122 774
122 398
122 731
122 396
122 771
122 332
122 333
122 770
122 402
122 311
122 795
122 412
122 793
122 722
122 1308
122 789
122 1330
122 1329
122 592
122 414
122 298
122 786
122 310
122 729
122 785
122 408
122 407
122 405
122 306
122 783
122 308
122 309
122 1204
122 336
122 732
122 1311
122 746
122 1217
122 366
122 1218
122 389
122 1316
122 388
122 387
122 1312
122 386
122 768
122 375
122 376
122 1219
122 378
122 379
122 380
122 1221
122 382
122 737
122 735
122 362
122 361
122 391
122 340
122 394
122 1210
122 762
122 1212
122 758
122 1318
122 348
122 756
122 350
122 351
122 352
122 353
122 754
122 355
122 734
122 750
122 749
122 748
122 1332
122 800
122 480
122 684
122 217
122 461
122 220
122 458
122 457
122 223
122 224
122 865
122 861
122 453
122 872
122 229
122 452
122 1167
122 1298
122 1347
122 690
122 447
122 698
122 237
122 681
122 873
122 1223
122 473
122 478
122 384
122 194
122 899
122 196
122 1149
122 1152
122 669
122 200
122 1355
122 876
122 472
122 471
122 672
122 674
122 884
122 1238
122 1236
122 879
122 211
122 238
122 1399
122 440
122 275
122 266
122 424
122 821
122 269
122 270
122 271
122 1340
122 1193
122 817
122 1197
122 439
122 810
122 278
122 807
122 1301
122 281
122 714
122 1304
122 1334
122 285
122 425
122 707
122 832
122 833
122 242
122 701
122 244
122 1180
122 437
122 842
122 702
122 249
122 1345
122 1181
122 703
122 253
122 431
122 255
122 430
122 257
122 835
122 429
122 834
122 591
