123 941
123 775
123 1221
123 387
123 112
123 389
123 537
123 966
123 270
123 227
123 34
123 376
123 206
123 1222
123 1083
123 967
123 491
123 305
123 351
123 394
123 910
123 530
123 147
123 1078
123 701
123 1076
123 383
123 309
123 742
123 81
123 848
123 1018
123 131
123 298
123 430
123 310
123 1080
123 1253
123 504
123 98
123 417
123 460
123 666
123 1360
123 128
123 363
123 326
123 1084
123 63
123 1375
123 1037
123 740
123 345
123 540
123 379
123 196
123 1301
123 901
123 879
123 242
123 444
123 1293
123 624
123 984
123 39
123 361
123 135
123 19
123 728
123 152
123 1184
123 33
123 1024
123 932
123 798
123 917
123 28
123 1189
123 17
123 377
123 525
123 607
123 950
123 240
123 539
123 669
123 1391
123 939
123 1233
123 604
123 1270
123 663
123 1368
123 602
123 913
123 1082
123 145
123 494
123 73
123 1282
123 26
123 197
123 1081
123 404
123 760
123 980
123 306
123 208
123 927
123 888
123 117
123 502
123 706
123 710
123 561
123 287
123 1311
123 97
123 838
123 418
123 990
123 1012
123 1228
123 872
123 1159
123 392
123 133
123 278
123 153
123 676
123 998
123 1020
123 466
123 1248
123 771
123 420
123 572
123 1322
123 308
123 934
123 1386
123 350
123 748
123 2
123 49
123 72
123 445
123 1251
123 324
123 1203
123 1068
123 94
123 125
123 341
123 690
123 54
123 413
123 139
123 660
123 770
123 155
123 348
123 851
123 1310
123 521
123 109
123 550
123 1358
123 1146
123 1171
123 415
123 562
123 1371
123 192
123 573
123 629
123 496
123 678
123 1212
123 1357
123 1236
123 1200
123 818
123 1398
123 414
123 1250
123 455
123 228
123 625
123 786
123 1359
123 657
123 1267
123 1195
123 672
123 465
123 329
123 1116
123 1362
123 535
123 704
123 342
123 352
123 965
123 299
123 236
123 297
123 702
123 322
123 526
123 1240
123 714
123 323
123 222
123 803
123 395
123 95
123 440
123 247
123 123
123 41
123 536
123 1275
123 564
123 949
123 37
123 485
123 118
123 339
123 1086
123 122
123 583
123 184
123 570
123 475
123 637
123 1273
123 212
123 1374
123 1235
123 1007
123 1385
123 653
123 464
123 1108
123 188
123 675
123 349
123 55
123 1014
123 643
123 220
123 233
123 1188
123 1308
123 213
123 885
123 257
123 779
123 1237
123 565
123 933
123 1229
123 338
123 241
123 372
123 1302
123 1085
123 1383
123 88
123 244
123 992
123 16
123 579
123 316
123 179
123 371
123 1067
123 1128
123 85
123 1349
123 844
123 1329
123 439
123 591
123 84
123 1050
123 3
123 642
123 370
123 25
123 985
123 839
123 186
123 817
123 1190
123 767
123 211
123 1173
123 897
123 124
123 662
123 1266
123 428
123 627
123 686
123 898
123 820
123 307
123 245
123 503
123 1051
123 1118
123 845
123 300
123 680
123 29
123 1330
123 1268
123 105
123 1343
123 1309
123 1303
123 193
123 626
123 679
123 523
123 863
123 254
123 1035
123 656
123 1315
123 1218
123 1356
123 894
123 741
123 794
123 1147
123 457
123 769
123 277
123 1123
123 452
123 304
123 609
123 248
123 375
123 202
123 1262
123 772
123 822
123 56
123 198
123 1149
123 199
123 575
123 410
123 929
123 1105
123 183
123 268
123 1179
123 60
123 1390
123 50
123 1224
123 501
123 560
123 1046
123 1009
123 51
123 467
123 459
123 59
123 994
123 1227
123 400
123 271
123 1198
123 800
123 1281
123 667
123 1117
123 1370
123 655
123 1299
123 774
123 630
123 1316
123 1264
123 1160
123 571
123 1254
123 1216
123 799
123 1133
123 171
123 989
123 187
123 477
123 907
123 456
123 723
123 116
123 1121
123 1151
123 393
123 833
123 1393
123 776
123 1214
123 1109
123 581
123 1047
123 451
123 792
123 328
123 207
123 1274
123 302
123 315
123 974
123 4
123 900
123 1119
123 528
123 1003
123 1395
123 601
123 426
123 1265
123 1319
123 314
123 1255
123 423
123 294
123 1060
123 584
123 1245
123 401
123 705
123 148
123 1054
123 1058
123 1122
123 267
123 646
123 57
123 1313
123 661
123 780
123 487
123 996
123 1209
123 472
123 688
123 364
123 511
123 1069
123 138
123 865
123 489
123 238
123 576
123 1032
123 961
123 691
123 210
123 938
123 62
123 1072
123 1339
123 23
123 68
123 677
123 943
123 824
123 599
123 336
123 249
123 1241
123 91
123 346
123 1366
123 633
123 498
123 262
123 841
123 1010
123 18
123 391
123 386
123 167
123 1351
123 158
123 332
123 1286
123 810
123 538
123 1181
123 801
123 48
123 1261
123 874
123 398
123 1
123 1239
123 301
123 1006
123 755
123 1182
123 725
123 651
123 71
123 1354
123 1225
123 993
123 527
123 121
123 217
123 490
123 1144
123 385
123 892
123 763
123 703
123 225
123 534
123 45
123 515
123 468
123 846
123 979
123 1106
123 507
123 603
123 1066
123 1333
123 325
123 335
123 180
123 727
123 318
123 343
123 665
123 313
123 574
123 1232
123 1377
123 696
123 273
123 1013
123 1126
123 1139
123 14
123 787
123 751
123 246
123 697
123 1187
123 11
123 870
123 408
123 781
123 1219
123 433
123 362
123 529
123 1249
123 134
123 793
123 1142
123 1367
123 160
123 618
123 149
123 1353
123 577
123 1247
123 382
123 266
123 1295
123 1134
123 881
123 407
123 1256
123 1210
123 333
123 825
123 288
123 921
123 1125
123 106
123 987
123 27
123 733
123 1378
123 1163
123 693
123 154
123 1143
123 427
123 652
123 514
123 1131
123 1338
123 216
123 857
123 412
123 590
123 340
123 1394
123 388
123 191
123 136
123 692
123 739
123 258
123 74
123 1194
123 659
123 344
123 1283
123 177
123 1178
123 1120
123 592
123 1070
123 474
123 549
123 269
123 764
123 541
123 611
123 38
123 1323
123 975
123 1263
123 757
123 1324
123 743
123 827
123 610
123 1110
123 140
123 856
123 265
123 360
123 914
123 424
123 434
123 1244
123 373
123 1064
123 920
123 500
123 956
123 720
123 622
123 557
123 1150
123 582
123 229
123 823
123 86
123 132
123 1153
123 1337
123 861
123 569
123 1234
123 1038
123 890
123 1180
123 788
123 469
123 174
123 1331
123 517
123 1103
123 317
123 354
123 889
123 1155
123 189
123 544
123 968
123 356
123 1238
123 612
123 231
123 959
123 815
123 1287
123 556
123 617
123 973
123 1107
123 450
123 1259
123 1148
123 1154
123 1272
123 495
123 1196
123 1220
123 928
123 531
123 1164
123 860
123 585
123 80
123 905
123 458
123 1172
123 1005
123 520
123 165
123 802
123 103
123 545
123 22
123 1193
123 902
123 952
123 683
123 971
123 473
123 185
123 533
123 1186
123 945
123 90
123 1166
123 99
123 797
123 922
123 596
123 947
123 1297
123 814
123 483
123 918
123 988
123 785
123 826
123 1073
123 1092
123 1372
123 87
123 873
123 1306
123 1257
123 481
123 911
123 903
123 61
123 319
123 600
123 1129
123 1223
123 255
123 1242
123 463
123 108
123 795
123 963
123 563
123 1074
123 175
123 895
123 843
123 166
123 616
123 1321
123 161
123 813
123 858
123 1112
123 89
123 497
123 280
123 35
123 816
123 1065
123 21
123 1304
123 1165
123 649
123 1015
123 1162
123 777
123 1127
123 567
123 554
123 682
123 190
123 79
123 146
123 1043
123 1361
123 632
123 640
123 312
123 713
123 261
123 1205
123 1387
123 203
123 1335
123 292
123 151
123 40
123 734
123 1231
123 906
123 205
123 1292
123 916
123 366
123 1053
123 773
123 224
123 58
123 435
123 365
123 1141
123 378
123 804
123 784
123 443
123 311
123 977
123 687
123 970
123 942
123 283
123 7
123 999
123 986
123 904
123 9
123 588
123 919
123 1230
123 173
123 719
123 102
123 358
123 144
123 1124
123 722
123 357
123 1296
123 115
123 1271
123 53
123 237
123 542
123 915
123 221
123 1325
123 470
123 201
123 93
123 983
123 1158
123 589
123 1269
123 731
123 70
123 381
123 750
123 597
123 303
123 623
123 78
123 461
123 1204
123 668
123 176
123 119
123 243
123 1318
123 940
123 766
123 1039
123 295
123 327
123 1289
123 1307
123 700
123 789
123 1202
123 347
123 159
123 981
123 1328
123 638
123 120
123 1040
123 92
123 578
123 96
123 991
123 1288
123 416
123 1260
123 6
123 1280
123 587
123 944
123 547
123 1365
123 182
123 712
123 36
123 1291
123 608
123 126
123 1379
123 962
123 380
123 402
123 69
123 960
123 164
123 606
123 214
123 1373
123 110
123 1093
123 749
123 169
123 508
123 634
123 717
123 1332
123 1284
123 421
123 52
123 754
123 1334
123 522
123 150
123 64
123 673
123 259
123 204
123 1002
123 593
123 1207
123 1341
123 1157
123 1336
123 899
123 964
123 442
123 721
123 699
123 488
123 1326
123 1252
123 1278
123 406
123 1156
123 334
123 170
123 689
123 635
123 1213
123 230
123 232
123 1382
123 658
123 453
123 157
123 289
123 252
123 24
123 1246
123 486
123 44
123 296
123 1104
123 484
123 1277
123 1061
123 234
123 274
123 869
123 1201
123 178
123 1062
123 181
123 15
123 1057
123 1059
123 1071
123 1097
123 1056
123 1055
123 1052
123 1049
123 1048
123 1045
123 1044
123 1063
123 1079
123 1075
123 1077
123 1095
123 1094
123 1376
123 1091
123 162
123 163
123 1090
123 1089
123 1088
123 168
123 1380
123 1096
123 1381
123 1042
123 1087
123 172
123 156
123 66
123 13
123 1041
123 1388
123 1017
123 1016
123 218
123 219
123 1011
123 1008
123 1004
123 223
123 8
123 1389
123 5
123 1392
123 1001
123 226
123 1000
123 997
123 1396
123 995
123 1397
123 215
123 1019
123 194
123 1021
123 195
123 1099
123 1036
123 1034
123 1033
123 200
123 1031
123 1030
123 1029
123 12
123 1028
123 1027
123 1026
123 1025
123 209
123 1023
123 1022
123 1384
123 10
123 1098
123 1102
123 20
123 1342
123 1226
123 1217
123 1215
123 1211
123 43
123 42
123 1208
123 1340
123 1206
123 1344
123 1185
123 1345
123 1346
123 1199
123 100
123 101
123 1347
123 1197
123 1192
123 104
123 1243
123 46
123 47
123 83
123 65
123 1290
123 1285
123 1294
123 1298
123 1300
123 1279
123 1305
123 1312
123 1314
123 75
123 76
123 77
123 1317
123 1276
123 1320
123 1258
123 1327
123 82
123 1191
123 107
123 1100
123 1130
123 1364
123 130
123 1140
123 1138
123 1137
123 1136
123 1135
123 1132
123 137
123 1115
123 1183
123 1114
123 141
123 142
123 1369
123 143
123 1113
123 1111
123 67
123 1101
123 129
123 1145
123 127
123 1363
123 1177
123 1348
123 32
123 1176
123 113
123 114
123 31
123 1175
123 1174
123 30
123 1170
123 1169
123 1168
123 1350
123 1167
123 1161
123 1352
123 1355
123 1152
123 111
123 951
123 982
123 399
123 403
123 698
123 405
123 695
123 694
123 409
123 411
123 685
123 684
123 681
123 674
123 671
123 419
123 670
123 422
123 664
123 425
123 654
123 650
123 648
123 429
123 647
123 431
123 432
123 645
123 1399
123 707
123 641
123 397
123 368
123 369
123 747
123 746
123 745
123 744
123 374
123 738
123 737
123 736
123 735
123 732
123 730
123 729
123 726
123 384
123 724
123 718
123 716
123 390
123 715
123 711
123 709
123 708
123 396
123 644
123 436
123 235
123 559
123 558
123 478
123 479
123 480
123 555
123 482
123 553
123 552
123 551
123 548
123 546
123 492
123 493
123 543
123 532
123 524
123 519
123 499
123 518
123 516
123 513
123 512
123 510
123 505
123 506
123 476
123 566
123 437
123 568
123 438
123 639
123 441
123 636
123 446
123 447
123 448
123 449
123 631
123 628
123 621
123 454
123 620
123 619
123 615
123 614
123 613
123 462
123 605
123 598
123 595
123 594
123 586
123 580
123 471
123 367
123 752
123 753
123 924
123 272
123 912
123 275
123 276
123 909
123 908
123 279
123 281
123 282
123 896
123 284
123 285
123 286
123 893
123 891
123 290
123 291
123 887
123 293
123 886
123 884
123 883
123 882
123 880
123 878
123 923
123 925
123 756
123 926
123 978
123 976
123 239
123 972
123 969
123 958
123 957
123 955
123 954
123 953
123 250
123 251
123 253
123 509
123 948
123 256
123 946
123 260
123 937
123 936
123 263
123 264
123 935
123 931
123 930
123 877
123 876
123 875
123 871
123 821
123 819
123 337
123 812
123 811
123 809
123 808
123 807
123 806
123 805
123 796
123 791
123 790
123 783
123 782
123 778
123 353
123 768
123 355
123 765
123 762
123 761
123 359
123 759
123 758
123 828
123 829
123 331
123 849
123 868
123 867
123 866
123 864
123 862
123 859
123 855
123 854
123 853
123 852
123 850
123 847
123 330
123 842
123 320
123 321
123 840
123 837
123 836
123 835
123 834
123 832
123 831
123 830
123 1400
