125 176
125 997
125 1083
125 993
125 610
125 1074
125 131
125 970
125 519
125 1350
125 1195
125 696
125 1062
125 243
125 1075
125 245
125 409
125 1349
125 697
125 973
125 1093
125 1352
125 173
125 1292
125 772
125 695
125 179
125 188
125 971
125 925
125 1265
125 121
125 174
125 21
125 992
125 1232
125 177
125 1379
125 991
125 1243
125 924
125 1227
125 1151
125 608
125 569
125 350
125 672
125 1223
125 969
125 1153
125 725
125 799
125 694
125 186
125 1082
125 923
125 282
125 520
125 791
125 946
125 237
125 19
125 86
125 994
125 907
125 103
125 1154
125 1216
125 137
125 1269
125 692
125 795
125 693
125 909
125 242
125 252
125 443
125 920
125 439
125 427
125 775
125 1374
125 972
125 1110
125 1302
125 360
125 171
125 60
125 1096
125 1228
125 1222
125 927
125 216
125 97
125 961
125 1084
125 803
125 472
125 41
125 1006
125 182
125 431
125 467
125 430
125 1212
125 516
125 549
125 1209
125 802
125 1267
125 663
125 1061
125 1272
125 278
125 74
125 273
125 455
125 774
125 206
125 1306
125 1367
125 172
125 346
125 1225
125 1301
125 1181
125 230
125 1234
125 233
125 650
125 935
125 167
125 1184
125 1351
125 1239
125 124
125 398
125 1112
125 335
125 911
125 453
125 511
125 213
125 636
125 688
125 487
125 385
125 1314
125 290
125 895
125 221
125 1375
125 1187
125 501
125 227
125 1196
125 607
125 1078
125 779
125 126
125 38
125 251
125 426
125 1262
125 218
125 918
125 707
125 40
125 1211
125 410
125 798
125 572
125 372
125 721
125 118
125 330
125 983
125 464
125 666
125 429
125 904
125 484
125 979
125 527
125 921
125 7
125 35
125 1081
125 231
125 657
125 129
125 266
125 197
125 1098
125 214
125 219
125 248
125 52
125 984
125 229
125 1198
125 84
125 875
125 728
125 1245
125 494
125 915
125 860
125 31
125 187
125 633
125 1233
125 626
125 207
125 544
125 922
125 93
125 388
125 567
125 306
125 680
125 1322
125 1092
125 965
125 706
125 406
125 112
125 48
125 418
125 1339
125 319
125 577
125 375
125 1377
125 624
125 304
125 1080
125 371
125 726
125 1244
125 340
125 270
125 711
125 896
125 998
125 175
125 1284
125 161
125 1169
125 800
125 496
125 228
125 341
125 1259
125 1197
125 1063
125 195
125 906
125 345
125 45
125 722
125 523
125 301
125 226
125 498
125 880
125 115
125 719
125 1182
125 39
125 685
125 987
125 105
125 1287
125 781
125 211
125 773
125 271
125 1210
125 1273
125 3
125 428
125 89
125 1266
125 814
125 1108
125 1310
125 792
125 630
125 793
125 53
125 1295
125 2
125 1125
125 465
125 928
125 141
125 1270
125 328
125 1045
125 189
125 222
125 557
125 658
125 1396
125 193
125 142
125 660
125 891
125 224
125 470
125 579
125 123
125 574
125 1371
125 1007
125 1076
125 476
125 391
125 811
125 1143
125 11
125 1192
125 632
125 503
125 373
125 220
125 662
125 203
125 960
125 46
125 556
125 413
125 461
125 1343
125 1328
125 17
125 257
125 377
125 1105
125 37
125 540
125 683
125 1303
125 119
125 433
125 739
125 1321
125 212
125 170
125 146
125 223
125 586
125 369
125 1159
125 729
125 281
125 743
125 200
125 201
125 541
125 159
125 521
125 836
125 1186
125 1383
125 395
125 183
125 225
125 529
125 1390
125 932
125 817
125 420
125 190
125 128
125 597
125 191
125 1
125 829
125 442
125 1324
125 1180
125 280
125 825
125 411
125 1393
125 902
125 801
125 1122
125 959
125 908
125 1200
125 78
125 670
125 1207
125 1264
125 393
125 941
125 404
125 462
125 1158
125 986
125 681
125 284
125 1202
125 933
125 370
125 784
125 561
125 575
125 1146
125 1111
125 807
125 1255
125 903
125 1235
125 757
125 4
125 288
125 900
125 950
125 1049
125 856
125 1288
125 594
125 1088
125 1220
125 234
125 181
125 466
125 1364
125 148
125 295
125 589
125 1199
125 1118
125 144
125 1319
125 644
125 99
125 276
125 526
125 277
125 710
125 600
125 347
125 684
125 1097
125 329
125 1026
125 253
125 256
125 954
125 740
125 1275
125 1268
125 127
125 1101
125 1021
125 310
125 1337
125 691
125 863
125 379
125 33
125 1224
125 735
125 94
125 1179
125 1271
125 1330
125 489
125 416
125 42
125 36
125 440
125 823
125 307
125 629
125 1231
125 649
125 1161
125 839
125 682
125 415
125 286
125 1356
125 820
125 23
125 754
125 58
125 844
125 435
125 339
125 1317
125 1334
125 1057
125 806
125 708
125 675
125 857
125 1156
125 537
125 80
125 334
125 283
125 1399
125 522
125 563
125 746
125 1010
125 1204
125 18
125 689
125 1237
125 827
125 736
125 386
125 1051
125 504
125 332
125 828
125 720
125 1230
125 1329
125 491
125 538
125 122
125 1213
125 767
125 25
125 550
125 16
125 1205
125 1263
125 326
125 760
125 1047
125 394
125 627
125 651
125 535
125 1354
125 96
125 1133
125 1258
125 217
125 490
125 866
125 536
125 1380
125 892
125 69
125 389
125 149
125 606
125 534
125 262
125 917
125 468
125 1214
125 1106
125 507
125 305
125 669
125 640
125 298
125 70
125 1391
125 180
125 30
125 236
125 287
125 583
125 209
125 512
125 488
125 634
125 318
125 790
125 1079
125 665
125 313
125 259
125 1253
125 133
125 822
125 26
125 309
125 421
125 1139
125 98
125 751
125 730
125 576
125 1316
125 147
125 383
125 423
125 417
125 1056
125 1247
125 1320
125 1119
125 1066
125 1058
125 184
125 1249
125 101
125 294
125 1277
125 134
125 49
125 1280
125 1142
125 637
125 363
125 588
125 160
125 1353
125 382
125 872
125 967
125 1248
125 422
125 51
125 897
125 407
125 28
125 1069
125 602
125 753
125 525
125 1256
125 1236
125 333
125 1019
125 771
125 1363
125 949
125 974
125 106
125 996
125 653
125 766
125 376
125 364
125 27
125 912
125 1039
125 76
125 886
125 1183
125 1341
125 810
125 628
125 704
125 989
125 530
125 1189
125 1327
125 352
125 539
125 15
125 652
125 514
125 1041
125 324
125 590
125 1246
125 1394
125 1046
125 425
125 299
125 964
125 34
125 513
125 1313
125 258
125 604
125 387
125 1194
125 659
125 240
125 1283
125 65
125 232
125 215
125 117
125 894
125 592
125 1378
125 456
125 154
125 1171
125 269
125 109
125 135
125 878
125 88
125 1282
125 1160
125 1323
125 975
125 1369
125 727
125 344
125 674
125 157
125 1338
125 63
125 990
125 1044
125 966
125 265
125 635
125 300
125 452
125 95
125 500
125 901
125 368
125 515
125 367
125 1397
125 1134
125 552
125 59
125 268
125 858
125 279
125 1009
125 951
125 1309
125 678
125 847
125 890
125 308
125 469
125 562
125 1040
125 1015
125 1117
125 317
125 1203
125 1300
125 505
125 356
125 1238
125 196
125 419
125 625
125 1008
125 612
125 518
125 289
125 809
125 1261
125 1107
125 450
125 445
125 1274
125 297
125 1191
125 1148
125 495
125 136
125 1145
125 531
125 1208
125 852
125 601
125 322
125 458
125 845
125 656
125 545
125 1016
125 887
125 517
125 22
125 116
125 1193
125 1089
125 770
125 354
125 1155
125 555
125 955
125 485
125 794
125 533
125 945
125 755
125 797
125 446
125 690
125 390
125 1297
125 1221
125 483
125 988
125 454
125 785
125 733
125 1073
125 1281
125 747
125 397
125 87
125 873
125 566
125 481
125 61
125 818
125 1177
125 1242
125 1386
125 667
125 1254
125 81
125 459
125 1136
125 756
125 963
125 876
125 1279
125 166
125 661
125 441
125 1144
125 401
125 870
125 351
125 1070
125 1384
125 1304
125 1165
125 50
125 1298
125 1190
125 732
125 272
125 1003
125 1366
125 558
125 1185
125 12
125 705
125 43
125 1014
125 497
125 208
125 312
125 869
125 261
125 816
125 292
125 804
125 192
125 889
125 241
125 57
125 874
125 782
125 205
125 1315
125 679
125 1072
125 916
125 366
125 365
125 1149
125 1141
125 378
125 338
125 867
125 713
125 311
125 977
125 687
125 591
125 942
125 645
125 85
125 553
125 1172
125 9
125 919
125 701
125 100
125 91
125 323
125 881
125 73
125 914
125 102
125 1086
125 434
125 358
125 1370
125 570
125 1124
125 475
125 830
125 1296
125 1372
125 980
125 999
125 1325
125 1368
125 655
125 315
125 571
125 342
125 565
125 1085
125 381
125 349
125 125
125 750
125 460
125 303
125 623
125 1028
125 668
125 325
125 764
125 1290
125 444
125 316
125 1318
125 940
125 1127
125 327
125 1289
125 1307
125 29
125 560
125 47
125 700
125 789
125 981
125 361
125 646
125 846
125 120
125 714
125 578
125 145
125 595
125 83
125 1260
125 6
125 138
125 587
125 944
125 1167
125 168
125 547
125 939
125 55
125 1365
125 1218
125 1250
125 156
125 457
125 1392
125 528
125 380
125 244
125 202
125 14
125 748
125 402
125 712
125 1373
125 110
125 749
125 169
125 508
125 132
125 140
125 348
125 1332
125 477
125 943
125 198
125 1241
125 150
125 247
125 1128
125 702
125 64
125 717
125 204
125 985
125 1385
125 1002
125 165
125 593
125 267
125 314
125 56
125 1157
125 1336
125 1251
125 899
125 152
125 699
125 1326
125 1252
125 54
125 1278
125 155
125 564
125 1024
125 686
125 72
125 1382
125 1064
125 1229
125 24
125 486
125 44
125 603
125 296
125 1164
125 1104
125 62
125 1166
125 274
125 947
125 185
125 199
125 1201
125 1087
125 1102
125 1100
125 1091
125 143
125 151
125 1068
125 1090
125 1077
125 1103
125 139
125 1109
125 153
125 1071
125 1095
125 1094
125 1099
125 463
125 1067
125 1022
125 1033
125 1032
125 1031
125 1030
125 1029
125 1027
125 1025
125 1023
125 194
125 158
125 1020
125 1018
125 1017
125 1013
125 1012
125 1011
125 1005
125 1004
125 1034
125 1035
125 1036
125 1037
125 1065
125 1060
125 162
125 163
125 164
125 1059
125 1055
125 1054
125 1053
125 1052
125 1050
125 1048
125 1043
125 1113
125 1042
125 1038
125 178
125 130
125 1152
125 1114
125 1308
125 1345
125 1344
125 1342
125 1340
125 1335
125 1333
125 1331
125 1312
125 1311
125 1305
125 68
125 1299
125 1294
125 1293
125 1291
125 1286
125 1285
125 1276
125 1257
125 66
125 32
125 1346
125 1347
125 1348
125 1398
125 1395
125 5
125 1389
125 8
125 1388
125 10
125 1387
125 13
125 1381
125 1376
125 20
125 1362
125 1361
125 1360
125 1359
125 1358
125 1357
125 1355
125 67
125 1240
125 1115
125 114
125 104
125 1147
125 1140
125 107
125 108
125 1138
125 111
125 1137
125 113
125 1135
125 71
125 1132
125 1131
125 1130
125 1129
125 1126
125 1123
125 1121
125 1120
125 1116
125 1150
125 1000
125 1162
125 1163
125 1226
125 75
125 1219
125 77
125 79
125 1217
125 1215
125 82
125 1206
125 1188
125 1178
125 1176
125 1175
125 90
125 1174
125 92
125 1173
125 1170
125 1168
125 1001
125 938
125 210
125 995
125 654
125 648
125 647
125 643
125 642
125 374
125 641
125 639
125 638
125 631
125 622
125 621
125 620
125 619
125 384
125 618
125 617
125 616
125 615
125 614
125 613
125 611
125 392
125 664
125 671
125 673
125 718
125 741
125 738
125 336
125 337
125 737
125 734
125 731
125 724
125 723
125 343
125 716
125 676
125 715
125 709
125 703
125 353
125 355
125 357
125 698
125 359
125 362
125 677
125 609
125 605
125 396
125 492
125 432
125 510
125 509
125 436
125 437
125 438
125 506
125 502
125 499
125 493
125 482
125 532
125 480
125 447
125 448
125 449
125 479
125 451
125 478
125 474
125 473
125 471
125 524
125 542
125 599
125 412
125 598
125 399
125 400
125 596
125 403
125 405
125 408
125 585
125 584
125 582
125 581
125 543
125 414
125 580
125 573
125 568
125 559
125 554
125 551
125 548
125 424
125 546
125 742
125 744
125 331
125 879
125 893
125 249
125 250
125 888
125 885
125 884
125 254
125 255
125 883
125 882
125 877
125 898
125 260
125 871
125 868
125 263
125 264
125 865
125 864
125 862
125 861
125 859
125 246
125 905
125 854
125 948
125 982
125 978
125 976
125 968
125 962
125 958
125 957
125 956
125 953
125 952
125 937
125 910
125 936
125 934
125 931
125 930
125 235
125 929
125 926
125 238
125 239
125 913
125 855
125 853
125 745
125 776
125 808
125 805
125 796
125 788
125 787
125 786
125 783
125 780
125 778
125 777
125 769
125 302
125 768
125 765
125 320
125 321
125 763
125 762
125 761
125 759
125 758
125 752
125 812
125 813
125 275
125 837
125 851
125 850
125 849
125 848
125 843
125 842
125 841
125 840
125 285
125 838
125 835
125 815
125 834
125 833
125 291
125 832
125 293
125 831
125 826
125 824
125 821
125 819
125 1400
