127 5
127 6
127 981
127 158
127 869
127 944
127 1073
127 582
127 587
127 339
127 585
127 570
127 606
127 395
127 399
127 559
127 687
127 1317
127 500
127 294
127 1375
127 91
127 267
127 546
127 1207
127 467
127 666
127 313
127 1024
127 639
127 75
127 586
127 260
127 49
127 164
127 485
127 1248
127 637
127 853
127 101
127 459
127 1061
127 34
127 670
127 93
127 1393
127 28
127 654
127 383
127 1192
127 978
127 144
127 1123
127 553
127 719
127 29
127 737
127 1258
127 1245
127 62
127 12
127 155
127 1263
127 635
127 872
127 966
127 1161
127 1104
127 1311
127 68
127 548
127 1148
127 767
127 1366
127 873
127 435
127 301
127 1063
127 530
127 98
127 1335
127 829
127 1236
127 518
127 1392
127 45
127 160
127 3
127 497
127 475
127 149
127 784
127 1362
127 120
127 115
127 1346
127 180
127 887
127 32
127 24
127 982
127 963
127 306
127 1210
127 159
127 980
127 375
127 1185
127 479
127 542
127 1386
127 565
127 1322
127 661
127 283
127 509
127 72
127 1200
127 564
127 1044
127 352
127 421
127 1389
127 861
127 1268
127 300
127 343
127 499
127 398
127 754
127 1394
127 295
127 1382
127 498
127 515
127 789
127 307
127 1222
127 145
127 305
127 332
127 1370
127 274
127 916
127 321
127 962
127 667
127 668
127 168
127 13
127 51
127 1129
127 169
127 524
127 128
127 566
127 396
127 1344
127 550
127 621
127 1002
127 1197
127 280
127 185
127 1056
127 628
127 1097
127 1100
127 1054
127 495
127 350
127 135
127 264
127 623
127 325
127 369
127 55
127 1313
127 4
127 549
127 777
127 493
127 860
127 304
127 660
127 476
127 717
127 269
127 613
127 193
127 1193
127 276
127 167
127 1204
127 349
127 584
127 319
127 1034
127 1149
127 571
127 303
127 950
127 831
127 342
127 1374
127 852
127 329
127 1083
127 695
127 131
127 351
127 61
127 940
127 909
127 1023
127 258
127 378
127 1086
127 341
127 702
127 965
127 1361
127 1159
127 527
127 111
127 414
127 1348
127 95
127 1354
127 1235
127 974
127 552
127 554
127 154
127 567
127 824
127 1240
127 191
127 23
127 348
127 44
127 1078
127 704
127 837
127 422
127 102
127 1043
127 1085
127 912
127 81
127 333
127 1074
127 85
127 1140
127 590
127 226
127 1241
127 1219
127 651
127 851
127 662
127 1208
127 472
127 517
127 1020
127 888
127 54
127 1182
127 983
127 1355
127 216
127 142
127 1147
127 1081
127 1067
127 356
127 268
127 21
127 987
127 908
127 977
127 941
127 1084
127 1050
127 836
127 1395
127 364
127 1087
127 143
127 682
127 850
127 813
127 555
127 959
127 1118
127 1242
127 1108
127 1214
127 273
127 738
127 1179
127 482
127 1396
127 1305
127 1027
127 123
127 446
127 181
127 1098
127 575
127 494
127 328
127 522
127 1215
127 438
127 22
127 150
127 240
127 952
127 94
127 263
127 1037
127 347
127 889
127 1138
127 73
127 1291
127 579
127 899
127 1328
127 630
127 928
127 1307
127 266
127 1213
127 734
127 489
127 828
127 1040
127 1226
127 1088
127 1119
127 1143
127 394
127 380
127 1273
127 457
127 1238
127 407
127 1198
127 117
127 1336
127 1107
127 1282
127 645
127 703
127 786
127 640
127 187
127 707
127 408
127 843
127 66
127 1121
127 947
127 689
127 727
127 507
127 1012
127 823
127 184
127 36
127 572
127 539
127 1383
127 481
127 1191
127 486
127 1294
127 663
127 615
127 377
127 616
127 538
127 1196
127 387
127 1260
127 956
127 1295
127 50
127 877
127 389
127 1246
127 1270
127 82
127 238
127 1026
127 648
127 1004
127 765
127 664
127 1387
127 1053
127 299
127 1283
127 359
127 262
127 655
127 936
127 1330
127 255
127 92
127 1017
127 1264
127 1178
127 1279
127 722
127 604
127 1300
127 1229
127 1194
127 436
127 1055
127 1356
127 1099
127 166
127 1259
127 1028
127 750
127 705
127 1217
127 35
127 320
127 985
127 1019
127 731
127 697
127 1022
127 1303
127 934
127 1280
127 1262
127 854
127 516
127 119
127 452
127 1379
127 151
127 1127
127 37
127 814
127 186
127 323
127 1184
127 8
127 1231
127 1070
127 540
127 1187
127 1101
127 366
127 30
127 447
127 466
127 677
127 1390
127 104
127 368
127 1327
127 741
127 336
127 652
127 201
127 848
127 1342
127 653
127 1046
127 746
127 1039
127 188
127 353
127 1029
127 2
127 292
127 1137
127 47
127 676
127 832
127 393
127 1077
127 787
127 354
127 483
127 907
127 107
127 830
127 1013
127 535
127 1381
127 1310
127 1025
127 614
127 968
127 443
127 1003
127 1216
127 951
127 903
127 730
127 1041
127 314
127 868
127 629
127 118
127 930
127 1298
127 914
127 620
127 179
127 656
127 63
127 207
127 1288
127 1285
127 25
127 732
127 618
127 496
127 960
127 701
127 870
127 1047
127 720
127 1177
127 370
127 444
127 865
127 849
127 1250
127 310
127 190
127 1377
127 1297
127 931
127 761
127 1202
127 425
127 1261
127 1224
127 580
127 113
127 961
127 896
127 16
127 1133
127 990
127 114
127 192
127 603
127 1255
127 811
127 1096
127 454
127 60
127 833
127 859
127 469
127 404
127 163
127 205
127 1016
127 1233
127 845
127 1186
127 1312
127 513
127 1106
127 989
127 410
127 77
127 86
127 78
127 302
127 157
127 1309
127 381
127 379
127 551
127 1157
127 1018
127 1388
127 1172
127 844
127 297
127 1293
127 1065
127 593
127 1156
127 625
127 478
127 867
127 132
127 208
127 715
127 785
127 560
127 943
127 257
127 1175
127 842
127 1113
127 441
127 1316
127 1136
127 1072
127 397
127 881
127 33
127 866
127 433
127 89
127 42
127 736
127 1360
127 1066
127 1323
127 223
127 788
127 728
127 757
127 411
127 1201
127 281
127 1301
127 1112
127 315
127 724
127 1347
127 748
127 278
127 733
127 400
127 644
127 214
127 108
127 576
127 289
127 699
127 745
127 975
127 460
127 229
127 1321
127 442
127 1257
127 74
127 20
127 997
127 374
127 1266
127 221
127 437
127 760
127 917
127 1304
127 477
127 1181
127 1079
127 171
127 1397
127 371
127 153
127 285
127 863
127 244
127 1281
127 461
127 406
127 39
127 334
127 71
127 1021
127 1237
127 1158
127 103
127 365
127 382
127 929
127 1109
127 492
127 609
127 456
127 1141
127 59
127 886
127 417
127 317
127 227
127 344
127 1126
127 83
127 376
127 537
127 589
127 449
127 1105
127 133
127 1319
127 1008
127 384
127 1373
127 557
127 910
127 669
127 827
127 230
127 138
127 272
127 1082
127 87
127 922
127 1399
127 562
127 957
127 9
127 617
127 1378
127 53
127 918
127 1116
127 291
127 650
127 988
127 1189
127 106
127 237
127 583
127 388
127 270
127 1252
127 392
127 1278
127 1225
127 647
127 806
127 563
127 871
127 665
127 1269
127 514
127 690
127 147
127 1199
127 1128
127 520
127 547
127 1254
127 1232
127 835
127 170
127 122
127 1183
127 902
127 641
127 390
127 357
127 465
127 636
127 882
127 506
127 451
127 121
127 1271
127 544
127 894
127 1059
127 1296
127 649
127 599
127 561
127 611
127 838
127 309
127 577
127 1343
127 805
127 445
127 681
127 1103
127 1243
127 657
127 523
127 503
127 176
127 1155
127 955
127 979
127 885
127 372
127 686
127 112
127 595
127 246
127 463
127 541
127 322
127 458
127 773
127 52
127 1153
127 1276
127 847
127 945
127 1337
127 1228
127 110
127 1333
127 1302
127 1032
127 247
127 70
127 840
127 680
127 1275
127 825
127 1363
127 156
127 1380
127 480
127 318
127 876
127 1320
127 428
127 84
127 1315
127 401
127 753
127 958
127 891
127 1244
127 822
127 90
127 1345
127 79
127 1051
127 412
127 338
127 946
127 88
127 826
127 1251
127 403
127 298
127 712
127 1391
127 1036
127 182
127 855
127 1009
127 19
127 1131
127 758
127 659
127 711
127 723
127 367
127 998
127 556
127 385
127 1274
127 1060
127 1015
127 627
127 173
127 901
127 1117
127 14
127 1352
127 1211
127 290
127 140
127 743
127 1289
127 259
127 1340
127 224
127 1068
127 735
127 245
127 1325
127 812
127 196
127 512
127 591
127 1089
127 242
127 783
127 64
127 134
127 1329
127 841
127 646
127 804
127 419
127 679
127 462
127 1006
127 1171
127 792
127 331
127 927
127 1265
127 38
127 1368
127 1369
127 588
127 1169
127 1154
127 426
127 759
127 763
127 212
127 1125
127 598
127 1376
127 199
127 1253
127 228
127 355
127 448
127 1134
127 470
127 251
127 424
127 231
127 327
127 700
127 386
127 1062
127 1145
127 11
127 601
127 1038
127 802
127 1359
127 1195
127 198
127 1102
127 771
127 678
127 219
127 794
127 243
127 1290
127 1167
127 27
127 67
127 505
127 296
127 232
127 856
127 1221
127 799
127 658
127 939
127 790
127 696
127 1005
127 105
127 1353
127 48
127 15
127 1035
127 739
127 473
127 991
127 525
127 721
127 1286
127 165
127 279
127 141
127 568
127 148
127 1384
127 536
127 526
127 1031
127 413
127 675
127 819
127 210
127 818
127 937
127 127
127 249
127 17
127 234
127 685
127 293
127 742
127 1206
127 189
127 200
127 57
127 346
127 926
127 1190
127 725
127 1007
127 913
127 236
127 225
127 749
127 287
127 691
127 808
127 816
127 605
127 626
127 124
127 1180
127 116
127 204
127 488
127 311
127 1385
127 919
127 1057
127 40
127 504
127 222
127 948
127 1372
127 779
127 857
127 453
127 109
127 1165
127 709
127 125
127 1339
127 76
127 781
127 798
127 1212
127 766
127 146
127 1205
127 1203
127 172
127 622
127 99
127 1277
127 688
127 874
127 996
127 782
127 213
127 1164
127 624
127 484
127 992
127 129
127 209
127 1092
127 797
127 1239
127 976
127 239
127 97
127 275
127 235
127 233
127 194
127 271
127 183
127 178
127 177
127 80
127 10
127 96
127 175
127 174
127 7
127 254
127 195
127 256
127 41
127 220
127 43
127 137
127 252
127 218
127 58
127 46
127 253
127 136
127 130
127 215
127 217
127 126
127 56
127 139
127 211
127 197
127 250
127 18
127 162
127 161
127 100
127 241
127 69
127 26
127 265
127 202
127 203
127 31
127 206
127 248
127 261
127 65
127 152
127 1400
127 277
127 986
127 1001
127 1000
127 999
127 995
127 994
127 993
127 984
127 954
127 973
127 972
127 971
127 970
127 969
127 967
127 1010
127 1011
127 1014
127 1030
127 1033
127 1042
127 1045
127 1048
127 1049
127 1052
127 1058
127 1064
127 1069
127 1071
127 1075
127 1076
127 1080
127 964
127 953
127 282
127 883
127 897
127 895
127 893
127 892
127 890
127 884
127 880
127 949
127 879
127 878
127 875
127 864
127 862
127 858
127 898
127 900
127 904
127 905
127 906
127 911
127 915
127 920
127 921
127 923
127 924
127 925
127 932
127 933
127 935
127 938
127 942
127 1090
127 1091
127 1093
127 1287
127 1318
127 1314
127 1308
127 1306
127 1299
127 1292
127 1284
127 1094
127 1272
127 1267
127 1256
127 1249
127 1247
127 1234
127 1324
127 1326
127 1331
127 1332
127 1334
127 1338
127 1341
127 1349
127 1350
127 1351
127 1357
127 1358
127 1364
127 1365
127 1367
127 1371
127 1398
127 1230
127 1227
127 1223
127 1146
127 1095
127 1110
127 1111
127 1114
127 1115
127 1120
127 1122
127 1124
127 1130
127 1132
127 1135
127 1139
127 1142
127 1144
127 1150
127 1220
127 1151
127 1152
127 1160
127 1162
127 1163
127 1166
127 1168
127 1170
127 1173
127 1174
127 1176
127 1188
127 1209
127 1218
127 846
127 839
127 834
127 474
127 508
127 502
127 501
127 491
127 490
127 487
127 471
127 592
127 468
127 464
127 455
127 450
127 440
127 439
127 510
127 511
127 519
127 521
127 528
127 529
127 531
127 532
127 533
127 534
127 543
127 545
127 558
127 569
127 573
127 574
127 578
127 434
127 432
127 431
127 360
127 284
127 286
127 288
127 308
127 312
127 316
127 324
127 326
127 330
127 335
127 337
127 340
127 345
127 358
127 361
127 430
127 362
127 363
127 373
127 391
127 402
127 405
127 409
127 415
127 416
127 418
127 420
127 423
127 427
127 429
127 581
127 594
127 821
127 762
127 774
127 772
127 770
127 769
127 768
127 764
127 756
127 596
127 755
127 752
127 751
127 747
127 744
127 740
127 775
127 776
127 778
127 780
127 791
127 793
127 795
127 796
127 800
127 801
127 803
127 807
127 809
127 810
127 815
127 817
127 820
127 729
127 726
127 718
127 643
127 597
127 600
127 602
127 607
127 608
127 610
127 612
127 619
127 631
127 632
127 633
127 634
127 638
127 642
127 671
127 716
127 672
127 673
127 674
127 683
127 684
127 692
127 693
127 694
127 698
127 706
127 708
127 710
127 713
127 714
127 1
