129 945
129 988
129 987
129 989
129 507
129 637
129 3
129 4
129 180
129 404
129 278
129 527
129 376
129 941
129 535
129 36
129 382
129 775
129 298
129 86
129 300
129 985
129 1182
129 341
129 73
129 872
129 242
129 377
129 375
129 741
129 1310
129 748
129 680
129 1301
129 190
129 1076
129 367
129 990
129 562
129 544
129 660
129 314
129 705
129 701
129 851
129 460
129 97
129 1245
129 94
129 1081
129 998
129 1084
129 148
129 221
129 427
129 323
129 143
129 652
129 135
129 538
129 1073
129 133
129 1370
129 117
129 475
129 1186
129 59
129 1123
129 940
129 916
129 700
129 1223
129 1116
129 1281
129 1302
129 779
129 68
129 131
129 613
129 257
129 981
129 1235
129 1192
129 1275
129 105
129 368
129 842
129 299
129 352
129 319
129 435
129 99
129 1279
129 111
129 597
129 128
129 1222
129 855
129 410
129 1086
129 1184
129 494
129 87
129 772
129 936
129 579
129 828
129 814
129 199
129 17
129 583
129 2
129 1221
129 1216
129 1382
129 313
129 1354
129 1399
129 853
129 984
129 1360
129 798
129 1394
129 312
129 198
129 255
129 258
129 785
129 351
129 1082
129 1342
129 733
129 849
129 445
129 889
129 1149
129 956
129 1108
129 933
129 224
129 1067
129 16
129 394
129 277
129 333
129 356
129 228
129 348
129 1386
129 813
129 336
129 203
129 1366
129 49
129 292
129 575
129 23
129 834
129 167
129 563
129 850
129 1005
129 274
129 977
129 706
129 498
129 393
129 1007
129 545
129 592
129 600
129 1078
129 1036
129 751
129 467
129 951
129 217
129 931
129 930
129 380
129 309
129 639
129 944
129 966
129 103
129 305
129 1061
129 383
129 264
129 52
129 975
129 301
129 118
129 1353
129 212
129 349
129 784
129 325
129 160
129 790
129 1341
129 215
129 389
129 703
129 476
129 449
129 1033
129 682
129 764
129 765
129 610
129 870
129 287
129 28
129 1083
129 918
129 612
129 1270
129 1124
129 236
129 1210
129 150
129 440
129 614
129 12
129 1241
129 894
129 1154
129 1063
129 487
129 1119
129 553
129 331
129 159
129 134
129 1374
129 530
129 570
129 1072
129 191
129 19
129 1259
129 565
129 166
129 658
129 1220
129 1289
129 1024
129 512
129 208
129 145
129 60
129 415
129 307
129 602
129 1330
129 149
129 1180
129 1175
129 1233
129 457
129 153
129 1225
129 1085
129 907
129 1256
129 452
129 81
129 115
129 974
129 106
129 227
129 965
129 1393
129 1121
129 1100
129 1293
129 329
129 188
129 107
129 762
129 523
129 559
129 132
129 1117
129 540
129 324
129 726
129 1261
129 1236
129 843
129 1392
129 304
129 1369
129 387
129 863
129 548
129 1276
129 1297
129 201
129 830
129 158
129 396
129 395
129 581
129 1250
129 1056
129 179
129 112
129 413
129 1054
129 1322
129 599
129 632
129 543
129 32
129 633
129 927
129 943
129 1311
129 173
129 472
129 214
129 418
129 1368
129 1074
129 655
129 251
129 1079
129 917
129 1006
129 666
129 844
129 256
129 1283
129 290
129 241
129 526
129 205
129 266
129 426
129 986
129 587
129 1193
129 929
129 44
129 750
129 1380
129 1197
129 903
129 48
129 183
129 719
129 1145
129 499
129 170
129 1246
129 1136
129 373
129 1240
129 1141
129 155
129 906
129 342
129 27
129 1187
129 503
129 1333
129 379
129 588
129 1253
129 771
129 594
129 963
129 873
129 939
129 1200
129 615
129 868
129 1371
129 1277
129 372
129 359
129 659
129 8
129 1195
129 1224
129 479
129 962
129 80
129 871
129 38
129 328
129 730
129 18
129 1375
129 332
129 656
129 653
129 195
129 317
129 591
129 1207
129 714
129 1351
129 1212
129 39
129 1315
129 102
129 1035
129 429
129 1148
129 33
129 1181
129 525
129 662
129 577
129 1362
129 724
129 24
129 1044
129 1232
129 1273
129 767
129 402
129 451
129 442
129 269
129 206
129 15
129 737
129 9
129 802
129 22
129 419
129 1047
129 193
129 1201
129 1391
129 235
129 364
129 1271
129 674
129 308
129 922
129 461
129 921
129 746
129 1134
129 164
129 500
129 25
129 1129
129 1099
129 1280
129 213
129 854
129 911
129 459
129 753
129 243
129 651
129 787
129 93
129 631
129 738
129 681
129 1272
129 362
129 144
129 696
129 727
129 1390
129 1336
129 1112
129 1206
129 61
129 126
129 1317
129 1043
129 1282
129 1356
129 484
129 388
129 1238
129 152
129 687
129 829
129 1018
129 200
129 7
129 574
129 960
129 374
129 422
129 672
129 122
129 1194
129 757
129 755
129 109
129 964
129 1198
129 270
129 649
129 124
129 769
129 1328
129 734
129 104
129 710
129 749
129 1176
129 861
129 35
129 370
129 1179
129 1105
129 162
129 1383
129 50
129 773
129 261
129 453
129 240
129 1363
129 1057
129 1153
129 640
129 832
129 196
129 110
129 792
129 664
129 1248
129 62
129 458
129 85
129 893
129 234
129 1208
129 880
129 895
129 925
129 519
129 529
129 1215
129 403
129 799
129 433
129 1202
129 758
129 1255
129 444
129 1339
129 1298
129 1051
129 511
129 57
129 671
129 327
129 56
129 1015
129 1087
129 1263
129 366
129 316
129 187
129 186
129 661
129 1304
129 1389
129 365
129 284
129 1088
129 774
129 1242
129 246
129 1060
129 683
129 691
129 1069
129 1113
129 1274
129 650
129 315
129 1309
129 289
129 777
129 1023
129 1292
129 839
129 601
129 935
129 455
129 1319
129 1093
129 172
129 797
129 782
129 477
129 754
129 239
129 408
129 852
129 825
129 731
129 6
129 630
129 978
129 900
129 657
129 414
129 489
129 848
129 677
129 878
129 421
129 846
129 411
129 182
129 1321
129 841
129 970
129 283
129 869
129 454
129 165
129 346
129 146
129 171
129 504
129 91
129 1397
129 496
129 1171
129 1050
129 310
129 833
129 369
129 509
129 1211
129 803
129 1251
129 306
129 629
129 654
129 1021
129 1037
129 801
129 763
129 624
129 980
129 699
129 5
129 896
129 357
129 1296
129 1284
129 576
129 537
129 676
129 439
129 1244
129 267
129 478
129 355
129 1010
129 827
129 1128
129 386
129 1080
129 84
129 1313
129 491
129 609
129 321
129 291
129 222
129 47
129 488
129 550
129 397
129 398
129 1039
129 326
129 1265
129 702
129 584
129 561
129 89
129 928
129 121
129 1038
129 490
129 385
129 1388
129 887
129 892
129 384
129 1066
129 204
129 1247
129 1312
129 905
129 1299
129 534
129 45
129 468
129 979
129 1106
129 1228
129 669
129 249
129 593
129 607
129 335
129 1131
129 888
129 596
129 318
129 72
129 665
129 493
129 430
129 958
129 1157
129 585
129 26
129 210
129 1377
129 273
129 1267
129 1118
129 54
129 717
129 1139
129 98
129 157
129 620
129 822
129 1055
129 14
129 51
129 712
129 626
129 603
129 1286
129 883
129 1249
129 406
129 768
129 13
129 101
129 516
129 793
129 564
129 1142
129 781
129 363
129 1367
129 1012
129 836
129 486
129 520
129 1058
129 1070
129 1104
129 967
129 747
129 417
129 1384
129 409
129 1295
129 447
129 407
129 522
129 177
129 446
129 716
129 390
129 108
129 949
129 937
129 506
129 37
129 1004
129 617
129 263
129 1143
129 840
129 1343
129 515
129 1013
129 371
129 1185
129 876
129 946
129 1189
129 554
129 539
129 514
129 216
129 590
129 340
129 1331
129 1229
129 34
129 604
129 1217
129 74
129 1188
129 1258
129 420
129 456
129 549
129 541
129 88
129 913
129 704
129 1268
129 1323
129 1324
129 63
129 1110
129 1096
129 253
129 265
129 948
129 360
129 1338
129 1147
129 1020
129 1214
129 920
129 901
129 641
129 557
129 268
129 1009
129 729
129 1053
129 1077
129 211
129 569
129 1234
129 1320
129 465
129 469
129 621
129 760
129 1203
129 189
129 30
129 723
129 625
129 521
129 231
129 959
129 1287
129 556
129 924
129 1107
129 450
129 297
129 628
129 282
129 1059
129 495
129 663
129 531
129 248
129 580
129 1262
129 245
129 466
129 322
129 1159
129 140
129 116
129 770
129 902
129 934
129 1361
129 485
129 794
129 820
129 533
129 690
129 428
129 675
129 483
129 1034
129 1127
129 1387
129 732
129 464
129 1306
129 481
129 972
129 818
129 961
129 1098
129 573
129 1115
129 795
129 667
129 1254
129 982
129 1239
129 20
129 175
129 161
129 1144
129 401
129 536
129 280
129 1151
129 1199
129 21
129 1165
129 1329
129 992
129 416
129 1190
129 1160
129 567
129 1137
129 1003
129 123
129 1266
129 1014
129 1205
129 622
129 192
129 806
129 542
129 1231
129 845
129 58
129 151
129 1019
129 1209
129 378
129 443
129 1344
129 311
129 942
129 919
129 572
129 1381
129 1230
129 501
129 423
129 358
129 994
129 53
129 197
129 1227
129 237
129 915
129 441
129 1325
129 470
129 1349
129 811
129 1264
129 983
129 571
129 1158
129 589
129 993
129 1269
129 70
129 381
129 125
129 303
129 623
129 1204
129 668
129 176
129 119
129 262
129 1318
129 295
129 1307
129 560
129 1291
129 789
129 294
129 347
129 361
129 646
129 120
129 817
129 1040
129 578
129 96
129 991
129 688
129 1288
129 82
129 996
129 1260
129 138
129 547
129 55
129 1365
129 1237
129 163
129 608
129 528
129 1379
129 391
129 244
129 69
129 606
129 1373
129 1
129 169
129 508
129 634
129 800
129 225
129 627
129 1332
129 1334
129 247
129 184
129 64
129 697
129 259
129 207
129 1385
129 1002
129 1303
129 147
129 899
129 288
129 693
129 1326
129 1252
129 1278
129 857
129 1156
129 334
129 692
129 344
129 689
129 635
129 686
129 1213
129 230
129 232
129 856
129 1064
129 229
129 252
129 174
129 296
129 1164
129 1166
129 947
129 185
129 1041
129 1042
129 1045
129 127
129 392
129 1046
129 1048
129 1102
129 1101
129 1097
129 1095
129 1094
129 1092
129 1091
129 1090
129 1089
129 113
129 114
129 1075
129 1071
129 1068
129 1065
129 130
129 1062
129 1052
129 1049
129 129
129 137
129 1032
129 154
129 156
129 995
129 976
129 973
129 971
129 969
129 968
129 957
129 955
129 954
129 953
129 952
129 168
129 950
129 938
129 932
129 926
129 997
129 999
129 1031
129 1000
129 1030
129 1029
129 1028
129 136
129 1109
129 1027
129 139
129 1026
129 141
129 142
129 1025
129 1022
129 1017
129 1016
129 1011
129 1008
129 1001
129 1103
129 1133
129 1111
129 1218
129 1327
129 29
129 1316
129 31
129 1314
129 1308
129 1305
129 1300
129 1294
129 1290
129 1285
129 40
129 41
129 42
129 43
129 1257
129 46
129 1243
129 1226
129 1335
129 1337
129 1340
129 11
129 1398
129 1396
129 1395
129 1378
129 1376
129 1372
129 1364
129 10
129 1359
129 1345
129 1358
129 1357
129 1355
129 1352
129 1350
129 1348
129 1347
129 1346
129 1219
129 1196
129 100
129 1191
129 1155
129 1152
129 83
129 1150
129 1146
129 1140
129 1138
129 1135
129 914
129 90
129 1132
129 92
129 1130
129 1126
129 95
129 1125
129 1122
129 1120
129 1114
129 79
129 78
129 77
129 1168
129 1183
129 1178
129 1177
129 1174
129 1173
129 1172
129 1170
129 1169
129 65
129 76
129 66
129 67
129 1167
129 71
129 1163
129 1162
129 1161
129 75
129 923
129 890
129 178
129 912
129 648
129 647
129 645
129 644
129 643
129 642
129 638
129 636
129 320
129 619
129 618
129 616
129 611
129 605
129 598
129 595
129 330
129 586
129 582
129 670
129 673
129 678
129 709
129 721
129 720
129 718
129 285
129 286
129 715
129 713
129 711
129 708
129 679
129 293
129 707
129 698
129 695
129 694
129 302
129 685
129 684
129 568
129 566
129 558
129 437
129 480
129 474
129 473
129 471
129 463
129 462
129 448
129 438
129 436
129 492
129 434
129 432
129 431
129 425
129 424
129 412
129 405
129 400
129 482
129 497
129 337
129 532
129 338
129 339
129 555
129 552
129 551
129 343
129 345
129 546
129 524
129 502
129 518
129 350
129 517
129 513
129 353
129 354
129 510
129 505
129 281
129 722
129 279
129 838
129 865
129 864
129 862
129 209
129 860
129 859
129 858
129 847
129 837
129 867
129 218
129 219
129 220
129 835
129 831
129 223
129 826
129 226
129 866
129 202
129 823
129 399
129 910
129 181
129 909
129 908
129 904
129 898
129 897
129 891
129 886
129 874
129 885
129 194
129 884
129 882
129 881
129 879
129 877
129 875
129 824
129 821
129 725
129 742
129 260
129 761
129 759
129 756
129 752
129 745
129 744
129 743
129 740
129 776
129 739
129 271
129 272
129 736
129 735
129 275
129 276
129 728
129 766
129 778
129 233
129 807
129 819
129 816
129 815
129 812
129 238
129 810
129 809
129 808
129 805
129 780
129 804
129 796
129 791
129 788
129 250
129 786
129 783
129 254
129 1400
