130 948
130 859
130 391
130 1008
130 766
130 856
130 5
130 858
130 864
130 627
130 729
130 390
130 658
130 857
130 894
130 285
130 634
130 1162
130 66
130 728
130 251
130 727
130 31
130 434
130 606
130 90
130 55
130 711
130 899
130 1163
130 753
130 120
130 15
130 749
130 1339
130 685
130 51
130 878
130 1111
130 982
130 75
130 938
130 1392
130 1322
130 202
130 1338
130 709
130 1290
130 815
130 708
130 560
130 546
130 408
130 419
130 1164
130 782
130 814
130 599
130 686
130 23
130 725
130 269
130 442
130 1379
130 1001
130 14
130 509
130 933
130 719
130 52
130 879
130 29
130 91
130 1147
130 145
130 441
130 1387
130 36
130 655
130 267
130 713
130 1386
130 593
130 547
130 748
130 348
130 715
130 486
130 260
130 914
130 876
130 1341
130 781
130 1282
130 861
130 21
130 911
130 516
130 747
130 880
130 284
130 444
130 726
130 254
130 886
130 712
130 720
130 73
130 671
130 1268
130 1272
130 877
130 643
130 1145
130 1349
130 1127
130 717
130 1264
130 912
130 500
130 61
130 362
130 268
130 860
130 406
130 204
130 707
130 689
130 164
130 532
130 944
130 270
130 347
130 481
130 746
130 125
130 915
130 380
130 999
130 981
130 1030
130 1132
130 838
130 54
130 874
130 1353
130 88
130 792
130 493
130 1331
130 1171
130 1222
130 650
130 978
130 640
130 567
130 925
130 1000
130 367
130 142
130 13
130 1333
130 585
130 759
130 1355
130 566
130 632
130 962
130 81
130 433
130 598
130 9
130 638
130 1363
130 137
130 287
130 185
130 780
130 496
130 1130
130 1178
130 1207
130 1279
130 530
130 201
130 413
130 353
130 1336
130 1335
130 342
130 651
130 74
130 1235
130 570
130 337
130 375
130 587
130 1400
130 1104
130 158
130 774
130 49
130 497
130 1031
130 1073
130 306
130 71
130 453
130 698
130 550
130 565
130 1200
130 1133
130 417
130 398
130 924
130 625
130 1380
130 207
130 1213
130 82
130 1328
130 50
130 140
130 95
130 931
130 209
130 44
130 603
130 743
130 1303
130 329
130 67
130 1242
130 141
130 1095
130 165
130 1337
130 1366
130 1398
130 322
130 399
130 662
130 307
130 1320
130 635
130 1098
130 1305
130 451
130 11
130 533
130 701
130 779
130 568
130 78
130 1381
130 1361
130 303
130 846
130 421
130 591
130 1173
130 378
130 485
130 290
130 286
130 328
130 1066
130 564
130 590
130 1259
130 1348
130 688
130 790
130 801
130 1345
130 1263
130 791
130 554
130 929
130 62
130 1300
130 1172
130 4
130 77
130 947
130 1042
130 1071
130 1094
130 102
130 504
130 193
130 559
130 305
130 1064
130 561
130 681
130 274
130 963
130 1119
130 1212
130 875
130 1076
130 1358
130 983
130 12
130 788
130 917
130 862
130 524
130 1060
130 33
130 872
130 94
130 346
130 432
130 1350
130 104
130 225
130 1395
130 1070
130 1357
130 1056
130 395
130 555
130 959
130 1206
130 98
130 350
130 735
130 343
130 696
130 798
130 873
130 1197
130 1138
130 295
130 181
130 438
130 623
130 898
130 1022
130 789
130 667
130 1262
130 1014
130 163
130 1354
130 1192
130 891
130 584
130 1393
130 1161
130 418
130 1281
130 135
130 1019
130 283
130 1321
130 407
130 85
130 1342
130 1399
130 1107
130 979
130 1125
130 1089
130 666
130 760
130 644
130 1294
130 543
130 1069
130 6
130 837
130 576
130 1097
130 539
130 542
130 144
130 1258
130 588
130 415
130 1037
130 387
130 868
130 45
130 661
130 704
130 670
130 1112
130 435
130 571
130 841
130 154
130 600
130 1274
130 784
130 1067
130 1391
130 968
130 70
130 72
130 513
130 633
130 884
130 414
130 396
130 1319
130 569
130 1248
130 349
130 557
130 301
130 863
130 436
130 1099
130 386
130 361
130 813
130 663
130 46
130 775
130 1261
130 272
130 240
130 1332
130 668
130 1058
130 203
130 1307
130 119
130 525
130 476
130 1185
130 37
130 297
130 714
130 816
130 934
130 783
130 1334
130 294
130 980
130 887
130 1377
130 1329
130 957
130 1118
130 579
130 777
130 279
130 166
130 754
130 1039
130 1394
130 582
130 159
130 1287
130 927
130 105
130 1159
130 1115
130 101
130 812
130 692
130 339
130 319
130 1137
130 354
130 428
130 1226
130 827
130 172
130 952
130 123
130 300
130 1057
130 522
130 1055
130 553
130 586
130 596
130 1002
130 610
130 1105
130 1292
130 1344
130 592
130 1314
130 918
130 1006
130 1383
130 1177
130 892
130 129
130 865
130 80
130 1191
130 332
130 1330
130 377
130 836
130 341
130 131
130 1068
130 1356
130 357
130 261
130 1096
130 43
130 1035
130 723
130 461
130 273
130 503
130 1352
130 1106
130 372
130 544
130 356
130 344
130 628
130 302
130 325
130 896
130 1129
130 1004
130 160
130 1100
130 363
130 231
130 1188
130 1043
130 1166
130 843
130 956
130 1244
130 1040
130 1217
130 772
130 786
130 716
130 578
130 802
130 829
130 195
130 657
130 1140
130 1225
130 734
130 1247
130 1251
130 1117
130 24
130 1013
130 110
130 1236
130 1204
130 1072
130 333
130 1180
130 994
130 897
130 939
130 454
130 562
130 427
130 828
130 916
130 1346
130 1219
130 1005
130 79
130 572
130 452
130 42
130 839
130 673
130 167
130 1327
130 695
130 127
130 608
130 381
130 869
130 756
130 234
130 352
130 426
130 1250
130 997
130 722
130 1283
130 126
130 437
130 360
130 742
130 810
130 549
130 1092
130 1347
130 767
130 960
130 1
130 410
130 1291
130 1158
130 718
130 893
130 60
130 822
130 824
130 1168
130 1325
130 1340
130 552
130 744
130 966
130 1122
130 1181
130 229
130 998
130 245
130 379
130 845
130 459
130 1065
130 787
130 1113
130 383
130 620
130 1245
130 518
130 57
130 1270
130 1231
130 1051
130 820
130 972
130 1205
130 1007
130 540
130 499
130 992
130 22
130 1277
130 985
130 919
130 629
130 68
130 690
130 464
130 889
130 888
130 56
130 1027
130 1215
130 124
130 1183
130 237
130 1240
130 187
130 604
130 32
130 1101
130 1194
130 1061
130 1156
130 1134
130 132
130 1239
130 902
130 30
130 794
130 1108
130 266
130 463
130 773
130 28
130 1289
130 169
130 1077
130 263
130 1003
130 364
130 232
130 1362
130 621
130 489
130 1343
130 292
130 1143
130 710
130 205
130 289
130 157
130 1241
130 1246
130 84
130 1195
130 1315
130 580
130 366
130 870
130 310
130 277
130 1149
130 338
130 216
130 296
130 538
130 1295
130 624
130 975
130 645
130 675
130 484
130 20
130 974
130 128
130 314
130 416
130 262
130 739
130 757
130 1271
130 369
130 589
130 721
130 536
130 1209
130 25
130 1198
130 1179
130 304
130 649
130 986
130 575
130 646
130 466
130 168
130 1375
130 244
130 89
130 1313
130 258
130 1396
130 358
130 255
130 1216
130 256
130 355
130 257
130 1146
130 1220
130 265
130 1160
130 1385
130 1218
130 336
130 335
130 259
130 264
130 1144
130 1170
130 253
130 16
130 235
130 1224
130 233
130 1227
130 1378
130 230
130 228
130 252
130 227
130 226
130 1142
130 1228
130 224
130 223
130 236
130 1167
130 238
130 239
130 1223
130 241
130 242
130 243
130 1382
130 246
130 247
130 340
130 248
130 1384
130 249
130 250
130 1221
130 359
130 275
130 1148
130 3
130 1154
130 311
130 309
130 308
130 8
130 1182
130 1184
130 313
130 1186
130 1187
130 1189
130 1153
130 299
130 298
130 312
130 315
130 1151
130 324
130 327
130 1397
130 345
130 326
130 1175
130 7
130 323
130 316
130 1176
130 1155
130 321
130 320
130 318
130 317
130 1152
130 1190
130 334
130 1174
130 1165
130 280
130 1203
130 1150
130 278
130 276
130 1390
130 10
130 1388
130 1208
130 271
130 1210
130 1211
130 1214
130 281
130 282
130 1193
130 331
130 1389
130 221
130 2
130 293
130 330
130 291
130 1169
130 1202
130 288
130 1196
130 351
130 1157
130 1199
130 1201
130 222
130 1369
130 220
130 107
130 1286
130 1288
130 103
130 1373
130 100
130 99
130 1293
130 97
130 96
130 1296
130 93
130 92
130 1297
130 1298
130 1299
130 87
130 86
130 106
130 108
130 219
130 109
130 1273
130 1275
130 1276
130 1278
130 122
130 121
130 1280
130 1284
130 118
130 117
130 116
130 115
130 114
130 113
130 112
130 111
130 1285
130 1301
130 83
130 1302
130 1304
130 34
130 1326
130 35
130 53
130 1351
130 1359
130 1360
130 48
130 47
130 1364
130 1370
130 1365
130 1367
130 1368
130 41
130 40
130 39
130 1371
130 58
130 59
130 1316
130 1306
130 1308
130 1309
130 1310
130 76
130 1311
130 1312
130 1317
130 1324
130 69
130 1318
130 1372
130 1323
130 65
130 64
130 63
130 130
130 133
130 134
130 179
130 198
130 197
130 38
130 1237
130 194
130 1238
130 192
130 191
130 190
130 1376
130 189
130 188
130 186
130 184
130 183
130 182
130 1141
130 199
130 200
130 1234
130 211
130 218
130 217
130 215
130 214
130 213
130 17
130 212
130 210
130 19
130 1229
130 208
130 1230
130 206
130 18
130 1232
130 1233
130 180
130 178
130 27
130 177
130 151
130 150
130 149
130 26
130 148
130 147
130 146
130 1257
130 1260
130 143
130 1265
130 1266
130 1267
130 139
130 138
130 1269
130 136
130 152
130 153
130 1256
130 1243
130 176
130 175
130 174
130 173
130 171
130 170
130 1374
130 1249
130 155
130 1252
130 162
130 161
130 1253
130 1254
130 1255
130 156
130 196
130 795
130 1139
130 923
130 659
130 926
130 928
130 656
130 930
130 654
130 653
130 652
130 932
130 935
130 648
130 647
130 936
130 937
130 642
130 641
130 940
130 639
130 941
130 660
130 922
130 905
130 921
130 684
130 683
130 682
130 907
130 680
130 679
130 678
130 677
130 676
130 674
130 908
130 672
130 909
130 910
130 669
130 913
130 920
130 665
130 664
130 637
130 636
130 942
130 943
130 607
130 958
130 605
130 961
130 602
130 601
130 964
130 965
130 597
130 967
130 595
130 594
130 969
130 970
130 971
130 973
130 976
130 977
130 583
130 955
130 609
130 954
130 953
130 945
130 946
130 631
130 630
130 949
130 950
130 626
130 951
130 622
130 611
130 619
130 618
130 617
130 616
130 615
130 614
130 613
130 612
130 906
130 687
130 365
130 769
130 821
130 765
130 764
130 763
130 762
130 761
130 823
130 758
130 825
130 755
130 826
130 830
130 752
130 751
130 750
130 831
130 832
130 833
130 834
130 768
130 770
130 904
130 771
130 793
130 796
130 797
130 799
130 800
130 803
130 804
130 785
130 805
130 806
130 807
130 808
130 809
130 811
130 778
130 817
130 776
130 818
130 819
130 745
130 835
130 840
130 741
130 871
130 881
130 882
130 883
130 885
130 706
130 705
130 703
130 702
130 890
130 699
130 895
130 697
130 900
130 901
130 694
130 693
130 691
130 903
130 867
130 866
130 855
130 731
130 740
130 738
130 737
130 736
130 842
130 844
130 733
130 732
130 730
130 854
130 847
130 848
130 849
130 850
130 724
130 851
130 852
130 853
130 984
130 581
130 577
130 443
130 1075
130 440
130 439
130 1078
130 1079
130 1080
130 1081
130 1082
130 1083
130 431
130 430
130 429
130 1084
130 1085
130 1086
130 425
130 424
130 423
130 422
130 1074
130 445
130 987
130 446
130 470
130 469
130 468
130 467
130 465
130 462
130 1054
130 460
130 458
130 457
130 456
130 455
130 1059
130 1062
130 1063
130 450
130 449
130 448
130 447
130 1087
130 420
130 1088
130 1090
130 1121
130 389
130 388
130 1123
130 385
130 384
130 382
130 1124
130 1126
130 1128
130 1131
130 376
130 374
130 373
130 1135
130 371
130 370
130 368
130 1136
130 1120
130 392
130 393
130 405
130 1091
130 1093
130 1102
130 412
130 411
130 409
130 1103
130 1109
130 404
130 394
130 403
130 402
130 401
130 400
130 1110
130 397
130 1114
130 1116
130 471
130 472
130 473
130 523
130 1020
130 1021
130 545
130 1023
130 1024
130 1025
130 541
130 1026
130 537
130 535
130 534
130 1028
130 531
130 1029
130 529
130 528
130 527
130 526
130 1032
130 548
130 1018
130 1017
130 996
130 574
130 573
130 988
130 989
130 990
130 991
130 993
130 995
130 563
130 551
130 1009
130 1010
130 558
130 1011
130 556
130 1012
130 1015
130 1016
130 1033
130 1034
130 474
130 521
130 1048
130 495
130 494
130 1049
130 492
130 491
130 490
130 488
130 487
130 1050
130 483
130 482
130 1052
130 480
130 479
130 478
130 477
130 1053
130 475
130 1047
130 498
130 1046
130 511
130 520
130 519
130 517
130 1036
130 515
130 514
130 1038
130 512
130 510
130 501
130 1041
130 508
130 507
130 506
130 505
130 1044
130 1045
130 502
130 700
