131 1021
131 950
131 1023
131 1025
131 1026
131 1022
131 1012
131 952
131 1020
131 1017
131 1019
131 1018
131 1024
131 1015
131 1034
131 951
131 1028
131 1029
131 1317
131 1014
131 955
131 1013
131 1016
131 1125
131 330
131 1118
131 544
131 767
131 928
131 866
131 1032
131 1363
131 286
131 1030
131 1075
131 1027
131 825
131 1132
131 295
131 546
131 1074
131 1046
131 1335
131 871
131 518
131 823
131 760
131 30
131 837
131 1213
131 739
131 863
131 781
131 69
131 606
131 1066
131 899
131 168
131 1196
131 78
131 169
131 932
131 1374
131 271
131 805
131 1130
131 821
131 346
131 1116
131 657
131 1397
131 1229
131 1214
131 158
131 1156
131 294
131 1120
131 234
131 265
131 848
131 377
131 1222
131 397
131 740
131 441
131 1067
131 668
131 1121
131 927
131 503
131 29
131 171
131 637
131 16
131 1035
131 820
131 912
131 891
131 399
131 206
131 1031
131 1122
131 1257
131 838
131 283
131 869
131 981
131 287
131 267
131 1384
131 1285
131 1159
131 725
131 1151
131 635
131 139
131 504
131 1141
131 53
131 409
131 1228
131 151
131 727
131 150
131 289
131 1225
131 552
131 1051
131 1062
131 178
131 714
131 89
131 1302
131 207
131 1133
131 372
131 947
131 776
131 1065
131 1129
131 1049
131 443
131 1172
131 697
131 829
131 560
131 302
131 1337
131 222
131 1258
131 689
131 17
131 1037
131 595
131 1313
131 1070
131 956
131 1199
131 572
131 809
131 688
131 186
131 1237
131 1171
131 197
131 959
131 1107
131 1359
131 1204
131 1127
131 1006
131 121
131 1355
131 47
131 729
131 85
131 567
131 345
131 227
131 1161
131 84
131 1352
131 363
131 9
131 1146
131 497
131 1303
131 564
131 522
131 1281
131 870
131 571
131 1360
131 187
131 1378
131 1097
131 1242
131 806
131 1148
131 1113
131 63
131 1039
131 888
131 556
131 941
131 38
131 1050
131 137
131 389
131 822
131 125
131 642
131 540
131 76
131 662
131 123
131 1106
131 597
131 867
131 954
131 807
131 485
131 548
131 1290
131 1261
131 347
131 678
131 1100
131 1241
131 11
131 455
131 191
131 1306
131 58
131 307
131 469
131 434
131 1131
131 1372
131 1000
131 502
131 636
131 1123
131 585
131 135
131 199
131 1231
131 25
131 923
131 1321
131 1396
131 701
131 482
131 1395
131 1119
131 474
131 918
131 195
131 1311
131 1268
131 263
131 1187
131 39
131 1160
131 32
131 431
131 343
131 517
131 1
131 1155
131 1078
131 671
131 605
131 129
131 565
131 280
131 808
131 997
131 131
131 413
131 1052
131 1220
131 1088
131 1178
131 241
131 496
131 376
131 350
131 126
131 395
131 339
131 1314
131 212
131 489
131 301
131 569
131 741
131 262
131 1082
131 1275
131 558
131 55
131 423
131 1270
131 599
131 901
131 594
131 1143
131 203
131 770
131 1191
131 309
131 442
131 5
131 1269
131 1292
131 752
131 326
131 743
131 243
131 538
131 1358
131 417
131 720
131 1112
131 1273
131 167
131 911
131 1128
131 824
131 600
131 201
131 1307
131 813
131 566
131 984
131 170
131 196
131 640
131 557
131 535
131 1149
131 1298
131 704
131 1069
131 1357
131 433
131 461
131 1115
131 1282
131 1295
131 460
131 938
131 1336
131 687
131 331
131 306
131 812
131 663
131 653
131 627
131 621
131 354
131 985
131 833
131 974
131 329
131 202
131 934
131 81
131 775
131 965
131 772
131 374
131 791
131 156
131 1126
131 256
131 839
131 83
131 1293
131 304
131 630
131 645
131 1264
131 245
131 112
131 1394
131 334
131 685
131 999
131 1277
131 1167
131 1252
131 41
131 608
131 1278
131 728
131 519
131 964
131 610
131 654
131 830
131 868
131 370
131 113
131 946
131 679
131 520
131 453
131 74
131 1234
131 311
131 1216
131 261
131 348
131 680
131 251
131 902
131 539
131 1369
131 435
131 885
131 764
131 1081
131 1240
131 1318
131 1239
131 1177
131 1329
131 513
131 996
131 369
131 494
131 155
131 1209
131 352
131 232
131 1212
131 165
131 438
131 464
131 1398
131 790
131 582
131 894
131 961
131 724
131 1262
131 94
131 255
131 1316
131 273
131 846
131 577
131 70
131 550
131 1157
131 1198
131 847
131 1103
131 99
131 1246
131 468
131 179
131 1210
131 1004
131 57
131 968
131 1173
131 612
131 95
131 658
131 975
131 615
131 1320
131 505
131 1008
131 683
131 1260
131 6
131 1375
131 631
131 1250
131 1045
131 141
131 1145
131 861
131 587
131 1247
131 900
131 844
131 230
131 225
131 940
131 491
131 598
131 108
131 976
131 383
131 220
131 604
131 189
131 1101
131 277
131 412
131 1218
131 445
131 293
131 1090
131 1319
131 75
131 966
131 142
131 79
131 1068
131 958
131 827
131 769
131 686
131 801
131 753
131 521
131 498
131 1381
131 72
131 990
131 771
131 223
131 979
131 465
131 755
131 188
131 373
131 613
131 929
131 80
131 205
131 366
131 252
131 721
131 365
131 856
131 140
131 563
131 858
131 963
131 616
131 836
131 973
131 634
131 919
131 1382
131 1356
131 421
131 811
131 723
131 818
131 935
131 787
131 415
131 562
131 843
131 1150
131 1301
131 516
131 183
131 152
131 1182
131 1390
131 411
131 1092
131 1003
131 120
131 185
131 742
131 1338
131 8
131 670
131 646
131 857
131 73
131 62
131 628
131 492
131 1294
131 193
131 259
131 1109
131 622
131 1134
131 110
131 967
131 920
131 238
131 845
131 91
131 160
131 10
131 786
131 242
131 905
131 998
131 1153
131 404
131 115
131 1060
131 695
131 428
131 872
131 103
131 694
131 814
131 1144
131 379
131 1138
131 682
131 338
131 675
131 237
131 297
131 1140
131 980
131 175
131 166
131 699
131 51
131 1324
131 495
131 240
131 1271
131 1230
131 874
131 173
131 1236
131 288
131 960
131 799
131 1276
131 1364
131 850
131 898
131 614
131 618
131 282
131 214
131 1169
131 591
131 1248
131 420
131 759
131 853
131 924
131 1339
131 340
131 414
131 542
131 336
131 749
131 266
131 59
131 553
131 1366
131 773
131 914
131 666
131 1367
131 358
131 710
131 841
131 1341
131 1040
131 1386
131 576
131 609
131 1104
131 655
131 19
131 117
131 93
131 1274
131 1380
131 1387
131 54
131 1351
131 71
131 1256
131 1011
131 210
131 763
131 493
131 1064
131 703
131 942
131 49
131 1184
131 172
131 400
131 831
131 1325
131 745
131 177
131 652
131 889
131 917
131 1166
131 239
131 292
131 779
131 696
131 1061
131 815
131 48
131 274
131 244
131 213
131 1083
131 427
131 1076
131 624
131 1099
131 111
131 904
131 586
131 632
131 988
131 418
131 217
131 1288
131 228
131 1114
131 145
131 1377
131 712
131 761
131 860
131 629
131 407
131 335
131 1347
131 840
131 750
131 355
131 623
131 530
131 897
131 977
131 327
131 669
131 1195
131 481
131 101
131 794
131 982
131 583
131 514
131 766
131 588
131 324
131 36
131 797
131 258
131 903
131 102
131 1243
131 344
131 1308
131 484
131 136
131 528
131 536
131 501
131 14
131 826
131 748
131 315
131 1033
131 148
131 1227
131 154
131 549
131 143
131 611
131 878
131 233
131 50
131 305
131 601
131 508
131 28
131 1340
131 1158
131 364
131 1108
131 1005
131 218
131 391
131 1001
131 176
131 42
131 943
131 1287
131 890
131 1139
131 1400
131 1117
131 1249
131 1263
131 1385
131 726
131 986
131 118
131 60
131 13
131 584
131 236
131 1080
131 1096
131 529
131 1038
131 480
131 22
131 1362
131 747
131 1192
131 716
131 454
131 717
131 922
131 77
131 23
131 1009
131 802
131 602
131 887
131 279
131 426
131 568
131 1186
131 308
131 547
131 800
131 104
131 488
131 1215
131 1200
131 819
131 1365
131 61
131 319
131 109
131 1327
131 660
131 276
131 381
131 1162
131 1393
131 457
131 1010
131 1349
131 45
131 593
131 1175
131 1007
131 342
131 147
131 128
131 88
131 204
131 970
131 1170
131 926
131 1002
131 893
131 446
131 1110
131 360
131 35
131 448
131 1087
131 1371
131 275
131 371
131 574
131 221
131 705
131 698
131 1238
131 804
131 1206
131 1163
131 782
131 1185
131 37
131 1245
131 12
131 43
131 816
131 626
131 554
131 52
131 97
131 1165
131 116
131 1137
131 1300
131 933
131 972
131 722
131 184
131 1265
131 573
131 511
131 462
131 467
131 730
131 439
131 734
131 713
131 1053
131 859
131 209
131 1147
131 881
131 796
131 651
131 1383
131 432
131 466
131 693
131 1098
131 644
131 459
131 257
131 692
131 300
131 325
131 1164
131 34
131 798
131 146
131 1202
131 198
131 456
131 1343
131 561
131 1328
131 1205
131 907
131 219
131 1235
131 1310
131 992
131 216
131 82
131 33
131 757
131 1226
131 1392
131 1373
131 1244
131 1291
131 272
131 962
131 649
131 1072
131 1063
131 182
131 1071
131 248
131 235
131 1059
131 1073
131 1168
131 1056
131 1058
131 1179
131 1183
131 247
131 246
131 1181
131 1180
131 174
131 1176
131 181
131 1174
131 1054
131 1055
131 180
131 1044
131 1057
131 1154
131 208
131 190
131 253
131 1135
131 1089
131 1091
131 200
131 1093
131 1124
131 1111
131 249
131 215
131 1094
131 1095
131 211
131 1047
131 1105
131 1086
131 224
131 1136
131 1048
131 1085
131 1142
131 226
131 1084
131 250
131 229
131 1079
131 254
131 194
131 1102
131 192
131 1077
131 1152
131 231
131 596
131 1188
131 1346
131 1344
131 1342
131 1334
131 1333
131 56
131 1332
131 1331
131 1330
131 64
131 65
131 66
131 67
131 68
131 1326
131 1323
131 1322
131 1315
131 1312
131 1309
131 1305
131 1304
131 1299
131 1297
131 1296
131 1289
131 1345
131 1348
131 87
131 46
131 2
131 3
131 4
131 7
131 1391
131 1389
131 1388
131 15
131 1379
131 1376
131 18
131 20
131 21
131 24
131 26
131 27
131 1370
131 1368
131 31
131 1361
131 1354
131 1353
131 40
131 1350
131 44
131 86
131 1286
131 1189
131 132
131 134
131 1224
131 1223
131 1221
131 138
131 1219
131 1217
131 1211
131 1208
131 144
131 1207
131 149
131 1203
131 153
131 1201
131 1197
131 157
131 1194
131 159
131 1193
131 161
131 162
131 163
131 164
131 1190
131 133
131 130
131 90
131 1232
131 1284
131 92
131 1283
131 1280
131 1279
131 96
131 98
131 1272
131 100
131 1267
131 1266
131 105
131 106
131 107
131 1259
131 1255
131 1254
131 1253
131 114
131 1251
131 119
131 122
131 124
131 1233
131 127
131 1043
131 298
131 1042
131 1041
131 472
131 473
131 751
131 475
131 476
131 477
131 478
131 479
131 746
131 483
131 744
131 738
131 486
131 487
131 737
131 490
131 736
131 735
131 733
131 732
131 731
131 499
131 500
131 719
131 718
131 506
131 507
131 715
131 509
131 471
131 470
131 754
131 778
131 793
131 792
131 429
131 430
131 789
131 788
131 785
131 784
131 436
131 437
131 783
131 440
131 780
131 444
131 756
131 777
131 447
131 449
131 450
131 451
131 452
131 774
131 768
131 458
131 765
131 762
131 463
131 758
131 510
131 512
131 711
131 638
131 555
131 661
131 659
131 559
131 656
131 650
131 648
131 647
131 643
131 570
131 641
131 639
131 575
131 633
131 665
131 578
131 579
131 580
131 581
131 625
131 620
131 619
131 617
131 607
131 589
131 590
131 603
131 592
131 664
131 551
131 515
131 533
131 709
131 708
131 707
131 706
131 702
131 1399
131 523
131 524
131 525
131 526
131 527
131 531
131 532
131 534
131 667
131 691
131 537
131 690
131 684
131 681
131 541
131 677
131 543
131 676
131 545
131 674
131 673
131 672
131 425
131 424
131 795
131 931
131 937
131 310
131 936
131 312
131 313
131 314
131 316
131 317
131 318
131 320
131 321
131 322
131 323
131 930
131 944
131 328
131 925
131 921
131 332
131 333
131 916
131 915
131 913
131 337
131 910
131 909
131 908
131 341
131 939
131 945
131 896
131 987
131 260
131 1036
131 264
131 268
131 269
131 270
131 995
131 994
131 993
131 278
131 991
131 281
131 989
131 284
131 948
131 285
131 983
131 978
131 290
131 291
131 971
131 969
131 296
131 957
131 299
131 953
131 949
131 303
131 906
131 895
131 422
131 834
131 387
131 388
131 852
131 390
131 851
131 392
131 393
131 394
131 849
131 396
131 842
131 398
131 835
131 401
131 385
131 402
131 403
131 832
131 405
131 406
131 828
131 408
131 410
131 817
131 810
131 803
131 416
131 419
131 386
131 384
131 892
131 879
131 349
131 351
131 886
131 353
131 884
131 883
131 356
131 357
131 882
131 359
131 361
131 362
131 880
131 877
131 854
131 367
131 368
131 876
131 875
131 873
131 865
131 864
131 375
131 862
131 378
131 855
131 380
131 382
131 700
