132 1021
132 1026
132 1023
132 1017
132 1013
132 1014
132 1020
132 1015
132 951
132 1029
132 950
132 1012
132 952
132 1028
132 1025
132 871
132 1146
132 761
132 1052
132 1027
132 1018
132 1022
132 1030
132 1024
132 400
132 642
132 1031
132 862
132 957
132 760
132 1035
132 827
132 891
132 833
132 856
132 767
132 823
132 1034
132 1121
132 888
132 1050
132 1019
132 743
132 1016
132 822
132 885
132 932
132 31
132 1122
132 863
132 1400
132 740
132 997
132 739
132 741
132 1131
132 769
132 1127
132 857
132 898
132 1214
132 866
132 956
132 1051
132 887
132 915
132 1174
132 830
132 1396
132 897
132 1037
132 928
132 1177
132 550
132 820
132 831
132 1126
132 1178
132 544
132 1116
132 838
132 1172
132 935
132 1053
132 1359
132 1317
132 1399
132 829
132 1152
132 839
132 1046
132 1145
132 825
132 1120
132 1119
132 1173
132 763
132 610
132 886
132 1314
132 889
132 937
132 744
132 1062
132 464
132 507
132 1099
132 1337
132 123
132 1277
132 327
132 11
132 1071
132 289
132 443
132 1032
132 912
132 657
132 843
132 1362
132 948
132 837
132 15
132 128
132 412
132 1358
132 824
132 766
132 55
132 1176
132 572
132 1070
132 1160
132 1357
132 491
132 1048
132 926
132 858
132 549
132 640
132 864
132 1068
132 911
132 1060
132 1269
132 1397
132 894
132 1213
132 1
132 890
132 1117
132 465
132 870
132 419
132 29
132 409
132 1387
132 497
132 954
132 936
132 256
132 421
132 941
132 171
132 1054
132 366
132 365
132 277
132 716
132 1067
132 1239
132 207
132 919
132 840
132 907
132 1306
132 859
132 352
132 61
132 10
132 1232
132 1074
132 270
132 574
132 221
132 1039
132 293
132 729
132 1199
132 1257
132 1384
132 334
132 21
132 455
132 967
132 225
132 287
132 1374
132 1267
132 1123
132 1311
132 1290
132 775
132 1088
132 202
132 560
132 1229
132 418
132 241
132 1367
132 297
132 1258
132 805
132 45
132 609
132 407
132 151
132 991
132 178
132 1246
132 1132
132 204
132 1295
132 1055
132 1002
132 588
132 41
132 514
132 848
132 742
132 222
132 953
132 267
132 753
132 1320
132 56
132 1075
132 1336
132 74
132 2
132 197
132 1006
132 38
132 801
132 251
132 1369
132 892
132 101
132 1264
132 1278
132 71
132 70
132 337
132 303
132 869
132 228
132 564
132 1377
132 765
132 722
132 273
132 503
132 1253
132 678
132 243
132 469
132 355
132 847
132 581
132 884
132 295
132 612
132 294
132 453
132 929
132 164
132 663
132 347
132 78
132 1161
132 472
132 157
132 861
132 714
132 1243
132 772
132 727
132 307
132 955
132 578
132 1388
132 199
132 667
132 525
132 563
132 1233
132 1288
132 85
132 433
132 77
132 690
132 927
132 142
132 148
132 1196
132 279
132 1167
132 233
132 1398
132 680
132 397
132 216
132 1164
132 73
132 585
132 319
132 105
132 167
132 809
132 1001
132 90
132 639
132 425
132 496
132 546
132 75
132 126
132 662
132 330
132 946
132 391
132 33
132 726
132 121
132 1151
132 345
132 576
132 474
132 30
132 901
132 606
132 1304
132 557
132 1109
132 60
132 39
132 658
132 108
132 725
132 1130
132 613
132 446
132 390
132 1153
132 747
132 836
132 508
132 17
132 808
132 1181
132 653
132 758
132 8
132 37
132 196
132 489
132 521
132 261
132 959
132 556
132 1284
132 57
132 198
132 1302
132 605
132 1231
132 695
132 1200
132 777
132 84
132 531
132 370
132 1128
132 626
132 118
132 186
132 112
132 1393
132 420
132 79
132 538
132 1222
132 283
132 428
132 1219
132 975
132 814
132 593
132 942
132 220
132 1392
132 147
132 826
132 974
132 195
132 1281
132 371
132 1125
132 83
132 1216
132 903
132 1251
132 899
132 865
132 1182
132 711
132 288
132 964
132 448
132 644
132 1372
132 442
132 994
132 804
132 257
132 1194
132 369
132 51
132 571
132 993
132 1136
132 1154
132 1391
132 552
132 1279
132 844
132 614
132 635
132 170
132 1184
132 97
132 781
132 1352
132 1108
132 240
132 518
132 720
132 434
132 1309
132 47
132 730
132 1205
132 363
132 456
132 799
132 561
132 1381
132 845
132 1082
132 1224
132 688
132 131
132 432
132 466
132 996
132 782
132 1313
132 427
132 187
132 9
132 624
132 1104
132 80
132 675
132 917
132 99
132 1351
132 160
132 660
132 947
132 129
132 757
132 548
132 1321
132 1271
132 110
132 797
132 1209
132 193
132 25
132 1134
132 42
132 522
132 185
132 1144
132 212
132 401
132 1268
132 82
132 272
132 344
132 721
132 1201
132 329
132 311
132 331
132 461
132 313
132 312
132 462
132 457
132 454
132 463
132 306
132 310
132 308
132 309
132 1262
132 332
132 328
132 317
132 314
132 320
132 326
132 325
132 324
132 323
132 322
132 459
132 321
132 304
132 315
132 1263
132 429
132 460
132 318
132 1389
132 458
132 316
132 305
132 426
132 1147
132 302
132 430
132 1157
132 276
132 275
132 274
132 467
132 1158
132 468
132 1106
132 470
132 271
132 1159
132 269
132 268
132 1260
132 266
132 265
132 471
132 264
132 263
132 262
132 1162
132 260
132 278
132 1156
132 280
132 292
132 301
132 300
132 299
132 1143
132 298
132 1148
132 296
132 1149
132 1150
132 1261
132 291
132 281
132 290
132 1390
132 1385
132 1112
132 286
132 1107
132 285
132 284
132 1155
132 282
132 333
132 342
132 335
132 440
132 439
132 399
132 398
132 1265
132 396
132 395
132 394
132 393
132 392
132 1129
132 441
132 438
132 1133
132 389
132 388
132 387
132 386
132 385
132 384
132 383
132 1386
132 382
132 1266
132 437
132 336
132 415
132 1114
132 424
132 423
132 422
132 1115
132 1272
132 436
132 1118
132 417
132 416
132 414
132 402
132 413
132 1270
132 411
132 410
132 408
132 1124
132 406
132 405
132 404
132 403
132 435
132 381
132 444
132 349
132 357
132 356
132 1138
132 354
132 451
132 353
132 1139
132 351
132 452
132 350
132 348
132 380
132 431
132 346
132 1141
132 343
132 341
132 1110
132 340
132 339
132 338
132 1142
132 358
132 359
132 360
132 361
132 379
132 378
132 377
132 376
132 375
132 374
132 373
132 1113
132 372
132 1135
132 445
132 368
132 1111
132 367
132 259
132 447
132 449
132 1137
132 364
132 450
132 362
132 1140
132 988
132 258
132 95
132 93
132 92
132 91
132 1208
132 89
132 88
132 87
132 86
132 1210
132 1211
132 81
132 1212
132 1252
132 1215
132 76
132 1217
132 1218
132 1220
132 72
132 1221
132 1223
132 69
132 68
132 67
132 66
132 94
132 96
132 64
132 98
132 127
132 1198
132 125
132 124
132 122
132 1202
132 120
132 119
132 1203
132 117
132 116
132 115
132 114
132 113
132 1204
132 111
132 109
132 107
132 106
132 1206
132 104
132 103
132 102
132 1207
132 100
132 65
132 63
132 1163
132 1240
132 28
132 27
132 26
132 24
132 23
132 22
132 1242
132 20
132 19
132 18
132 1244
132 16
132 1395
132 14
132 13
132 12
132 1245
132 1247
132 1248
132 7
132 6
132 5
132 4
132 3
132 1249
132 1241
132 1394
132 62
132 32
132 1225
132 59
132 58
132 1226
132 1227
132 1228
132 54
132 53
132 52
132 50
132 49
132 48
132 46
132 1230
132 44
132 43
132 1234
132 40
132 1235
132 1236
132 1237
132 36
132 35
132 34
132 1238
132 130
132 132
132 133
132 227
132 1171
132 224
132 223
132 1259
132 1175
132 1256
132 219
132 218
132 217
132 1255
132 215
132 214
132 213
132 211
132 210
132 209
132 208
132 1254
132 206
132 205
132 1179
132 203
132 1180
132 201
132 200
132 226
132 1170
132 134
132 229
132 255
132 254
132 253
132 252
132 1165
132 250
132 249
132 248
132 247
132 246
132 245
132 244
132 1166
132 242
132 1168
132 239
132 238
132 237
132 236
132 1105
132 234
132 1169
132 232
132 231
132 230
132 1183
132 1185
132 1186
132 194
132 161
132 159
132 158
132 1192
132 156
132 155
132 154
132 153
132 152
132 1193
132 150
132 149
132 1195
132 146
132 145
132 144
132 143
132 1197
132 141
132 140
132 139
132 138
132 137
132 136
132 135
132 162
132 163
132 1191
132 179
132 192
132 191
132 190
132 189
132 188
132 1187
132 184
132 183
132 182
132 181
132 180
132 1188
132 165
132 177
132 176
132 175
132 174
132 173
132 172
132 1189
132 169
132 168
132 1190
132 166
132 235
132 494
132 473
132 811
132 1356
132 1360
132 821
132 1361
132 819
132 818
132 817
132 816
132 815
132 1292
132 813
132 812
132 810
132 1354
132 1291
132 1289
132 807
132 806
132 1033
132 803
132 802
132 1287
132 800
132 798
132 796
132 795
132 1355
132 1293
132 475
132 1345
132 1343
132 1344
132 855
132 854
132 853
132 852
132 851
132 850
132 849
132 1298
132 1297
132 846
132 842
132 1353
132 841
132 1296
132 1346
132 1347
132 1348
132 1294
132 835
132 834
132 1349
132 832
132 1350
132 828
132 794
132 793
132 792
132 746
132 759
132 1042
132 756
132 755
132 754
132 1043
132 752
132 751
132 750
132 749
132 748
132 1044
132 745
132 791
132 1045
132 1370
132 1285
132 1371
132 1373
132 738
132 737
132 736
132 735
132 734
132 733
132 732
132 1368
132 1041
132 762
132 1366
132 790
132 789
132 788
132 787
132 786
132 785
132 784
132 783
132 780
132 779
132 778
132 1036
132 776
132 1286
132 774
132 773
132 1038
132 771
132 770
132 1363
132 768
132 1364
132 1365
132 1040
132 764
132 1342
132 1299
132 860
132 939
132 1310
132 1315
132 1316
132 949
132 1318
132 998
132 945
132 944
132 943
132 999
132 1000
132 940
132 938
132 923
132 1319
132 1003
132 1004
132 934
132 933
132 931
132 930
132 1005
132 1322
132 1007
132 1323
132 925
132 995
132 1312
132 958
132 960
132 986
132 985
132 984
132 983
132 982
132 981
132 980
132 979
132 978
132 977
132 976
132 989
132 990
132 973
132 972
132 971
132 970
132 969
132 968
132 992
132 966
132 965
132 963
132 962
132 961
132 924
132 922
132 1300
132 876
132 1332
132 1333
132 1334
132 1335
132 1307
132 883
132 882
132 881
132 880
132 879
132 878
132 877
132 875
132 921
132 874
132 873
132 872
132 1305
132 1303
132 1301
132 868
132 867
132 1338
132 1339
132 1340
132 1341
132 1331
132 1308
132 1330
132 893
132 920
132 1008
132 918
132 916
132 1324
132 914
132 913
132 1325
132 1326
132 910
132 909
132 908
132 1009
132 906
132 905
132 904
132 1010
132 902
132 1011
132 900
132 1327
132 1328
132 896
132 895
132 1329
132 731
132 1047
132 728
132 553
132 566
132 565
132 1086
132 1087
132 562
132 1089
132 559
132 558
132 1090
132 1091
132 555
132 554
132 551
132 535
132 1380
132 547
132 1092
132 545
132 1382
132 543
132 542
132 541
132 540
132 539
132 1093
132 537
132 567
132 568
132 569
132 570
132 597
132 596
132 595
132 594
132 1079
132 592
132 591
132 590
132 589
132 1080
132 587
132 586
132 1081
132 584
132 583
132 582
132 580
132 579
132 1083
132 577
132 1084
132 575
132 1085
132 573
132 1379
132 536
132 534
132 599
132 1103
132 501
132 500
132 499
132 498
132 1100
132 1101
132 495
132 987
132 493
132 492
132 1102
132 490
132 488
132 533
132 487
132 486
132 485
132 484
132 483
132 482
132 481
132 480
132 479
132 478
132 477
132 476
132 502
132 1273
132 504
132 505
132 532
132 1094
132 530
132 529
132 528
132 527
132 526
132 1095
132 524
132 523
132 1096
132 520
132 519
132 517
132 516
132 515
132 1097
132 513
132 512
132 511
132 510
132 509
132 1098
132 1383
132 506
132 598
132 600
132 1049
132 1061
132 694
132 693
132 692
132 691
132 689
132 687
132 686
132 685
132 684
132 683
132 682
132 681
132 679
132 664
132 1063
132 677
132 676
132 674
132 673
132 672
132 671
132 670
132 669
132 668
132 1064
132 666
132 1059
132 696
132 697
132 698
132 1283
132 1282
132 724
132 723
132 1280
132 719
132 718
132 717
132 1056
132 715
132 1057
132 713
132 712
132 710
132 709
132 708
132 707
132 706
132 705
132 704
132 703
132 702
132 701
132 1058
132 699
132 665
132 1065
132 601
132 616
132 629
132 628
132 627
132 1250
132 625
132 623
132 622
132 621
132 620
132 619
132 618
132 617
132 615
132 1066
132 1072
132 1073
132 611
132 1378
132 1076
132 608
132 607
132 1077
132 1078
132 604
132 603
132 602
132 630
132 631
132 632
132 633
132 661
132 659
132 1276
132 1375
132 656
132 655
132 654
132 1069
132 652
132 651
132 650
132 649
132 648
132 647
132 646
132 645
132 643
132 1376
132 641
132 1275
132 1274
132 638
132 637
132 636
132 634
132 700
