133 1026
133 1023
133 951
133 1013
133 1014
133 1020
133 1021
133 1015
133 1029
133 1017
133 1028
133 950
133 1012
133 871
133 1027
133 1018
133 1146
133 1022
133 1030
133 1025
133 1024
133 932
133 952
133 856
133 760
133 1019
133 1031
133 1052
133 862
133 761
133 957
133 866
133 1016
133 1214
133 935
133 1035
133 823
133 857
133 887
133 833
133 1034
133 1177
133 827
133 400
133 888
133 863
133 642
133 743
133 767
133 820
133 822
133 885
133 1172
133 928
133 31
133 1269
133 741
133 1131
133 769
133 739
133 740
133 1122
133 915
133 1174
133 256
133 891
133 1127
133 897
133 1037
133 997
133 766
133 830
133 550
133 1396
133 549
133 831
133 1121
133 1126
133 1178
133 858
133 1314
133 1070
133 207
133 1053
133 1399
133 836
133 544
133 1152
133 1050
133 418
133 1120
133 1400
133 1173
133 421
133 772
133 763
133 1051
133 886
133 937
133 744
133 912
133 956
133 825
133 507
133 41
133 1337
133 1145
133 123
133 74
133 1006
133 464
133 801
133 1264
133 907
133 1071
133 1
133 1032
133 271
133 948
133 847
133 837
133 15
133 1277
133 412
133 1358
133 824
133 1176
133 347
133 1045
133 171
133 11
133 1357
133 1048
133 926
133 572
133 829
133 864
133 898
133 1068
133 1119
133 1060
133 894
133 890
133 1117
133 167
133 870
133 419
133 70
133 1387
133 936
133 889
133 1160
133 588
133 610
133 839
133 941
133 334
133 911
133 1054
133 455
133 781
133 1153
133 411
133 1213
133 716
133 1067
133 1116
133 17
133 37
133 670
133 289
133 225
133 840
133 869
133 838
133 563
133 859
133 61
133 1062
133 1232
133 277
133 1167
133 112
133 1049
133 270
133 216
133 420
133 1359
133 293
133 443
133 1118
133 658
133 372
133 220
133 21
133 954
133 974
133 967
133 1216
133 1267
133 1123
133 346
133 137
133 644
133 663
133 1161
133 775
133 286
133 257
133 339
133 186
133 369
133 1317
133 729
133 666
133 297
133 1258
133 1196
133 45
133 170
133 576
133 413
133 407
133 19
133 991
133 195
133 1392
133 1132
133 204
133 1290
133 1295
133 1055
133 1002
133 442
133 1074
133 514
133 1205
133 29
133 848
133 742
133 128
133 330
133 953
133 267
133 56
133 1336
133 2
133 30
133 892
133 996
133 843
133 234
133 1362
133 1278
133 1083
133 71
133 1076
133 632
133 337
133 1066
133 1099
133 494
133 303
133 675
133 203
133 765
133 722
133 1253
133 753
133 1302
133 581
133 984
133 84
133 884
133 1069
133 688
133 1225
133 612
133 327
133 1363
133 101
133 929
133 164
133 1239
133 1039
133 472
133 157
133 344
133 728
133 1046
133 727
133 578
133 1388
133 484
133 657
133 667
133 525
133 1233
133 501
133 1288
133 25
133 965
133 1075
133 77
133 690
133 42
133 197
133 1227
133 279
133 1378
133 154
133 1171
133 878
133 1398
133 680
133 55
133 251
133 1369
133 685
133 1164
133 73
133 585
133 1338
133 319
133 105
133 1156
133 1158
133 491
133 1001
133 1268
133 1397
133 90
133 639
133 552
133 425
133 689
133 75
133 273
133 503
133 33
133 1209
133 176
133 726
133 1234
133 678
133 179
133 433
133 1352
133 206
133 409
133 1263
133 1081
133 1304
133 505
133 986
133 1109
133 1008
133 518
133 39
133 295
133 1080
133 613
133 446
133 390
133 522
133 1192
133 78
133 508
133 1262
133 1181
133 653
133 758
133 8
133 845
133 489
133 1159
133 802
133 517
133 354
133 1155
133 307
133 955
133 1284
133 1186
133 198
133 1078
133 973
133 695
133 777
133 927
133 1228
133 142
133 531
133 1128
133 626
133 118
133 366
133 520
133 397
133 365
133 173
133 640
133 79
133 1237
133 99
133 1219
133 975
133 942
133 1097
133 919
133 826
133 16
133 1187
133 496
133 441
133 1281
133 946
133 1112
133 371
133 1110
133 83
133 121
133 1151
133 903
133 352
133 360
133 1251
133 899
133 35
133 345
133 865
133 1384
133 69
133 711
133 498
133 606
133 994
133 804
133 1298
133 704
133 725
133 574
133 1194
133 221
133 51
133 567
133 519
133 287
133 1204
133 1374
133 923
133 634
133 377
133 558
133 1185
133 245
133 993
133 1136
133 12
133 1154
133 43
133 1391
133 497
133 1279
133 816
133 614
133 959
133 52
133 1184
133 1231
133 1108
133 679
133 1364
133 184
133 227
133 183
133 370
133 1390
133 511
133 1088
133 462
133 103
133 58
133 694
133 435
133 540
133 1309
133 467
133 338
133 867
133 439
133 560
133 961
133 713
133 456
133 1222
133 1324
133 283
133 645
133 553
133 561
133 504
133 805
133 1224
133 1230
133 881
133 1341
133 151
133 222
133 600
133 1125
133 1246
133 782
133 1098
133 115
133 191
133 53
133 964
133 1372
133 9
133 999
133 188
133 917
133 1351
133 160
133 660
133 1220
133 1339
133 1319
133 844
133 1198
133 924
133 635
133 282
133 304
133 636
133 757
133 764
133 548
133 1212
133 1271
133 230
133 797
133 720
133 569
133 47
133 790
133 294
133 453
133 193
133 846
133 1261
133 1134
133 1082
133 131
133 595
133 1195
133 1310
133 1199
133 185
133 427
133 329
133 1144
133 187
133 168
133 401
133 423
133 1218
133 156
133 272
133 662
133 806
133 1092
133 202
133 189
133 712
133 536
133 140
133 649
133 721
133 1201
133 212
133 717
133 262
133 1040
133 126
133 399
133 398
133 91
133 124
133 125
133 80
133 404
133 487
133 72
133 488
133 396
133 395
133 93
133 408
133 119
133 486
133 485
133 406
133 1394
133 122
133 14
133 482
133 120
133 3
133 405
133 483
133 402
133 403
133 92
133 452
133 89
133 381
133 86
133 18
133 383
133 382
133 81
133 132
133 85
133 394
133 380
133 20
133 379
133 378
133 492
133 67
133 490
133 384
133 87
133 385
133 130
133 68
133 386
133 387
133 388
133 129
133 389
133 127
133 391
133 392
133 393
133 117
133 88
133 410
133 414
133 13
133 436
133 7
133 133
133 460
133 108
133 109
133 110
133 440
133 461
133 463
133 438
133 100
133 465
133 466
133 111
133 437
133 459
133 6
133 444
133 448
133 4
133 451
133 450
133 454
133 449
133 104
133 457
133 102
133 447
133 106
133 5
133 445
133 107
133 458
133 468
133 469
133 94
133 434
133 477
133 478
133 10
133 97
133 479
133 480
133 417
133 116
133 1395
133 96
133 481
133 416
133 415
133 95
133 76
133 114
133 1389
133 422
133 473
133 470
133 432
133 471
133 98
133 431
133 430
133 429
133 476
133 428
133 474
133 426
133 475
133 113
133 424
133 376
133 350
133 375
133 182
133 268
133 266
133 265
133 36
133 57
133 264
133 263
133 38
133 261
133 260
133 259
133 258
133 40
133 190
133 255
133 254
133 253
133 252
133 44
133 269
133 181
133 250
133 180
133 290
133 169
133 60
133 59
133 288
133 172
133 285
133 284
133 281
133 280
133 174
133 175
133 278
133 276
133 275
133 274
133 177
133 34
133 178
133 192
133 46
133 374
133 228
133 49
133 224
133 223
133 54
133 199
133 219
133 218
133 217
133 50
133 200
133 215
133 214
133 213
133 201
133 211
133 210
133 209
133 208
133 1393
133 226
133 229
133 249
133 231
133 248
133 247
133 246
133 244
133 243
133 242
133 241
133 240
133 239
133 194
133 238
133 237
133 493
133 236
133 235
133 48
133 233
133 232
133 196
133 291
133 292
133 296
133 355
133 353
133 144
133 351
133 145
133 205
133 349
133 23
133 348
133 24
133 146
133 63
133 147
133 148
133 149
133 150
133 343
133 342
133 341
133 340
133 143
133 356
133 62
133 64
133 66
133 134
133 373
133 135
133 136
133 65
133 22
133 368
133 138
133 139
133 367
133 364
133 363
133 362
133 361
133 141
133 359
133 358
133 357
133 26
133 27
133 336
133 335
133 314
133 313
133 312
133 311
133 310
133 309
133 162
133 308
133 163
133 165
133 306
133 305
133 32
133 166
133 302
133 301
133 300
133 299
133 298
133 315
133 316
133 161
133 326
133 28
133 333
133 152
133 332
133 331
133 153
133 328
133 155
133 325
133 317
133 324
133 323
133 322
133 321
133 158
133 320
133 159
133 318
133 82
133 1383
133 495
133 1327
133 1329
133 1330
133 1331
133 1011
133 1010
133 1009
133 1007
133 1332
133 1005
133 1004
133 1003
133 1000
133 998
133 1333
133 995
133 992
133 990
133 989
133 988
133 987
133 985
133 983
133 982
133 981
133 980
133 979
133 978
133 1328
133 1326
133 976
133 1325
133 1061
133 1059
133 1058
133 1057
133 1056
133 1305
133 1306
133 1307
133 1047
133 1044
133 1043
133 1042
133 1041
133 1038
133 1308
133 1036
133 1033
133 1311
133 1312
133 1313
133 1315
133 1316
133 1318
133 1320
133 1321
133 1322
133 1323
133 977
133 972
133 499
133 918
133 1344
133 914
133 913
133 1345
133 910
133 909
133 908
133 1346
133 906
133 905
133 904
133 902
133 901
133 900
133 1347
133 896
133 895
133 893
133 1348
133 1349
133 1350
133 883
133 882
133 880
133 879
133 877
133 876
133 916
133 920
133 971
133 921
133 970
133 969
133 968
133 966
133 963
133 962
133 960
133 958
133 1334
133 1335
133 949
133 947
133 945
133 944
133 943
133 940
133 939
133 938
133 1340
133 934
133 933
133 1342
133 931
133 930
133 1343
133 925
133 922
133 1063
133 1064
133 1065
133 1238
133 1235
133 1229
133 1226
133 1223
133 1221
133 1217
133 1215
133 1287
133 1211
133 1210
133 1208
133 1207
133 1206
133 1203
133 1202
133 1200
133 1197
133 1193
133 1191
133 1190
133 1189
133 1188
133 1183
133 1182
133 1180
133 1179
133 1289
133 1236
133 1240
133 1303
133 1241
133 1282
133 1280
133 1276
133 1275
133 1274
133 1273
133 1272
133 1270
133 1285
133 1266
133 1265
133 1286
133 1260
133 1259
133 1257
133 1256
133 1255
133 1254
133 1252
133 1250
133 1249
133 1248
133 1247
133 1245
133 1244
133 1243
133 1242
133 1175
133 1291
133 1292
133 1170
133 1115
133 1114
133 1113
133 1111
133 1107
133 1106
133 1105
133 1104
133 1103
133 1102
133 1101
133 1100
133 1096
133 1095
133 1094
133 1093
133 1091
133 1090
133 1089
133 1087
133 1086
133 1085
133 1084
133 1079
133 1077
133 1073
133 1072
133 1301
133 1300
133 1299
133 1294
133 1169
133 1168
133 1166
133 1165
133 1163
133 1162
133 1157
133 1293
133 1150
133 1149
133 1148
133 1147
133 1143
133 1124
133 1142
133 1141
133 1140
133 1139
133 1138
133 1137
133 1135
133 1133
133 1296
133 1130
133 1129
133 1297
133 875
133 874
133 873
133 631
133 629
133 628
133 627
133 625
133 624
133 623
133 622
133 621
133 620
133 619
133 618
133 617
133 616
133 615
133 611
133 609
133 608
133 607
133 605
133 604
133 603
133 602
133 601
133 599
133 598
133 597
133 596
133 630
133 633
133 684
133 637
133 682
133 681
133 677
133 676
133 674
133 673
133 672
133 671
133 669
133 668
133 665
133 664
133 661
133 659
133 656
133 655
133 654
133 652
133 651
133 650
133 648
133 647
133 646
133 643
133 1283
133 641
133 638
133 594
133 593
133 592
133 591
133 543
133 542
133 541
133 539
133 538
133 537
133 535
133 534
133 533
133 532
133 530
133 529
133 528
133 527
133 526
133 524
133 523
133 521
133 516
133 515
133 513
133 512
133 510
133 509
133 506
133 502
133 500
133 1386
133 545
133 546
133 571
133 590
133 589
133 587
133 586
133 584
133 583
133 582
133 580
133 579
133 577
133 575
133 573
133 570
133 547
133 568
133 566
133 565
133 564
133 562
133 559
133 557
133 556
133 555
133 554
133 551
133 1385
133 683
133 686
133 872
133 817
133 814
133 813
133 812
133 811
133 810
133 809
133 808
133 807
133 803
133 800
133 799
133 798
133 796
133 795
133 794
133 793
133 792
133 791
133 789
133 788
133 787
133 786
133 785
133 784
133 783
133 780
133 779
133 815
133 818
133 687
133 819
133 1353
133 868
133 1354
133 1355
133 1356
133 861
133 860
133 855
133 854
133 853
133 852
133 851
133 850
133 849
133 842
133 841
133 1360
133 835
133 834
133 1361
133 832
133 828
133 1365
133 1366
133 1367
133 821
133 1368
133 778
133 776
133 774
133 773
133 733
133 732
133 731
133 730
133 724
133 723
133 719
133 718
133 715
133 714
133 710
133 709
133 708
133 707
133 706
133 705
133 703
133 702
133 701
133 1382
133 699
133 698
133 697
133 696
133 693
133 692
133 691
133 734
133 735
133 736
133 754
133 1370
133 771
133 770
133 1371
133 768
133 1373
133 762
133 1375
133 1376
133 759
133 756
133 755
133 752
133 737
133 751
133 750
133 749
133 748
133 747
133 746
133 745
133 1377
133 1379
133 1380
133 1381
133 738
133 700
