134 951
134 1028
134 1012
134 1014
134 1015
134 866
134 1023
134 1026
134 1013
134 1021
134 1020
134 1017
134 195
134 862
134 935
134 1031
134 932
134 1146
134 1029
134 888
134 883
134 1024
134 871
134 1068
134 950
134 739
134 1214
134 1035
134 743
134 517
134 766
134 1178
134 1018
134 887
134 1119
134 31
134 833
134 1027
134 313
134 1022
134 1030
134 827
134 1052
134 1121
134 726
134 721
134 640
134 729
134 1120
134 909
134 964
134 740
134 1025
134 497
134 1067
134 760
134 825
134 823
134 1186
134 952
134 419
134 1174
134 572
134 1122
134 1019
134 593
134 820
134 1131
134 837
134 725
134 99
134 400
134 1264
134 896
134 722
134 826
134 360
134 1187
134 830
134 761
134 30
134 20
134 897
134 819
134 1130
134 232
134 1016
134 1356
134 68
134 226
134 856
134 957
134 395
134 29
134 220
134 1053
134 886
134 1051
134 1309
134 1050
134 1263
134 35
134 723
134 840
134 1048
134 835
134 680
134 834
134 1056
134 838
134 1034
134 1070
134 216
134 769
134 47
134 891
134 767
134 936
134 1172
134 51
134 1046
134 460
134 205
134 884
134 642
134 551
134 456
134 931
134 173
134 831
134 1126
134 898
134 10
134 508
134 663
134 689
134 720
134 685
134 169
134 1177
134 96
134 1359
134 911
134 928
134 1237
134 1117
134 1266
134 124
134 885
134 956
134 736
134 763
134 467
134 334
134 870
134 444
134 1071
134 24
134 589
134 355
134 210
134 1291
134 741
134 656
134 818
134 482
134 1176
134 654
134 179
134 15
134 1165
134 907
134 1173
134 822
134 786
134 566
134 12
134 1061
134 92
134 1319
134 915
134 670
134 1395
134 421
134 95
134 273
134 1
134 1354
134 1355
134 556
134 724
134 1039
134 1037
134 1127
134 869
134 170
134 1364
134 918
134 859
134 557
134 744
134 1170
134 151
134 960
134 343
134 1381
134 857
134 858
134 540
134 294
134 1132
134 484
134 863
134 937
134 781
134 1055
134 873
134 829
134 1104
134 824
134 1316
134 160
134 454
134 1060
134 411
134 1147
134 252
134 860
134 102
134 575
134 881
134 727
134 280
134 1076
134 1258
134 1269
134 1382
134 1320
134 455
134 1188
134 979
134 1202
134 188
134 894
134 369
134 908
134 315
134 75
134 127
134 113
134 493
134 201
134 1137
134 1372
134 864
134 1399
134 1190
134 1195
134 27
134 634
134 580
134 926
134 550
134 544
134 132
134 49
134 614
134 434
134 676
134 70
134 321
134 929
134 13
134 753
134 1235
134 514
134 1328
134 385
134 728
134 1228
134 686
134 187
134 948
134 658
134 1108
134 168
134 861
134 1346
134 1400
134 204
134 630
134 967
134 620
134 1362
134 167
134 441
134 567
134 1075
134 802
134 913
134 644
134 470
134 443
134 946
134 1361
134 1323
134 1145
134 462
134 465
134 609
134 1284
134 415
134 889
134 1286
134 1363
134 1375
134 214
134 921
134 143
134 641
134 250
134 107
134 847
134 184
134 45
134 129
134 185
134 58
134 1161
134 782
134 71
134 1041
134 1063
134 368
134 502
134 300
134 349
134 600
134 413
134 469
134 1360
134 212
134 233
134 1066
134 1259
134 504
134 1191
134 1396
134 1074
134 710
134 121
134 805
134 592
134 1244
134 445
134 137
134 1225
134 1032
134 344
134 496
134 284
134 849
134 903
134 623
134 246
134 612
134 404
134 844
134 446
134 1299
134 597
134 554
134 809
134 119
134 412
134 503
134 1358
134 100
134 801
134 687
134 875
134 475
134 814
134 329
134 985
134 390
134 86
134 218
134 367
134 63
134 1199
134 752
134 843
134 1357
134 601
134 1290
134 211
134 917
134 1281
134 1366
134 828
134 65
134 215
134 643
134 779
134 477
134 516
134 157
134 668
134 42
134 257
134 11
134 401
134 198
134 48
134 330
134 1392
134 650
134 961
134 1243
134 40
134 1207
134 247
134 983
134 1112
134 955
134 1317
134 202
134 505
134 164
134 1196
134 1336
134 464
134 890
134 223
134 2
134 397
134 234
134 33
134 506
134 248
134 1272
134 1387
134 745
134 1054
134 796
134 747
134 1313
134 765
134 1300
134 762
134 163
134 839
134 1246
134 621
134 757
134 758
134 466
134 297
134 78
134 225
134 241
134 1150
134 276
134 468
134 479
134 342
134 1379
134 153
134 756
134 999
134 1045
134 285
134 417
134 706
134 84
134 874
134 416
134 845
134 487
134 227
134 82
134 433
134 930
134 810
134 1116
134 459
134 712
134 149
134 36
134 581
134 690
134 174
134 804
134 912
134 1118
134 568
134 219
134 194
134 790
134 515
134 673
134 848
134 677
134 325
134 974
134 775
134 242
134 594
134 1088
134 1325
134 846
134 541
134 1384
134 590
134 46
134 191
134 1310
134 990
134 115
134 305
134 1057
134 1307
134 81
134 661
134 675
134 1175
134 1062
134 1158
134 332
134 919
134 735
134 407
134 14
134 627
134 1180
134 122
134 1040
134 518
134 1219
134 565
134 901
134 396
134 688
134 977
134 942
134 52
134 66
134 1335
134 635
134 943
134 1123
134 176
134 672
134 1398
134 373
134 25
134 1327
134 314
134 56
134 146
134 1081
134 1390
134 694
134 1333
134 134
134 387
134 778
134 914
134 1097
134 784
134 1163
134 649
134 987
134 317
134 1229
134 391
134 9
134 878
134 1274
134 1380
134 363
134 1090
134 803
134 1230
134 110
134 1331
134 1343
134 472
134 1339
134 920
134 1233
134 199
134 563
134 1255
134 704
134 798
134 703
134 1179
134 1330
134 264
134 836
134 1155
134 619
134 451
134 1352
134 206
134 1397
134 693
134 742
134 1215
134 1289
134 880
134 316
134 1005
134 1079
134 521
134 1157
134 295
134 732
134 1154
134 327
134 1217
134 851
134 125
134 424
134 854
134 347
134 1322
134 171
134 692
134 632
134 114
134 552
134 681
134 628
134 361
134 1080
134 131
134 183
134 584
134 542
134 792
134 384
134 403
134 213
134 1210
134 968
134 189
134 927
134 772
134 569
134 207
134 380
134 771
134 748
134 613
134 351
134 235
134 1106
134 23
134 498
134 289
134 799
134 271
134 997
134 80
134 1248
134 665
134 1009
134 746
134 808
134 62
134 959
134 1294
134 1223
134 1082
134 1365
134 473
134 1285
134 140
134 717
134 788
134 190
134 1394
134 1321
134 1270
134 806
134 522
134 1302
134 358
134 608
134 1231
134 993
134 1144
134 916
134 370
134 683
134 89
134 38
134 1091
134 867
134 655
134 423
134 625
134 278
134 259
134 573
134 536
134 26
134 1393
134 1303
134 611
134 500
134 1204
134 755
134 1213
134 1311
134 147
134 519
134 222
134 1247
134 616
134 1342
134 1153
134 1216
134 101
134 1089
134 309
134 1234
134 678
134 438
134 418
134 1185
134 409
134 197
134 383
134 431
134 442
134 1008
134 1197
134 816
134 1140
134 671
134 1209
134 548
134 237
134 224
134 667
134 486
134 1236
134 532
134 109
134 1141
134 291
134 338
134 1391
134 286
134 872
134 260
134 1292
134 357
134 975
134 272
134 354
134 341
134 307
134 381
134 773
134 666
134 1078
134 953
134 645
134 934
134 1341
134 483
134 83
134 426
134 1124
134 1308
134 1329
134 1344
134 1183
134 562
134 527
134 154
134 892
134 1000
134 251
134 963
134 1271
134 561
134 1252
134 1338
134 895
134 699
134 161
134 1049
134 54
134 610
134 1110
134 1114
134 1350
134 855
134 776
134 1164
134 564
134 50
134 902
134 636
134 599
134 1280
134 59
134 1371
134 231
134 1374
134 718
134 1077
134 296
134 660
134 98
134 751
134 558
134 813
134 489
134 229
134 494
134 1094
134 203
134 821
134 714
134 674
134 807
134 1388
134 1367
134 1226
134 150
134 679
134 922
134 617
134 1069
134 165
134 530
134 1138
134 547
134 647
134 538
134 691
134 713
134 1222
134 624
134 631
134 319
134 41
134 249
134 1139
134 850
134 791
134 947
134 501
134 841
134 293
134 882
134 965
134 877
134 1006
134 1182
134 994
134 448
134 1151
134 1314
134 549
134 200
134 1257
134 1304
134 331
134 904
134 1036
134 1349
134 1298
134 93
134 406
134 108
134 1044
134 28
134 1133
134 749
134 868
134 1099
134 923
134 303
134 37
134 76
134 962
134 698
134 1113
134 304
134 130
134 379
134 633
134 192
134 705
134 954
134 986
134 1348
134 605
134 588
134 1128
134 262
134 450
134 941
134 1064
134 1249
134 103
134 495
134 435
134 79
134 646
134 1192
134 1353
134 449
134 135
134 1262
134 852
134 1224
134 1265
134 1159
134 283
134 428
134 535
134 545
134 22
134 648
134 525
134 716
134 1288
134 615
134 422
134 586
134 359
134 719
134 543
134 988
134 1189
134 253
134 899
134 55
134 388
134 583
134 1383
134 299
134 905
134 139
134 1250
134 1232
134 1101
134 639
134 571
134 274
134 16
134 209
134 546
134 576
134 458
134 924
134 345
134 282
134 474
134 97
134 797
134 1109
134 764
134 39
134 1129
134 606
134 682
134 268
134 463
134 1201
134 230
134 602
134 287
134 263
134 1003
134 1100
134 1134
134 8
134 453
134 245
134 208
134 1206
134 1273
134 984
134 1200
134 738
134 626
134 432
134 1315
134 290
134 112
134 365
134 116
134 236
134 697
134 1282
134 520
134 1324
134 73
134 133
134 1047
134 1297
134 933
134 1218
134 91
134 267
134 371
134 976
134 239
134 1125
134 144
134 1370
134 733
134 1240
134 651
134 53
134 811
134 980
134 152
134 1194
134 166
134 488
134 1220
134 1169
134 966
134 1184
134 1198
134 1059
134 794
134 123
134 240
134 1168
134 1203
134 622
134 730
134 1072
134 1242
134 476
134 162
134 595
134 996
134 44
134 603
134 328
134 85
134 7
134 277
134 989
134 427
134 992
134 156
134 1296
134 1166
134 662
134 1092
134 529
134 1373
134 193
134 364
134 1239
134 94
134 181
134 5
134 128
134 186
134 4
134 90
134 255
134 258
134 138
134 254
134 6
134 72
134 1345
134 180
134 126
134 77
134 175
134 182
134 87
134 3
134 74
134 1369
134 136
134 256
134 88
134 19
134 17
134 61
134 148
134 34
134 60
134 221
134 1368
134 57
134 104
134 159
134 217
134 105
134 111
134 177
134 43
134 155
134 1386
134 1385
134 1351
134 106
134 158
134 32
134 1389
134 244
134 117
134 172
134 243
134 1378
134 69
134 18
134 67
134 238
134 1377
134 64
134 141
134 142
134 1376
134 21
134 1347
134 120
134 228
134 145
134 196
134 118
134 178
134 1111
134 261
134 1205
134 770
134 774
134 777
134 780
134 783
134 785
134 1251
134 787
134 789
134 793
134 795
134 800
134 812
134 815
134 817
134 1245
134 1241
134 832
134 1238
134 842
134 853
134 1227
134 1221
134 865
134 876
134 879
134 1212
134 1211
134 1208
134 1253
134 768
134 1254
134 1279
134 669
134 1287
134 684
134 1283
134 695
134 696
134 701
134 702
134 707
134 708
134 709
134 711
134 715
134 1278
134 1256
134 1277
134 1276
134 1275
134 731
134 734
134 737
134 1268
134 1267
134 1261
134 750
134 1260
134 754
134 759
134 893
134 900
134 265
134 906
134 1156
134 1152
134 1149
134 1148
134 1033
134 1143
134 1142
134 1038
134 1042
134 1043
134 1136
134 1135
134 1058
134 1065
134 1115
134 1073
134 1083
134 1084
134 1085
134 1086
134 1087
134 1093
134 1095
134 1096
134 1098
134 1102
134 1103
134 1105
134 1107
134 1160
134 1162
134 1011
134 970
134 910
134 925
134 1193
134 938
134 939
134 940
134 944
134 945
134 949
134 1181
134 1171
134 958
134 969
134 971
134 1010
134 972
134 973
134 978
134 1167
134 981
134 982
134 991
134 995
134 998
134 1001
134 1002
134 1004
134 1007
134 664
134 659
134 657
134 653
134 350
134 352
134 353
134 356
134 362
134 366
134 1334
134 372
134 374
134 375
134 376
134 377
134 378
134 382
134 386
134 389
134 392
134 393
134 394
134 1332
134 398
134 399
134 402
134 405
134 408
134 410
134 414
134 420
134 425
134 348
134 346
134 1337
134 310
134 266
134 269
134 270
134 275
134 279
134 281
134 288
134 292
134 298
134 301
134 302
134 306
134 308
134 311
134 340
134 312
134 1340
134 318
134 320
134 322
134 323
134 324
134 326
134 333
134 335
134 336
134 337
134 339
134 429
134 430
134 1326
134 582
134 539
134 1306
134 1305
134 553
134 555
134 559
134 560
134 570
134 1301
134 574
134 577
134 578
134 579
134 585
134 534
134 587
134 591
134 596
134 598
134 604
134 607
134 618
134 629
134 1295
134 637
134 638
134 1293
134 652
134 537
134 533
134 436
134 490
134 437
134 439
134 440
134 447
134 452
134 457
134 461
134 1318
134 471
134 478
134 480
134 481
134 485
134 491
134 531
134 492
134 499
134 507
134 1312
134 509
134 510
134 511
134 512
134 513
134 523
134 524
134 526
134 528
134 700
