135 1026
135 1023
135 1017
135 1020
135 1029
135 951
135 1014
135 1013
135 1021
135 1015
135 1012
135 1018
135 1019
135 950
135 1024
135 1025
135 1030
135 1016
135 1028
135 1022
135 1031
135 1027
135 871
135 1146
135 1120
135 932
135 1037
135 935
135 823
135 1034
135 825
135 1035
135 821
135 866
135 739
135 760
135 1214
135 1052
135 952
135 887
135 820
135 928
135 400
135 1177
135 863
135 891
135 888
135 897
135 822
135 1067
135 1032
135 957
135 862
135 833
135 857
135 740
135 769
135 767
135 1131
135 1122
135 766
135 642
135 1121
135 827
135 856
135 761
135 885
135 1172
135 763
135 31
135 1178
135 848
135 741
135 1176
135 1173
135 47
135 1145
135 1070
135 915
135 1174
135 1050
135 1127
135 743
135 1396
135 831
135 937
135 1126
135 858
135 956
135 1359
135 830
135 1053
135 1071
135 670
135 864
135 898
135 1068
135 1399
135 838
135 15
135 550
135 772
135 948
135 1400
135 1051
135 886
135 1046
135 413
135 837
135 1119
135 1076
135 744
135 632
135 829
135 137
135 1161
135 889
135 286
135 1117
135 666
135 1314
135 419
135 870
135 1397
135 894
135 1062
135 503
135 234
135 1080
135 271
135 658
135 544
135 330
135 954
135 412
135 1358
135 824
135 195
135 1045
135 843
135 1357
135 1048
135 926
135 273
135 1234
135 678
135 847
135 494
135 203
135 567
135 409
135 869
135 634
135 1008
135 1060
135 84
135 685
135 1132
135 496
135 959
135 1069
135 890
135 1055
135 802
135 354
135 307
135 1387
135 41
135 728
135 936
135 455
135 1078
135 1153
135 836
135 1097
135 839
135 501
135 1185
135 1
135 965
135 1352
135 206
135 1075
135 442
135 1006
135 816
135 1066
135 549
135 222
135 411
135 704
135 1264
135 1392
135 1116
135 78
135 644
135 29
135 1158
135 610
135 1110
135 1302
135 121
135 522
135 984
135 35
135 443
135 859
135 176
135 123
135 645
135 1269
135 179
135 1363
135 1049
135 929
135 1081
135 912
135 505
135 1374
135 225
135 986
135 518
135 558
135 1118
135 497
135 99
135 372
135 1192
135 1262
135 256
135 688
135 369
135 1225
135 999
135 826
135 1159
135 1337
135 517
135 955
135 197
135 679
135 1186
135 1123
135 801
135 346
135 663
135 1398
135 58
135 467
135 1228
135 1339
135 1319
135 713
135 339
135 484
135 186
135 1317
135 1222
135 334
135 173
135 572
135 552
135 1237
135 167
135 1196
135 1090
135 16
135 19
135 1263
135 115
135 191
135 1112
135 997
135 360
135 927
135 264
135 345
135 1384
135 619
135 1074
135 606
135 742
135 725
135 1209
135 845
135 880
135 287
135 635
135 30
135 245
135 304
135 1290
135 421
135 753
135 52
135 1362
135 1083
135 1231
135 227
135 370
135 112
135 1390
135 462
135 418
135 694
135 846
135 540
135 806
135 765
135 867
135 68
135 1324
135 171
135 441
135 687
135 946
135 212
135 974
135 1230
135 514
135 881
135 464
135 1216
135 187
135 1039
135 168
135 207
135 600
135 1125
135 358
135 53
135 964
135 588
135 1372
135 188
135 38
135 470
135 74
135 655
135 1227
135 1220
135 1378
135 154
135 1171
135 611
135 500
135 878
135 755
135 170
135 189
135 1160
135 844
135 251
135 782
135 1198
135 1369
135 903
135 1338
135 1156
135 712
135 828
135 329
135 465
135 689
135 383
135 569
135 907
135 477
135 781
135 42
135 671
135 790
135 140
135 1213
135 1150
135 289
135 614
135 466
135 1082
135 295
135 260
135 1292
135 300
135 563
135 576
135 347
135 595
135 996
135 1195
135 11
135 1346
135 1310
135 717
135 1199
135 277
135 427
135 483
135 568
135 1207
135 426
135 216
135 1155
135 433
135 675
135 1344
135 1183
135 819
135 973
135 423
135 818
135 156
135 454
135 124
135 142
135 127
135 10
135 1041
135 963
135 520
135 397
135 385
135 895
135 699
135 662
135 161
135 101
135 1092
135 202
135 54
135 1277
135 1114
135 1274
135 1350
135 49
135 855
135 776
135 493
135 276
135 1187
135 1164
135 901
135 536
135 50
135 967
135 226
135 883
135 1179
135 506
135 1151
135 25
135 325
135 630
135 911
135 1077
135 69
135 498
135 1040
135 98
135 751
135 1266
135 813
135 1298
135 489
135 1289
135 434
135 1094
135 519
135 556
135 1204
135 923
135 482
135 17
135 377
135 1259
135 297
135 241
135 250
135 37
135 1367
135 12
135 43
135 150
135 554
135 609
135 165
135 1138
135 1248
135 647
135 676
135 538
135 691
135 1364
135 184
135 631
135 183
135 1170
135 511
135 814
135 593
135 103
135 435
135 1235
135 20
135 420
135 921
135 909
135 338
135 1281
135 1366
135 439
135 1104
135 961
135 850
135 1299
135 283
135 791
135 1157
135 1137
135 841
135 553
135 882
135 220
135 475
135 877
135 504
135 1182
135 796
135 994
135 804
135 931
135 448
135 1341
135 331
135 904
135 661
135 1349
135 1098
135 724
135 93
135 406
135 654
135 1133
135 342
135 868
135 565
135 257
135 1099
135 460
135 303
135 601
135 729
135 76
135 1291
135 1113
135 1395
135 668
135 70
135 1108
135 130
135 469
135 633
135 344
135 146
135 705
135 924
135 1348
135 779
135 896
135 282
135 1333
135 788
135 321
135 636
135 450
135 764
135 941
135 1064
135 445
135 1249
135 1212
135 495
135 516
135 646
135 1353
135 1054
135 248
135 449
135 284
135 230
135 1224
135 720
135 252
135 1205
135 803
135 535
135 1243
135 545
135 1331
135 22
135 648
135 294
135 453
135 525
135 24
135 1233
135 716
135 1288
135 95
135 1246
135 615
135 27
135 422
135 1261
135 586
135 315
135 359
135 840
135 468
135 918
135 543
135 988
135 9
135 1189
135 417
135 680
135 272
135 131
135 706
135 55
135 583
135 860
135 677
135 233
135 1215
135 299
135 1342
135 905
135 917
135 487
135 1005
135 1300
135 160
135 139
135 930
135 1250
135 1232
135 851
135 373
135 1101
135 1167
135 36
135 809
135 639
135 274
135 75
135 416
135 209
135 415
135 1286
135 546
135 479
135 1379
135 726
135 1375
135 1323
135 1218
135 548
135 13
135 1354
135 1313
135 63
135 403
135 589
135 474
135 960
135 797
135 1109
135 39
135 1129
135 214
135 557
135 613
135 110
135 235
135 268
135 1106
135 305
135 390
135 463
135 86
135 1130
135 602
135 169
135 263
135 1003
135 368
135 1100
135 747
135 1134
135 8
135 808
135 404
135 627
135 723
135 208
135 1206
135 943
135 1394
135 1258
135 1270
135 1144
135 1273
135 1200
135 247
135 738
135 649
135 626
135 1315
135 401
135 290
135 580
135 916
135 365
135 116
135 236
135 697
135 643
135 199
135 784
135 259
135 204
135 1282
135 82
135 573
135 977
135 133
135 1047
135 1335
135 1297
135 1268
135 1303
135 40
135 91
135 147
135 1247
135 267
135 371
135 976
135 239
135 1255
135 1320
135 144
135 1370
135 733
135 1240
135 651
135 693
135 980
135 152
135 1194
135 166
135 488
135 201
135 262
135 122
135 109
135 1154
135 1391
135 1165
135 692
135 349
135 125
135 66
135 623
135 1169
135 966
135 1184
135 357
135 656
135 628
135 395
135 1059
135 542
135 686
135 794
135 240
135 232
135 908
135 1307
135 1382
135 987
135 1168
135 317
135 1322
135 456
135 1203
135 622
135 1229
135 730
135 363
135 799
135 1056
135 1381
135 727
135 1242
135 476
135 162
135 174
135 459
135 149
135 44
135 603
135 219
135 328
135 85
135 7
135 989
135 62
135 992
135 218
135 660
135 1061
135 1296
135 1166
135 1356
135 757
135 1175
135 529
135 1226
135 625
135 1373
135 193
135 364
135 132
135 620
135 164
135 1239
135 1202
135 94
135 14
135 89
135 83
135 673
135 792
135 721
135 1244
135 355
135 332
135 322
135 320
135 361
135 319
135 318
135 351
135 327
135 6
135 362
135 326
135 348
135 356
135 367
135 340
135 378
135 333
135 5
135 336
135 335
135 352
135 375
135 337
135 2
135 376
135 353
135 3
135 323
135 350
135 341
135 366
135 343
135 4
135 324
135 374
135 23
135 316
135 128
135 141
135 138
135 136
135 135
135 134
135 129
135 126
135 182
135 45
135 120
135 119
135 118
135 117
135 46
135 143
135 145
135 148
135 151
135 153
135 155
135 157
135 158
135 159
135 163
135 172
135 34
135 175
135 177
135 178
135 33
135 180
135 1393
135 114
135 113
135 81
135 64
135 61
135 65
135 67
135 60
135 59
135 71
135 72
135 57
135 73
135 77
135 56
135 79
135 80
135 87
135 48
135 88
135 90
135 92
135 96
135 97
135 100
135 102
135 104
135 105
135 106
135 107
135 108
135 51
135 111
135 181
135 380
135 314
135 1386
135 281
135 280
135 279
135 278
135 275
135 1385
135 270
135 185
135 269
135 266
135 265
135 261
135 258
135 255
135 285
135 288
135 291
135 292
135 293
135 296
135 298
135 301
135 302
135 306
135 1383
135 308
135 309
135 310
135 311
135 312
135 313
135 254
135 253
135 249
135 26
135 32
135 190
135 192
135 194
135 196
135 198
135 200
135 1389
135 205
135 28
135 210
135 211
135 213
135 215
135 217
135 18
135 221
135 223
135 224
135 228
135 229
135 231
135 1388
135 237
135 238
135 21
135 242
135 243
135 244
135 246
135 379
135 1221
135 381
135 914
135 939
135 938
135 934
135 933
135 1301
135 925
135 922
135 920
135 919
135 913
135 942
135 910
135 906
135 902
135 900
135 899
135 1304
135 1305
135 893
135 892
135 940
135 944
135 991
135 970
135 985
135 983
135 982
135 981
135 979
135 978
135 975
135 972
135 971
135 969
135 945
135 968
135 962
135 958
135 953
135 1293
135 1294
135 949
135 1295
135 947
135 1306
135 1308
135 1309
135 815
135 1330
135 835
135 834
135 832
135 1332
135 1334
135 1336
135 1340
135 817
135 812
135 1311
135 811
135 810
135 807
135 805
135 800
135 798
135 795
135 793
135 789
135 1329
135 1328
135 1327
135 842
135 1312
135 884
135 879
135 876
135 875
135 874
135 873
135 872
135 1316
135 865
135 1318
135 861
135 1321
135 854
135 853
135 852
135 849
135 1325
135 1326
135 990
135 993
135 786
135 1111
135 1139
135 1136
135 1135
135 1236
135 1128
135 1238
135 1124
135 1241
135 1115
135 1107
135 1141
135 1105
135 1103
135 1102
135 1096
135 1095
135 1093
135 1091
135 1089
135 1088
135 1140
135 1142
135 995
135 1190
135 1219
135 1217
135 1211
135 1210
135 1208
135 1201
135 1197
135 1193
135 1191
135 1188
135 1143
135 1223
135 1181
135 1180
135 1163
135 1162
135 1152
135 1149
135 1148
135 1147
135 1087
135 1086
135 1085
135 1285
135 1271
135 1272
135 1275
135 1276
135 1278
135 1279
135 1280
135 1283
135 1284
135 1011
135 1084
135 1010
135 1009
135 1287
135 1007
135 1004
135 1002
135 1001
135 1000
135 998
135 1267
135 1033
135 1265
135 1036
135 1245
135 1079
135 1073
135 1072
135 1251
135 1252
135 1065
135 1063
135 1253
135 1254
135 1058
135 1057
135 1256
135 1257
135 1260
135 1044
135 1043
135 1042
135 1038
135 787
135 785
135 382
135 510
135 528
135 527
135 526
135 524
135 523
135 521
135 515
135 513
135 512
135 509
135 531
135 508
135 507
135 1371
135 502
135 499
135 492
135 491
135 490
135 486
135 530
135 532
135 581
135 562
135 578
135 577
135 575
135 574
135 571
135 570
135 1368
135 566
135 564
135 561
135 533
135 560
135 559
135 555
135 551
135 547
135 541
135 539
135 537
135 534
135 485
135 481
135 480
135 398
135 414
135 1377
135 410
135 408
135 407
135 405
135 402
135 1380
135 399
135 396
135 478
135 394
135 393
135 392
135 391
135 389
135 388
135 387
135 386
135 384
135 1376
135 424
135 425
135 428
135 473
135 472
135 471
135 461
135 458
135 457
135 452
135 451
135 447
135 446
135 444
135 440
135 438
135 437
135 436
135 432
135 431
135 430
135 429
135 579
135 582
135 783
135 718
135 737
135 736
135 735
135 734
135 732
135 731
135 1355
135 722
135 719
135 715
135 745
135 714
135 711
135 710
135 709
135 708
135 707
135 703
135 702
135 701
135 1351
135 746
135 584
135 768
135 780
135 778
135 777
135 775
135 774
135 773
135 1343
135 771
135 770
135 1345
135 748
135 1347
135 762
135 759
135 758
135 756
135 754
135 752
135 750
135 749
135 698
135 696
135 695
135 604
135 624
135 621
135 618
135 617
135 616
135 612
135 608
135 607
135 605
135 599
135 690
135 598
135 597
135 596
135 594
135 592
135 591
135 590
135 587
135 585
135 629
135 637
135 638
135 640
135 1360
135 684
135 683
135 682
135 681
135 1361
135 674
135 672
135 669
135 667
135 665
135 664
135 659
135 657
135 653
135 652
135 650
135 1365
135 641
135 700
