136 1021
136 951
136 1026
136 1033
136 1023
136 1014
136 1020
136 1013
136 891
136 139
136 1031
136 239
136 1125
136 1017
136 1015
136 140
136 829
136 1029
136 10
136 831
136 761
136 871
136 957
136 1028
136 1012
136 1131
136 175
136 915
136 1145
136 1227
136 550
136 952
136 1024
136 1027
136 521
136 1034
136 1022
136 1030
136 1139
136 1133
136 1173
136 1132
136 1070
136 1052
136 409
136 1018
136 763
136 950
136 905
136 1146
136 1315
136 1025
136 1119
136 1080
136 897
136 956
136 830
136 1053
136 1082
136 183
136 938
136 893
136 1156
136 1263
136 400
136 1067
136 774
136 318
136 888
136 223
136 206
136 964
136 1117
136 1016
136 932
136 838
136 1312
136 74
136 857
136 823
136 1035
136 1264
136 862
136 833
136 904
136 1071
136 1019
136 769
136 1314
136 549
136 935
136 887
136 866
136 1130
136 948
136 1068
136 1161
136 869
136 642
136 1121
136 106
136 1214
136 1177
136 906
136 1126
136 760
136 272
136 1157
136 283
136 569
136 859
136 885
136 937
136 31
136 248
136 310
136 1178
136 766
136 340
136 741
136 743
136 1176
136 1172
136 934
136 907
136 740
136 839
136 51
136 1174
136 827
136 15
136 1050
136 394
136 534
136 1274
136 1257
136 1037
136 739
136 1319
136 1286
136 1364
136 173
136 692
136 94
136 1122
136 627
136 894
136 863
136 1138
136 767
136 1222
136 1051
136 1116
136 926
136 1199
136 856
136 1313
136 595
136 783
136 1317
136 526
136 822
136 1359
136 687
136 820
136 485
136 1200
136 304
136 514
136 238
136 148
136 864
136 898
136 403
136 693
136 1399
136 176
136 573
136 1127
136 1118
136 671
136 38
136 1090
136 303
136 187
136 825
136 928
136 1195
136 1120
136 62
136 1400
136 886
136 1055
136 837
136 165
136 744
136 858
136 1045
136 1352
136 1143
136 540
136 170
136 889
136 438
136 209
136 419
136 870
136 812
136 470
136 655
136 213
136 1114
136 58
136 1250
136 178
136 167
136 1046
136 1396
136 492
136 994
136 797
136 1032
136 1234
136 525
136 250
136 1076
136 955
136 465
136 1375
136 1292
136 529
136 102
136 567
136 412
136 1358
136 824
136 765
136 76
136 276
136 121
136 983
136 35
136 1232
136 843
136 1357
136 971
136 354
136 174
136 1048
136 1277
136 846
136 234
136 443
136 467
136 808
136 52
136 97
136 558
136 519
136 985
136 1382
136 197
136 1060
136 580
136 1231
136 556
136 358
136 189
136 44
136 1113
136 772
136 890
136 680
136 694
136 55
136 1003
136 115
136 1311
136 222
136 1387
136 179
136 54
136 146
136 936
136 91
136 809
136 421
136 1350
136 1230
136 413
136 1258
136 967
136 954
136 1216
136 226
136 63
136 296
136 370
136 423
136 1175
136 1366
136 847
136 495
136 697
136 177
136 39
136 383
136 24
136 1356
136 996
136 1106
136 1008
136 1262
136 496
136 188
136 454
136 124
136 545
136 636
136 1233
136 147
136 1349
136 1307
136 241
136 656
136 245
136 1316
136 1205
136 723
136 294
136 3
136 282
136 307
136 993
136 1166
136 1124
136 1381
136 583
136 1285
136 1097
136 1248
136 929
136 487
136 1185
136 626
136 1225
136 1171
136 232
136 631
136 658
136 47
136 605
136 225
136 486
136 1183
136 903
136 1229
136 848
136 277
136 1281
136 1165
136 1335
136 791
136 508
136 1303
136 826
136 675
136 1198
136 1075
136 1006
136 1123
136 794
136 1129
136 1398
136 305
136 610
136 513
136 57
136 45
136 56
136 406
136 242
136 612
136 312
136 1062
136 169
136 1355
136 1207
136 654
136 426
136 901
136 660
136 721
136 1386
136 1361
136 601
136 186
136 11
136 506
136 635
136 1040
136 1296
136 696
136 972
136 401
136 979
136 212
136 466
136 970
136 489
136 504
136 633
136 1004
136 291
136 949
136 369
136 1081
136 946
136 1310
136 518
136 566
136 1259
136 297
136 264
136 321
136 941
136 1064
136 619
136 1249
136 123
136 652
136 1397
136 84
136 89
136 431
136 679
136 742
136 1054
136 133
136 536
136 704
136 1371
136 411
136 880
136 258
136 503
136 535
136 255
136 25
136 473
136 491
136 522
136 691
136 1378
136 27
136 1187
136 814
136 593
136 632
136 662
136 20
136 126
136 733
136 468
136 921
136 1134
136 168
136 34
136 1362
136 991
136 335
136 49
136 1237
136 986
136 191
136 1182
136 588
136 804
136 122
136 575
136 109
136 36
136 193
136 673
136 1392
136 388
136 634
136 75
136 661
136 16
136 68
136 114
136 415
136 308
136 1328
136 966
136 1184
136 1323
136 1042
136 196
136 959
136 565
136 1235
136 345
136 347
136 1104
136 557
136 110
136 637
136 1010
136 240
136 244
136 101
136 346
136 876
136 663
136 1137
136 1092
136 689
136 602
136 670
136 456
136 64
136 287
136 810
136 29
136 263
136 435
136 1276
136 363
136 1103
136 172
136 311
136 922
136 727
136 975
136 806
136 695
136 688
136 943
136 720
136 611
136 500
136 939
136 755
136 1270
136 1224
136 252
136 1144
136 984
136 782
136 247
136 19
136 603
136 1306
136 227
136 427
136 112
136 1153
136 1390
136 273
136 644
136 805
136 828
136 326
136 116
136 216
136 678
136 1246
136 236
136 259
136 1074
136 528
136 816
136 477
136 1326
136 974
136 1107
136 917
136 1150
136 1136
136 1247
136 70
136 137
136 464
136 498
136 614
136 373
136 286
136 260
136 1111
136 1370
136 1135
136 430
136 802
136 300
136 1009
136 53
136 1267
136 416
136 801
136 152
136 666
136 1346
136 1066
136 194
136 166
136 653
136 37
136 1078
136 645
136 800
136 664
136 483
136 589
136 568
136 364
136 1154
136 334
136 285
136 1344
136 819
136 818
136 205
136 127
136 1239
136 685
136 1041
136 963
136 385
136 1204
136 1011
136 895
136 79
136 999
136 699
136 650
136 161
136 961
136 330
136 815
136 591
136 138
136 1110
136 576
136 1002
136 414
136 672
136 855
136 776
136 493
136 900
136 1164
136 50
136 262
136 1056
136 1339
136 624
136 455
136 289
136 883
136 1179
136 1336
136 997
136 325
136 1374
136 630
136 1077
136 563
136 1283
136 211
136 98
136 751
136 1266
136 813
136 592
136 1047
136 257
136 574
136 927
136 497
136 328
136 85
136 1289
136 434
136 494
136 1094
136 203
136 482
136 1367
136 78
136 484
136 992
136 150
136 554
136 1201
136 722
136 1069
136 924
136 773
136 609
136 647
136 372
136 676
136 538
136 713
136 59
136 757
136 1170
136 356
136 41
136 329
136 728
136 1309
136 909
136 1226
136 625
136 195
136 215
136 850
136 1299
136 753
136 501
136 841
136 882
136 681
136 99
136 965
136 475
136 1261
136 877
136 120
136 796
136 714
136 807
136 578
136 931
136 448
136 657
136 770
136 1155
136 945
136 331
136 1039
136 724
136 690
136 798
136 93
136 973
136 1158
136 141
136 342
136 868
136 1099
136 460
136 1291
136 665
136 1351
136 1365
136 1395
136 14
136 668
136 1108
136 130
136 1001
136 469
136 1290
136 1254
136 1191
136 544
136 505
136 705
136 1348
136 779
136 896
136 1208
136 1333
136 788
136 391
136 450
136 445
136 1151
136 1091
136 516
136 1304
136 646
136 1192
136 1353
136 449
136 284
136 1159
136 803
136 1243
136 1331
136 22
136 648
136 517
136 302
136 716
136 1093
136 1288
136 1186
136 95
136 615
136 758
136 422
136 586
136 315
136 359
136 840
136 918
136 1228
136 543
136 988
136 1238
136 9
136 1189
136 348
136 309
136 417
136 379
136 706
136 860
136 677
136 233
136 1215
136 299
136 192
136 198
136 1342
136 1005
136 1300
136 160
136 930
136 851
136 1101
136 639
136 134
136 274
136 1193
136 1043
136 546
136 479
136 439
136 1379
136 726
136 852
136 1188
136 548
136 1112
136 13
136 1354
136 360
136 220
136 1384
136 474
136 960
136 1109
136 606
136 128
136 214
136 712
136 613
136 1
136 235
136 268
136 390
136 463
136 725
136 86
136 352
136 368
136 1100
136 747
136 8
136 562
136 42
136 404
136 332
136 208
136 1000
136 729
136 1206
136 1394
136 1302
136 1273
136 738
136 290
136 916
136 458
136 155
136 462
136 365
136 564
136 781
136 717
136 643
136 1363
136 867
136 199
136 784
136 204
136 1282
136 912
136 82
136 977
136 1324
136 433
136 1297
136 599
136 230
136 40
136 292
136 881
136 710
136 267
136 371
136 976
136 1255
136 600
136 1320
136 144
136 1240
136 651
136 96
136 1372
136 442
136 980
136 1194
136 488
136 201
136 1391
136 1220
136 349
136 125
136 66
136 623
136 552
136 1169
136 80
136 844
136 357
136 92
136 628
136 395
136 1059
136 542
136 452
136 686
136 908
136 987
136 1168
136 811
136 317
136 1322
136 1203
136 790
136 622
136 730
136 1271
136 799
136 1321
136 845
136 1242
136 476
136 162
136 459
136 210
136 149
136 219
136 7
136 989
136 185
136 218
136 156
136 1061
136 441
136 77
136 202
136 1373
136 1209
136 132
136 620
136 572
136 164
136 1202
136 83
136 792
136 1244
136 1389
136 1141
136 1148
136 1147
136 998
136 1393
136 1142
136 1007
136 224
136 228
136 1036
136 1140
136 1128
136 1115
136 180
136 1038
136 181
136 1149
136 171
136 1369
136 990
136 1368
136 2
136 1180
136 4
136 5
136 6
136 26
136 163
136 1152
136 995
136 231
136 229
136 1167
136 1163
136 1162
136 1160
136 182
136 1105
136 1058
136 1072
136 200
136 17
136 217
136 1079
136 1380
136 1383
136 1073
136 1049
136 184
136 1385
136 207
136 1388
136 1065
136 1057
136 1063
136 12
136 18
136 1083
136 159
136 1084
136 221
136 1102
136 23
136 1098
136 1096
136 190
136 1095
136 1089
136 1044
136 21
136 1376
136 1088
136 1087
136 1086
136 1085
136 1377
136 67
136 158
136 1329
136 1325
136 1272
136 1269
136 1268
136 1265
136 1260
136 100
136 1256
136 1327
136 103
136 1275
136 104
136 105
136 1253
136 107
136 108
136 1252
136 48
136 1330
136 1251
136 90
136 1318
136 1245
136 1284
136 69
136 1294
136 65
136 71
136 72
136 1298
136 73
136 1293
136 1287
136 1301
136 88
136 1280
136 61
136 60
136 81
136 1279
136 1305
136 1278
136 1308
136 87
136 111
136 46
136 157
136 1197
136 1210
136 1341
136 1343
136 142
136 143
136 1345
136 1347
136 33
136 145
136 32
136 135
136 1360
136 1196
136 30
136 1295
136 151
136 1181
136 153
136 154
136 28
136 136
136 1340
136 113
136 1334
136 237
136 1241
136 117
136 118
136 119
136 1332
136 1236
136 1223
136 1221
136 43
136 1211
136 1219
136 1218
136 1217
136 129
136 1213
136 1337
136 131
136 1338
136 1212
136 1190
136 537
136 982
136 701
136 425
136 711
136 428
136 429
136 709
136 708
136 432
136 707
136 703
136 436
136 437
136 702
136 440
136 715
136 698
136 444
136 446
136 447
136 684
136 683
136 682
136 451
136 453
136 674
136 669
136 667
136 424
136 718
136 384
136 745
136 386
136 387
136 749
136 389
136 748
136 392
136 393
136 396
136 397
136 398
136 399
136 746
136 402
136 420
136 405
136 737
136 407
136 408
136 736
136 410
136 735
136 734
136 732
136 731
136 418
136 719
136 457
136 659
136 461
136 559
136 579
136 577
136 507
136 571
136 509
136 510
136 511
136 512
136 570
136 515
136 561
136 560
136 520
136 649
136 555
136 553
136 523
136 524
136 551
136 527
136 547
136 530
136 531
136 532
136 533
136 541
136 581
136 502
136 582
136 584
136 641
136 640
136 638
136 629
136 471
136 472
136 621
136 478
136 480
136 481
136 618
136 617
136 616
136 608
136 607
136 604
136 490
136 598
136 597
136 596
136 594
136 590
136 587
136 585
136 499
136 750
136 752
136 981
136 884
136 275
136 913
136 278
136 279
136 280
136 281
136 911
136 910
136 902
136 899
136 892
136 288
136 293
136 919
136 879
136 295
136 878
136 875
136 298
136 874
136 873
136 301
136 872
136 865
136 861
136 306
136 914
136 271
136 382
136 947
136 978
136 243
136 969
136 246
136 968
136 962
136 249
136 958
136 251
136 953
136 253
136 254
136 256
136 270
136 944
136 942
136 940
136 933
136 261
136 925
136 923
136 920
136 265
136 266
136 539
136 269
136 854
136 853
136 849
136 366
136 350
136 351
136 353
136 355
136 780
136 778
136 777
136 775
136 361
136 362
136 771
136 768
136 367
136 842
136 764
136 762
136 759
136 756
136 374
136 375
136 376
136 377
136 378
136 754
136 380
136 381
136 785
136 786
136 787
136 344
136 313
136 314
136 836
136 316
136 835
136 319
136 320
136 834
136 322
136 323
136 324
136 832
136 821
136 327
136 817
136 795
136 333
136 793
136 336
136 337
136 338
136 339
136 341
136 789
136 343
136 700
