137 952
137 1023
137 1026
137 1021
137 1034
137 1024
137 955
137 1013
137 1025
137 853
137 1017
137 837
137 862
137 1172
137 953
137 897
137 1052
137 847
137 1171
137 1022
137 743
137 1020
137 950
137 836
137 848
137 1029
137 1028
137 1012
137 826
137 767
137 1015
137 1038
137 1068
137 1014
137 871
137 951
137 887
137 1288
137 1145
137 740
137 854
137 1326
137 866
137 1125
137 1027
137 841
137 1118
137 769
137 1030
137 1067
137 760
137 1363
137 1126
137 1129
137 1018
137 1123
137 1032
137 851
137 1214
137 1048
137 942
137 957
137 1035
137 512
137 763
137 764
137 1112
137 1277
137 967
137 739
137 934
137 885
137 507
137 928
137 1019
137 822
137 1285
137 518
137 1070
137 852
137 828
137 1119
137 870
137 889
137 981
137 1133
137 5
137 1176
137 498
137 1056
137 1071
137 926
137 850
137 279
137 843
137 727
137 930
137 724
137 1132
137 886
137 890
137 1136
137 1258
137 819
137 224
137 894
137 1037
137 1043
137 1360
137 1134
137 1016
137 550
137 765
137 956
137 1183
137 742
137 974
137 997
137 1044
137 936
137 707
137 412
137 1059
137 846
137 961
137 820
137 1175
137 1378
137 1157
137 580
137 225
137 1060
137 1135
137 898
137 1031
137 1283
137 1268
137 741
137 844
137 812
137 270
137 1309
137 407
137 95
137 1253
137 100
137 935
137 818
137 1400
137 704
137 920
137 753
137 1359
137 840
137 1099
137 637
137 1159
137 267
137 1238
137 968
137 392
137 1226
137 234
137 89
137 929
137 462
137 1313
137 658
137 824
137 421
137 726
137 399
137 70
137 1122
137 786
137 339
137 642
137 514
137 958
137 864
137 1361
137 1148
137 29
137 607
137 1304
137 1042
137 737
137 93
137 546
137 508
137 1389
137 222
137 1047
137 75
137 258
137 831
137 1289
137 168
137 1220
137 759
137 585
137 1036
137 901
137 1237
137 1051
137 373
137 1317
137 567
137 1130
137 1352
137 485
137 723
137 1294
137 695
137 830
137 660
137 1278
137 500
137 112
137 367
137 902
137 83
137 833
137 30
137 1098
137 1173
137 515
137 38
137 85
137 1295
137 932
137 1054
137 39
137 301
137 1090
137 873
137 151
137 784
137 1116
137 390
137 263
137 1100
137 1117
137 556
137 626
137 372
137 1207
137 927
137 800
137 907
137 653
137 297
137 78
137 669
137 189
137 801
137 1072
137 28
137 1033
137 697
137 579
137 333
137 1102
137 606
137 574
137 842
137 497
137 674
137 931
137 564
137 1398
137 61
137 221
137 849
137 197
137 839
137 1138
137 644
137 425
137 262
137 203
137 891
137 321
137 993
137 229
137 1137
137 613
137 1065
137 1041
137 33
137 1356
137 1084
137 1248
137 827
137 1170
137 1053
137 813
137 1276
137 205
137 1094
137 77
137 941
137 1397
137 563
137 856
137 202
137 183
137 288
137 581
137 126
137 448
137 1306
137 699
137 744
137 627
137 1376
137 25
137 12
137 1039
137 657
137 639
137 1088
137 1322
137 51
137 164
137 1337
137 869
137 675
137 486
137 804
137 1162
137 662
137 805
137 1336
137 160
137 914
137 789
137 1327
137 62
137 32
137 595
137 1255
137 787
137 268
137 53
137 16
137 1187
137 424
137 335
137 712
137 105
137 1091
137 855
137 860
137 403
137 1232
137 903
137 442
137 736
137 1131
137 531
137 1049
137 529
137 1251
137 1263
137 290
137 1234
137 468
137 144
137 549
137 56
137 1396
137 1106
137 1069
137 260
137 1186
137 1281
137 1271
137 395
137 298
137 132
137 169
137 447
137 542
137 522
137 157
137 289
137 130
137 368
137 1040
137 670
137 667
137 1001
137 599
137 788
137 735
137 1194
137 357
137 472
137 761
137 909
137 966
137 520
137 776
137 382
137 6
137 996
137 158
137 899
137 1273
137 1197
137 1128
137 187
137 422
137 459
137 381
137 172
137 181
137 1120
137 687
137 781
137 680
137 636
137 985
137 867
137 1375
137 1181
137 539
137 1267
137 216
137 337
137 174
137 1298
137 456
137 1280
137 614
137 1152
137 463
137 1204
137 673
137 814
137 825
137 612
137 428
137 566
137 408
137 49
137 1399
137 978
137 544
137 587
137 261
137 1221
137 434
137 937
137 874
137 1153
137 1246
137 778
137 603
137 435
137 973
137 534
137 696
137 1231
137 104
137 116
137 1097
137 379
137 210
137 654
137 594
137 244
137 87
137 1174
137 1297
137 535
137 720
137 1092
137 1261
137 1218
137 694
137 916
137 269
137 42
137 904
137 918
137 484
137 483
137 193
137 156
137 919
137 912
137 1383
137 548
137 149
137 677
137 272
137 194
137 1149
137 1274
137 204
137 123
137 1081
137 1046
137 467
137 80
137 1077
137 48
137 572
137 184
137 1316
137 593
137 40
137 1225
137 90
137 1319
137 1006
137 464
137 582
137 683
137 316
137 441
137 227
137 1307
137 1209
137 119
137 790
137 455
137 1213
137 443
137 625
137 863
137 947
137 705
137 1282
137 510
137 208
137 554
137 589
137 1242
137 1212
137 533
137 354
137 243
137 129
137 1333
137 276
137 823
137 450
137 58
137 1105
137 433
137 152
137 1078
137 751
137 1144
137 284
137 101
137 650
137 817
137 783
137 943
137 872
137 785
137 1216
137 719
137 1331
137 635
137 1169
137 1222
137 623
137 1200
137 37
137 109
137 1150
137 1158
137 604
137 905
137 341
137 91
137 1335
137 416
137 924
137 257
137 1293
137 259
137 962
137 1202
137 102
137 571
137 173
137 586
137 1000
137 1055
137 8
137 88
137 1005
137 163
137 154
137 296
137 452
137 944
137 1002
137 1073
137 747
137 1382
137 371
137 1115
137 198
137 521
137 186
137 829
137 171
137 1291
137 1233
137 1390
137 92
137 693
137 34
137 1286
137 731
137 701
137 917
137 1219
137 396
137 938
137 1107
137 991
137 690
137 1269
137 1095
137 166
137 762
137 638
137 1066
137 728
137 971
137 349
137 1392
137 280
137 1332
137 206
137 1266
137 1195
137 1349
137 963
137 596
137 1167
137 1334
137 57
137 252
137 632
137 451
137 352
137 708
137 317
137 312
137 975
137 965
137 344
137 66
137 570
137 1080
137 679
137 188
137 476
137 709
137 73
137 256
137 994
137 359
137 794
137 360
137 250
137 1310
137 881
137 1143
137 939
137 1347
137 977
137 60
137 274
137 162
137 545
137 1379
137 318
137 1256
137 300
137 1154
137 1121
137 338
137 1362
137 179
137 1364
137 509
137 1
137 1303
137 716
137 672
137 972
137 207
137 652
137 668
137 982
137 816
137 734
137 52
137 1141
137 1182
137 1250
137 1236
137 1328
137 314
137 356
137 954
137 72
137 940
137 682
137 984
137 249
137 976
137 1329
137 1290
137 494
137 561
137 798
137 44
137 211
137 1058
137 1385
137 773
137 1254
137 293
137 122
137 908
137 387
137 1061
137 147
137 666
137 1321
137 640
137 21
137 689
137 793
137 1252
137 220
137 14
137 346
137 266
137 1156
137 601
137 702
137 868
137 1057
137 481
137 506
137 552
137 986
137 646
137 999
137 775
137 239
137 1113
137 671
137 386
137 418
137 964
137 1089
137 681
137 369
137 248
137 1127
137 1262
137 370
137 714
137 629
137 45
137 84
137 131
137 410
137 511
137 1249
137 31
137 651
137 103
137 577
137 159
137 584
137 517
137 1103
137 1265
137 1210
137 47
137 19
137 588
137 41
137 797
137 615
137 780
137 128
137 1260
137 659
137 1205
137 1139
137 74
137 1245
137 384
137 2
137 1074
137 810
137 1241
137 415
137 547
137 738
137 1275
137 1224
137 299
137 969
137 1314
137 1110
137 1371
137 332
137 1296
137 892
137 351
137 185
137 414
137 4
137 1264
137 413
137 278
137 492
137 809
137 71
137 1346
137 1339
137 81
137 235
137 18
137 430
137 226
137 645
137 342
137 423
137 628
137 303
137 722
137 1076
137 402
137 808
137 698
137 686
137 1257
137 1208
137 884
137 391
137 13
137 466
137 380
137 1229
137 616
137 302
137 1350
137 327
137 621
137 1239
137 1201
137 523
137 347
137 757
137 11
137 374
137 772
137 1206
137 647
137 578
137 1388
137 538
137 573
137 478
137 525
137 138
137 631
137 362
137 990
137 1373
137 419
137 353
137 900
137 277
137 1259
137 94
137 411
137 230
137 55
137 1164
137 1075
137 113
137 475
137 713
137 624
137 115
137 970
137 796
137 319
137 536
137 562
137 1082
137 167
137 491
137 470
137 1368
137 655
137 364
137 1341
137 1062
137 948
137 921
137 610
137 692
137 576
137 980
137 703
137 458
137 911
137 1109
137 1320
137 678
137 446
137 465
137 1338
137 1163
137 383
137 513
137 17
137 232
137 758
137 489
137 987
137 292
137 65
137 756
137 363
137 1284
137 1192
137 449
137 777
137 770
137 1155
137 307
137 118
137 366
137 922
137 365
137 453
137 420
137 79
137 219
137 146
137 1199
137 989
137 199
137 721
137 1104
137 665
137 473
137 815
137 457
137 213
137 1191
137 1301
137 688
137 865
137 329
137 711
137 1147
137 496
137 1292
137 992
137 1178
137 1160
137 427
137 729
137 345
137 611
137 857
137 641
137 1190
137 108
137 1391
137 334
137 1279
137 1374
137 170
137 1184
137 1108
137 196
137 477
137 192
137 1355
137 560
137 247
137 246
137 310
137 620
137 1393
137 1325
137 283
137 553
137 782
137 1366
137 9
137 195
137 253
137 733
137 82
137 1386
137 1351
137 165
137 499
137 54
137 155
137 97
137 59
137 1064
137 294
137 710
137 1343
137 96
137 401
137 1235
137 209
137 811
137 717
137 417
137 791
137 609
137 1223
137 799
137 792
137 1270
137 1227
137 1228
137 145
137 201
137 200
137 608
137 1299
137 633
137 143
137 142
137 175
137 178
137 141
137 140
137 1217
137 139
137 802
137 634
137 137
137 176
137 136
137 597
137 180
137 1230
137 161
137 1272
137 1244
137 795
137 779
137 1243
137 602
137 622
137 1240
137 605
137 600
137 190
137 182
137 177
137 619
137 1287
137 191
137 153
137 618
137 774
137 617
137 598
137 1247
137 150
137 630
137 148
137 135
137 107
137 134
137 68
137 36
137 725
137 1372
137 1370
137 43
137 730
137 676
137 46
137 732
137 1369
137 50
137 1367
137 745
137 746
137 1365
137 1358
137 1357
137 1354
137 1353
137 63
137 64
137 35
137 1377
137 1380
137 718
137 706
137 3
137 1395
137 1394
137 7
137 10
137 715
137 15
137 691
137 20
137 1381
137 22
137 23
137 24
137 1387
137 26
137 27
137 685
137 1384
137 684
137 67
137 69
137 133
137 664
137 1315
137 106
137 643
137 110
137 111
137 1312
137 114
137 1311
137 117
137 1308
137 120
137 121
137 766
137 1305
137 124
137 125
137 768
137 127
137 1302
137 771
137 1300
137 1318
137 648
137 649
137 750
137 663
137 1348
137 748
137 661
137 76
137 1345
137 1344
137 749
137 1342
137 752
137 1323
137 86
137 1340
137 656
137 1330
137 754
137 755
137 1324
137 98
137 99
137 1215
137 238
137 1211
137 803
137 378
137 524
137 1063
137 893
137 895
137 385
137 896
137 519
137 388
137 389
137 516
137 906
137 393
137 394
137 910
137 1050
137 397
137 398
137 1045
137 400
137 1011
137 404
137 405
137 377
137 376
137 375
137 1085
137 1093
137 350
137 879
137 541
137 540
137 1087
137 355
137 880
137 1086
137 358
137 1083
137 526
137 361
137 537
137 882
137 883
137 1079
137 532
137 888
137 530
137 528
137 527
137 406
137 1010
137 1009
137 461
137 445
137 495
137 983
137 493
137 490
137 979
137 454
137 488
137 487
137 460
137 933
137 988
137 945
137 960
137 946
137 959
137 482
137 469
137 480
137 471
137 949
137 474
137 444
137 440
137 409
137 1003
137 913
137 915
137 1008
137 505
137 504
137 503
137 1007
137 502
137 501
137 1004
137 998
137 439
137 426
137 995
137 429
137 923
137 431
137 432
137 925
137 436
137 437
137 438
137 348
137 543
137 878
137 835
137 1193
137 245
137 832
137 834
137 251
137 254
137 255
137 1189
137 1188
137 1185
137 1180
137 242
137 1179
137 264
137 265
137 569
137 1177
137 1168
137 1166
137 271
137 1165
137 273
137 1196
137 241
137 275
137 807
137 212
137 214
137 215
137 592
137 217
137 218
137 591
137 590
137 806
137 223
137 1203
137 240
137 583
137 228
137 231
137 233
137 1198
137 575
137 236
137 237
137 479
137 821
137 568
137 838
137 1096
137 326
137 315
137 1124
137 1114
137 861
137 320
137 1111
137 322
137 323
137 324
137 325
137 551
137 313
137 328
137 330
137 331
137 875
137 336
137 876
137 340
137 1101
137 877
137 343
137 555
137 859
137 845
137 1146
137 1161
137 281
137 282
137 565
137 285
137 286
137 287
137 1151
137 291
137 295
137 1142
137 311
137 858
137 1140
137 559
137 558
137 557
137 304
137 305
137 306
137 308
137 309
137 700
