138 953
138 847
138 897
138 848
138 887
138 841
138 764
138 846
138 844
138 1068
138 769
138 1123
138 854
138 740
138 1172
138 885
138 1038
138 1171
138 851
138 826
138 1173
138 890
138 763
138 926
138 765
138 760
138 741
138 1129
138 930
138 1066
138 889
138 852
138 1034
138 743
138 845
138 1036
138 853
138 843
138 955
138 1042
138 742
138 1070
138 1039
138 935
138 910
138 1118
138 739
138 850
138 928
138 1037
138 728
138 886
138 828
138 1071
138 1126
138 870
138 1067
138 1122
138 952
138 1043
138 934
138 129
138 839
138 1051
138 954
138 913
138 1145
138 722
138 936
138 867
138 898
138 1044
138 42
138 932
138 224
138 830
138 1132
138 512
138 909
138 929
138 1013
138 627
138 1177
138 819
138 533
138 201
138 279
138 729
138 908
138 855
138 1252
138 822
138 1362
138 1041
138 643
138 1116
138 943
138 856
138 831
138 195
138 748
138 1128
138 1135
138 1175
138 658
138 1146
138 849
138 105
138 1059
138 737
138 100
138 1117
138 723
138 1245
138 1227
138 1033
138 1387
138 188
138 1159
138 669
138 1052
138 993
138 497
138 882
138 95
138 727
138 864
138 29
138 931
138 179
138 720
138 1134
138 938
138 1360
138 441
138 1133
138 911
138 891
138 817
138 1298
138 1084
138 1260
138 66
138 1017
138 372
138 951
138 166
138 1130
138 818
138 581
138 1306
138 744
138 975
138 1376
138 534
138 31
138 1400
138 1081
138 1055
138 1285
138 170
138 766
138 1119
138 566
138 1176
138 133
138 52
138 400
138 219
138 30
138 567
138 956
138 751
138 448
138 1178
138 392
138 1125
138 672
138 917
138 836
138 331
138 662
138 1078
138 174
138 189
138 131
138 971
138 597
138 1272
138 919
138 874
138 1040
138 1339
138 1058
138 1060
138 603
138 1329
138 1082
138 319
138 173
138 412
138 1053
138 382
138 812
138 1156
138 522
138 1069
138 924
138 1106
138 823
138 977
138 462
138 1368
138 380
138 1309
138 629
138 508
138 263
138 162
138 108
138 324
138 1113
138 1170
138 685
138 950
138 1367
138 580
138 225
138 734
138 539
138 721
138 837
138 397
138 1294
138 1392
138 842
138 801
138 1095
138 1184
138 784
138 552
138 50
138 762
138 1010
138 937
138 858
138 986
138 702
138 171
138 916
138 582
138 714
138 1317
138 1220
138 1253
138 322
138 1223
138 1131
138 1203
138 1174
138 384
138 198
138 825
138 80
138 726
138 364
138 13
138 1359
138 593
138 149
138 1327
138 79
138 1025
138 1291
138 1056
138 905
138 944
138 135
138 182
138 7
138 1397
138 317
138 199
138 809
138 1019
138 433
138 1139
138 1364
138 442
138 789
138 1148
138 1012
138 1018
138 1341
138 655
138 1054
138 610
138 1048
138 786
138 1274
138 297
138 424
138 1335
138 510
138 1094
138 894
138 1015
138 1319
138 1105
138 280
138 1211
138 468
138 875
138 767
138 785
138 1380
138 40
138 318
138 96
138 51
138 686
138 693
138 1136
138 197
138 859
138 1337
138 576
138 959
138 780
138 99
138 646
138 1289
138 888
138 1027
138 881
138 241
138 692
138 799
138 53
138 1244
138 252
138 712
138 865
138 114
138 1138
138 782
138 1093
138 1031
138 1100
138 8
138 428
138 376
138 245
138 713
138 653
138 261
138 1323
138 1247
138 1121
138 243
138 820
138 565
138 1352
138 1110
138 704
138 102
138 74
138 623
138 1137
138 1029
138 711
138 1230
138 425
138 895
138 1263
138 892
138 1258
138 1286
138 994
138 838
138 165
138 1163
138 927
138 1372
138 717
138 1338
138 804
138 1381
138 200
138 1062
138 857
138 187
138 1222
138 824
138 1350
138 735
138 342
138 1256
138 961
138 1277
138 9
138 541
138 1115
138 1
138 1057
138 1395
138 759
138 44
138 1153
138 811
138 176
138 869
138 416
138 1004
138 531
138 997
138 634
138 761
138 813
138 513
138 435
138 992
138 640
138 933
138 1307
138 695
138 434
138 272
138 1072
138 1292
138 326
138 1249
138 946
138 574
138 942
138 1270
138 57
138 1305
138 527
138 618
138 1002
138 673
138 549
138 1046
138 642
138 126
138 120
138 1399
138 260
138 535
138 1243
138 872
138 236
138 89
138 736
138 122
138 877
138 918
138 335
138 972
138 957
138 193
138 592
138 749
138 209
138 1281
138 1213
138 1215
138 113
138 288
138 1371
138 463
138 94
138 871
138 625
138 26
138 548
138 456
138 1234
138 233
138 678
138 1164
138 164
138 87
138 987
138 1311
138 1313
138 719
138 262
138 1076
138 139
138 110
138 1154
138 560
138 1098
138 1075
138 833
138 1001
138 614
138 671
138 1191
138 1074
138 730
138 15
138 293
138 1162
138 1061
138 1224
138 1142
138 1192
138 48
138 1349
138 1353
138 697
138 636
138 84
138 1092
138 1091
138 339
138 334
138 1165
138 1155
138 486
138 650
138 390
138 1064
138 1020
138 23
138 710
138 410
138 519
138 229
138 362
138 287
138 1238
138 123
138 705
138 563
138 1322
138 19
138 783
138 169
138 484
138 1097
138 222
138 949
138 1225
138 1296
138 258
138 1205
138 698
138 404
138 840
138 996
138 827
138 1332
138 829
138 393
138 529
138 175
138 550
138 83
138 205
138 679
138 184
138 1334
138 1275
138 1112
138 1354
138 73
138 1315
138 414
138 1304
138 466
138 912
138 337
138 596
138 815
138 75
138 967
138 553
138 1363
138 138
138 893
138 18
138 82
138 600
138 391
138 503
138 128
138 638
138 144
138 923
138 1083
138 747
138 444
138 37
138 316
138 611
138 808
138 520
138 2
138 43
138 232
138 312
138 208
138 883
138 725
138 796
138 494
138 374
138 431
138 445
138 999
138 1240
138 1204
138 1279
138 237
138 1326
138 523
138 353
138 183
138 112
138 1000
138 966
138 348
138 286
138 32
138 589
138 807
138 540
138 517
138 797
138 1278
138 192
138 168
138 1212
138 1219
138 443
138 207
138 573
138 329
138 773
138 419
138 973
138 814
138 518
138 1221
138 1144
138 976
138 1063
138 1024
138 1229
138 1030
138 299
138 267
138 371
138 56
138 538
138 1320
138 899
138 1232
138 718
138 1182
138 306
138 81
138 490
138 878
138 221
138 1194
138 470
138 1344
138 496
138 251
138 991
138 1214
138 265
138 733
138 1096
138 341
138 345
138 21
138 4
138 436
138 125
138 257
138 689
138 595
138 1111
138 1398
138 177
138 228
138 564
138 1377
138 1009
138 746
138 255
138 925
138 1342
138 465
138 469
138 572
138 34
138 206
138 234
138 664
138 256
138 505
138 92
138 594
138 242
138 863
138 715
138 806
138 907
138 274
138 700
138 215
138 495
138 516
138 254
138 1356
138 1161
138 284
138 1355
138 772
138 1127
138 1271
138 732
138 315
138 291
138 344
138 1361
138 1188
138 311
138 1265
138 163
138 1324
138 1310
138 1199
138 645
138 427
138 701
138 104
138 216
138 590
138 340
138 1202
138 275
138 665
138 598
138 239
138 798
138 452
138 559
138 156
138 1239
138 696
138 124
138 90
138 1386
138 1166
138 437
138 1035
138 958
138 330
138 202
138 983
138 406
138 1257
138 474
138 960
138 214
138 1099
138 303
138 1190
138 1169
138 375
138 282
138 304
138 210
138 633
138 355
138 132
138 649
138 1008
138 816
138 896
138 421
138 1065
138 1287
138 450
138 941
138 347
138 1231
138 11
138 449
138 45
138 554
138 246
138 370
138 803
138 694
138 365
138 145
138 116
138 1331
138 657
138 667
138 1393
138 217
138 666
138 68
138 615
138 970
138 690
138 1303
138 328
138 85
138 1396
138 141
138 142
138 543
138 568
138 1167
138 1196
138 547
138 939
138 296
138 55
138 314
138 464
138 675
138 481
138 61
138 1237
138 604
138 454
138 1218
138 249
138 1147
138 651
138 36
138 1383
138 117
138 269
138 528
138 699
138 546
138 33
138 1316
138 792
138 571
138 1114
138 403
138 709
138 69
138 381
138 1109
138 39
138 606
138 447
138 613
138 536
138 60
138 635
138 49
138 542
138 602
138 506
138 902
138 1077
138 1290
138 377
138 308
138 190
138 800
138 998
138 489
138 72
138 620
138 569
138 1333
138 754
138 294
138 1259
138 1343
138 1217
138 1241
138 78
138 346
138 876
138 1273
138 290
138 511
138 58
138 186
138 338
138 432
138 259
138 204
138 1282
138 1346
138 1295
138 213
138 1297
138 220
138 1207
138 974
138 417
138 147
138 1366
138 1104
138 1157
138 423
138 1251
138 211
138 964
138 562
138 152
138 661
138 757
138 1264
138 1107
138 276
138 349
138 1373
138 601
138 628
138 781
138 395
138 794
138 59
138 230
138 240
138 788
138 707
138 453
138 363
138 185
138 212
138 688
138 270
138 24
138 151
138 1047
138 683
138 1235
138 172
138 493
138 624
138 1351
138 753
138 1300
138 660
138 1375
138 1321
138 25
138 962
138 140
138 588
138 401
138 14
138 1201
138 244
138 607
138 605
138 154
138 608
138 155
138 150
138 609
138 148
138 153
138 119
138 599
138 157
138 158
138 159
138 160
138 161
138 1045
138 716
138 708
138 1254
138 622
138 1250
138 146
138 1021
138 1022
138 127
138 1023
138 1026
138 130
138 619
138 617
138 1358
138 134
138 940
138 1357
138 136
138 137
138 1028
138 1032
138 616
138 1228
138 143
138 1049
138 612
138 121
138 621
138 1226
138 455
138 167
138 1336
138 586
138 900
138 585
138 584
138 203
138 583
138 1261
138 579
138 1079
138 1080
138 1085
138 578
138 577
138 1262
138 575
138 1210
138 1209
138 570
138 1266
138 218
138 1330
138 1208
138 1086
138 901
138 196
138 922
138 1340
138 921
138 920
138 1348
138 1347
138 1050
138 915
138 914
138 178
138 1216
138 180
138 181
138 1345
138 1255
138 1073
138 724
138 591
138 906
138 731
138 904
138 191
138 903
138 587
138 194
138 118
138 945
138 626
138 969
138 674
138 978
138 35
138 687
138 1236
138 38
138 670
138 1389
138 41
138 1388
138 668
138 663
138 1390
138 46
138 47
138 968
138 691
138 1385
138 1384
138 659
138 54
138 656
138 965
138 1233
138 979
138 1391
138 115
138 1394
138 681
138 3
138 990
138 5
138 6
138 989
138 680
138 988
138 10
138 684
138 12
138 985
138 676
138 16
138 17
138 984
138 20
138 982
138 22
138 981
138 677
138 980
138 27
138 28
138 654
138 652
138 648
138 1370
138 631
138 91
138 1011
138 93
138 1014
138 1374
138 97
138 98
138 630
138 948
138 101
138 103
138 647
138 1246
138 1369
138 106
138 107
138 1248
138 109
138 947
138 111
138 223
138 1016
138 1365
138 632
138 88
138 1007
138 86
138 62
138 63
138 64
138 65
138 1382
138 67
138 1242
138 644
138 70
138 71
138 641
138 963
138 1379
138 76
138 77
138 639
138 1378
138 1003
138 637
138 703
138 1005
138 1006
138 706
138 1087
138 227
138 1328
138 776
138 491
138 810
138 775
138 373
138 1180
138 488
138 1302
138 487
138 378
138 379
138 1301
138 383
138 368
138 1299
138 385
138 386
138 387
138 388
138 389
138 805
138 1181
138 485
138 777
138 394
138 369
138 367
138 396
138 352
138 821
138 682
138 343
138 770
138 502
138 501
138 500
138 1168
138 499
138 350
138 351
138 995
138 366
138 354
138 771
138 356
138 357
138 358
138 359
138 360
138 361
138 774
138 1179
138 492
138 483
138 802
138 1088
138 439
138 1288
138 429
138 430
138 779
138 1280
138 467
138 791
138 790
138 1185
138 1189
138 438
138 440
138 426
138 1284
138 1283
138 461
138 787
138 1186
138 446
138 460
138 459
138 458
138 457
138 451
138 778
138 471
138 398
138 411
138 399
138 482
138 402
138 480
138 479
138 405
138 478
138 407
138 408
138 409
138 1183
138 1293
138 793
138 413
138 477
138 415
138 795
138 476
138 418
138 475
138 420
138 473
138 422
138 472
138 504
138 768
138 507
138 268
138 1102
138 862
138 861
138 860
138 1103
138 745
138 1318
138 264
138 545
138 266
138 1108
138 544
138 551
138 1268
138 271
138 1200
138 273
138 1269
138 750
138 537
138 277
138 278
138 752
138 1120
138 1101
138 253
138 1160
138 873
138 226
138 1187
138 1089
138 1090
138 738
138 231
138 884
138 880
138 879
138 235
138 561
138 238
138 866
138 558
138 557
138 1325
138 868
138 556
138 555
138 1206
138 247
138 248
138 1267
138 250
138 281
138 532
138 283
138 1308
138 313
138 515
138 514
138 1150
138 1151
138 1312
138 1152
138 320
138 321
138 1195
138 323
138 325
138 285
138 835
138 327
138 1276
138 834
138 509
138 832
138 332
138 333
138 1193
138 1158
138 336
138 1149
138 1197
138 310
138 309
138 1124
138 530
138 1140
138 289
138 755
138 526
138 292
138 1141
138 525
138 295
138 524
138 1314
138 298
138 1143
138 300
138 301
138 302
138 756
138 521
138 305
138 758
138 307
138 1198
138 498
