139 847
139 897
139 953
139 848
139 846
139 764
139 826
139 1038
139 763
139 844
139 1171
139 955
139 1068
139 853
139 743
139 841
139 887
139 926
139 760
139 1172
139 1129
139 1034
139 1066
139 1070
139 769
139 740
139 1123
139 1132
139 845
139 854
139 1145
139 1118
139 1039
139 765
139 1122
139 1119
139 1173
139 952
139 1051
139 930
139 934
139 1067
139 1071
139 1126
139 910
139 851
139 739
139 850
139 1036
139 728
139 886
139 890
139 174
139 819
139 741
139 852
139 1042
139 129
139 839
139 742
139 913
139 957
139 889
139 975
139 936
139 956
139 885
139 993
139 335
139 722
139 867
139 1133
139 1044
139 831
139 197
139 1043
139 898
139 1048
139 42
139 932
139 188
139 954
139 1335
139 891
139 1135
139 723
139 935
139 971
139 224
139 1033
139 441
139 1260
139 512
139 1285
139 843
139 929
139 179
139 830
139 1059
139 943
139 1013
139 627
139 928
139 856
139 828
139 533
139 201
139 597
139 510
139 566
139 1125
139 721
139 1117
139 279
139 189
139 1052
139 173
139 1361
139 1076
139 1306
139 908
139 1023
139 855
139 1130
139 1252
139 1112
139 508
139 170
139 1053
139 643
139 552
139 162
139 225
139 1156
139 1227
139 748
139 372
139 636
139 567
139 1106
139 1081
139 818
139 849
139 1220
139 1037
139 105
139 1116
139 662
139 1040
139 737
139 672
139 166
139 1245
139 1159
139 1134
139 669
139 1082
139 176
139 1362
139 882
139 1035
139 89
139 1182
139 1010
139 931
139 820
139 823
139 1154
139 603
139 1136
139 809
139 924
139 827
139 1360
139 1352
139 911
139 1309
139 655
139 199
139 946
139 1298
139 1084
139 131
139 1225
139 917
139 1289
139 692
139 1203
139 1017
139 822
139 522
139 282
139 565
139 862
139 951
139 838
139 1184
139 1274
139 1311
139 263
139 994
139 519
139 744
139 1376
139 824
139 317
139 534
139 1319
139 938
139 999
139 840
139 712
139 767
139 1175
139 79
139 909
139 390
139 714
139 1230
139 434
139 306
139 1176
139 209
139 1364
139 761
139 1229
139 52
139 991
139 937
139 219
139 863
139 114
139 658
139 939
139 801
139 986
139 671
139 513
139 39
139 1131
139 1258
139 751
139 100
139 678
139 311
139 448
139 693
139 696
139 245
139 57
139 713
139 1004
139 392
139 1128
139 284
139 1064
139 576
139 331
139 1078
139 905
139 308
139 1381
139 198
139 364
139 206
139 1272
139 919
139 1054
139 972
139 1339
139 1060
139 813
139 1139
139 825
139 1329
139 1307
139 894
139 593
139 319
139 857
139 241
139 1363
139 110
139 617
139 346
139 610
139 439
139 126
139 382
139 812
139 1069
139 1292
139 80
139 653
139 1371
139 1331
139 468
139 1056
139 977
139 1368
139 1204
139 297
139 380
139 629
139 139
139 435
139 1101
139 797
139 108
139 324
139 1113
139 1350
139 1026
139 1170
139 685
139 695
139 490
139 950
139 1367
139 727
139 1277
139 539
139 697
139 661
139 1234
139 74
139 949
139 1055
139 416
139 808
139 51
139 1294
139 996
139 326
139 1392
139 842
139 773
139 1095
139 1222
139 961
139 312
139 258
139 784
139 275
139 859
139 50
139 96
139 1195
139 702
139 171
139 1062
139 698
139 1093
139 916
139 1315
139 582
139 1232
139 922
139 673
139 1165
139 1323
139 997
139 1317
139 53
139 56
139 614
139 1253
139 322
139 1223
139 230
139 1045
139 1174
139 431
139 1002
139 384
139 583
139 1074
139 94
139 729
139 654
139 574
139 193
139 1349
139 252
139 1247
139 1359
139 536
139 870
139 595
139 149
139 133
139 1327
139 720
139 242
139 1291
139 944
139 19
139 232
139 1249
139 182
139 548
139 7
139 122
139 1355
139 379
139 433
139 229
139 262
139 442
139 1041
139 789
139 1148
139 120
139 804
139 1263
139 1341
139 1356
139 1075
139 175
139 535
139 1137
139 123
139 169
139 470
139 704
139 1032
139 650
139 786
139 291
139 1386
139 766
139 746
139 183
139 492
139 456
139 1094
139 59
139 1092
139 1207
139 1270
139 967
139 1105
139 280
139 443
139 1211
139 205
139 1231
139 1387
139 817
139 875
139 1177
139 222
139 785
139 615
139 44
139 40
139 927
139 318
139 11
139 1198
139 1326
139 694
139 236
139 465
139 762
139 37
139 1001
139 686
139 811
139 1257
139 58
139 1114
139 619
139 15
139 1191
139 414
139 1166
139 1337
139 815
139 1155
139 689
139 959
139 780
139 992
139 970
139 646
139 138
139 421
139 529
139 495
139 249
139 10
139 1091
139 328
139 70
139 616
139 1254
139 799
139 370
139 55
139 84
139 234
139 865
139 186
139 907
139 1138
139 782
139 1097
139 569
139 866
139 287
139 573
139 187
139 1100
139 423
139 8
139 509
139 1238
139 428
139 376
139 1111
139 1313
139 625
139 1009
139 261
139 783
139 243
139 864
139 334
139 1110
139 1224
139 365
139 966
139 102
139 623
139 664
139 1029
139 711
139 1141
139 1304
139 347
139 1310
139 195
139 425
139 895
139 679
139 893
139 165
139 675
139 710
139 892
139 1047
139 1286
139 807
139 1163
139 518
139 1372
139 717
139 1169
139 1338
139 200
139 274
139 735
139 1018
139 1205
139 342
139 1256
139 168
139 973
139 9
139 147
139 541
139 1303
139 1115
139 484
139 276
139 1
139 213
139 128
139 1057
139 1395
139 759
139 1153
139 699
139 687
139 304
139 531
139 634
139 734
139 876
139 112
139 514
139 466
139 709
139 540
139 933
139 239
139 272
139 1391
139 1072
139 868
139 3
139 528
139 496
139 1144
139 942
139 124
139 1305
139 1251
139 215
139 527
139 1000
139 618
139 1124
139 549
139 814
139 902
139 642
139 315
139 525
139 345
139 260
139 1058
139 1146
139 772
139 1243
139 38
139 872
139 1366
139 1382
139 605
139 858
139 406
139 1333
139 918
139 794
139 749
139 1213
139 1215
139 113
139 288
139 463
139 78
139 427
139 26
139 800
139 233
139 1164
139 798
139 216
139 589
139 87
139 987
139 1242
139 719
139 665
139 633
139 440
139 1107
139 560
139 1098
139 409
139 454
139 1008
139 599
139 612
139 293
139 1162
139 941
139 177
139 1061
139 1142
139 564
139 76
139 1192
139 48
139 1353
139 526
139 250
139 1188
139 1400
139 339
139 904
139 979
139 1239
139 657
139 1020
139 151
139 23
139 1003
139 596
139 690
139 635
139 410
139 1281
139 362
139 141
139 92
139 1157
139 1380
139 25
139 1216
139 705
139 1031
139 296
139 652
139 948
139 680
139 211
139 1296
139 806
139 404
139 1237
139 411
139 1332
139 1300
139 829
139 393
139 36
139 473
139 491
139 550
139 83
139 1271
139 310
139 184
139 1090
139 1334
139 1378
139 467
139 1187
139 1354
139 73
139 116
139 601
139 624
139 403
139 63
139 912
139 121
139 452
139 337
139 837
139 35
139 553
139 18
139 140
139 82
139 600
139 503
139 602
139 638
139 506
139 144
139 923
139 240
139 1083
139 747
139 444
139 277
139 316
139 464
139 388
139 115
139 520
139 2
139 43
139 489
139 497
139 558
139 208
139 796
139 494
139 363
139 374
139 196
139 62
139 445
139 556
139 1240
139 1259
139 212
139 1279
139 237
139 210
139 688
139 523
139 353
139 637
139 663
139 286
139 32
139 462
139 248
139 626
139 1262
139 517
139 1278
139 64
139 85
139 810
139 1276
139 545
139 1212
139 1219
139 95
139 1103
139 354
139 207
139 259
139 1233
139 1221
139 220
139 976
139 1351
139 1063
139 1024
139 974
139 1201
139 1030
139 299
139 267
139 371
139 1320
139 899
139 29
139 718
139 487
139 294
139 805
139 869
139 81
139 964
139 562
139 878
139 874
139 221
139 1194
139 1344
139 152
139 251
139 1214
139 265
139 640
139 1264
139 1019
139 146
139 1088
139 1096
139 54
139 341
139 779
139 21
139 4
139 49
139 486
139 436
139 125
139 498
139 622
139 575
139 228
139 1377
139 925
139 305
139 430
139 226
139 781
139 1342
139 469
139 572
139 34
139 1267
139 1104
139 588
139 256
139 505
139 594
139 194
139 715
139 1143
139 700
139 516
139 254
139 285
139 1161
139 757
139 1200
139 1021
139 344
139 1011
139 1265
139 163
139 1248
139 1324
139 1199
139 645
139 1244
139 591
139 283
139 701
139 631
139 104
139 1235
139 590
139 340
139 1202
139 900
139 598
139 1046
139 99
139 559
139 156
139 791
139 90
139 1336
139 437
139 358
139 733
139 1283
139 164
139 185
139 1006
139 958
139 592
139 915
139 330
139 257
139 202
139 983
139 101
139 474
139 960
139 30
139 1321
139 214
139 1099
139 109
139 303
139 1190
139 375
139 836
139 355
139 97
139 132
139 649
139 816
139 896
139 1065
139 383
139 1287
139 356
139 450
139 1080
139 321
139 449
139 45
139 554
139 246
139 681
139 803
139 145
139 1261
139 667
139 14
139 1393
139 217
139 578
139 135
139 666
139 68
139 770
139 307
139 945
139 1312
139 27
139 1396
139 142
139 543
139 568
139 1167
139 1196
139 547
139 314
139 397
139 481
139 413
139 61
139 604
139 1183
139 1218
139 1147
139 1365
139 651
139 1383
139 1250
139 117
139 269
139 546
139 33
139 1316
139 75
139 16
139 792
139 415
139 571
139 1208
139 391
139 69
139 381
139 1151
139 1109
139 606
139 447
139 613
139 60
139 901
139 557
139 542
139 1077
139 302
139 1290
139 377
139 190
139 998
139 72
139 620
139 1185
139 758
139 754
139 348
139 309
139 730
139 1343
139 1217
139 1241
139 192
139 1273
139 290
139 580
139 984
139 247
139 511
139 227
139 134
139 1390
139 338
139 432
139 204
139 1282
139 1193
139 1346
139 1295
139 1297
139 691
139 985
139 329
139 417
139 20
139 921
139 426
139 903
139 352
139 1370
139 191
139 332
139 369
139 349
139 1373
139 66
139 628
139 395
139 458
139 155
139 788
139 707
139 1322
139 453
139 292
139 289
139 270
139 24
139 563
139 1246
139 683
139 172
139 493
139 753
139 660
139 373
139 1375
139 1226
139 962
139 401
139 77
139 244
139 1398
139 1389
139 1236
139 5
139 6
139 17
139 13
139 1397
139 203
139 12
139 22
139 218
139 1388
139 1394
139 93
139 1385
139 1314
139 65
139 143
139 67
139 1348
139 71
139 137
139 136
139 1299
139 1347
139 130
139 1301
139 127
139 1302
139 1308
139 223
139 1255
139 118
139 1345
139 1318
139 111
139 107
139 106
139 1325
139 103
139 1328
139 86
139 1330
139 1340
139 98
139 88
139 1293
139 148
139 150
139 153
139 28
139 31
139 1384
139 1266
139 1268
139 1269
139 181
139 180
139 1379
139 178
139 41
139 1275
139 46
139 47
139 1374
139 1280
139 167
139 1369
139 91
139 1284
139 1358
139 1288
139 161
139 160
139 159
139 1357
139 158
139 157
139 154
139 119
139 724
139 1228
139 888
139 544
139 920
139 551
139 555
139 914
139 561
139 906
139 570
139 577
139 579
139 581
139 884
139 538
139 584
139 585
139 586
139 587
139 883
139 881
139 880
139 879
139 877
139 607
139 608
139 940
139 537
139 873
139 982
139 990
139 485
139 488
139 989
139 988
139 499
139 500
139 501
139 502
139 504
139 507
139 981
139 947
139 980
139 978
139 515
139 521
139 969
139 524
139 968
139 965
139 963
139 530
139 532
139 609
139 611
139 231
139 750
139 676
139 677
139 775
139 774
139 682
139 684
139 771
139 768
139 756
139 755
139 752
139 1399
139 674
139 745
139 703
139 738
139 706
139 708
139 736
139 732
139 731
139 726
139 716
139 725
139 776
139 777
139 871
139 641
139 861
139 860
139 835
139 621
139 834
139 833
139 832
139 630
139 632
139 821
139 639
139 644
139 778
139 647
139 648
139 802
139 795
139 793
139 656
139 659
139 790
139 787
139 668
139 670
139 483
139 482
139 480
139 1120
139 1152
139 313
139 1150
139 1149
139 320
139 1140
139 323
139 1127
139 325
139 1121
139 327
139 333
139 1160
139 1108
139 336
139 343
139 1102
139 350
139 351
139 357
139 359
139 361
139 1089
139 366
139 1158
139 301
139 479
139 271
139 235
139 238
139 1210
139 1209
139 1206
139 253
139 255
139 1197
139 264
139 266
139 268
139 273
139 300
139 1189
139 1186
139 278
139 281
139 1181
139 1180
139 1179
139 1178
139 1168
139 295
139 298
139 367
139 368
139 1087
139 1007
139 429
139 1025
139 1022
139 438
139 1016
139 1015
139 1014
139 446
139 1012
139 451
139 455
139 457
139 1086
139 459
139 460
139 461
139 1005
139 995
139 471
139 472
139 475
139 476
139 477
139 478
139 1027
139 1028
139 424
139 422
139 378
139 1085
139 1079
139 385
139 386
139 387
139 389
139 1073
139 394
139 396
139 398
139 399
139 400
139 402
139 405
139 407
139 408
139 412
139 1050
139 1049
139 418
139 419
139 420
139 360
