140 954
140 1038
140 890
140 887
140 922
140 1039
140 31
140 726
140 720
140 1202
140 729
140 497
140 581
140 769
140 870
140 909
140 837
140 51
140 508
140 146
140 605
140 1015
140 195
140 723
140 722
140 95
140 834
140 75
140 885
140 66
140 884
140 725
140 13
140 30
140 329
140 840
140 29
140 1081
140 1012
140 836
140 374
140 862
140 654
140 817
140 256
140 1227
140 1041
140 1042
140 580
140 12
140 727
140 1071
140 762
140 1173
140 423
140 883
140 766
140 839
140 763
140 953
140 833
140 400
140 640
140 1362
140 765
140 1178
140 858
140 938
140 189
140 102
140 874
140 100
140 826
140 412
140 47
140 588
140 1116
140 650
140 662
140 227
140 979
140 563
140 25
140 897
140 993
140 835
140 951
140 530
140 1195
140 852
140 1247
140 896
140 724
140 319
140 92
140 819
140 818
140 1177
140 841
140 721
140 851
140 133
140 1045
140 859
140 1361
140 173
140 1046
140 1170
140 846
140 1146
140 1134
140 1025
140 1037
140 860
140 592
140 1397
140 743
140 1068
140 1130
140 843
140 132
140 522
140 576
140 486
140 424
140 492
140 854
140 741
140 911
140 889
140 1123
140 446
140 767
140 395
140 875
140 176
140 364
140 888
140 971
140 1027
140 10
140 881
140 397
140 997
140 519
140 1363
140 1031
140 1136
140 658
140 728
140 1121
140 820
140 1400
140 1055
140 1311
140 1281
140 1117
140 1320
140 391
140 1145
140 1053
140 864
140 733
140 830
140 1133
140 187
140 257
140 1309
140 756
140 220
140 1380
140 1018
140 886
140 928
140 687
140 1387
140 348
140 462
140 636
140 827
140 131
140 671
140 514
140 867
140 192
140 135
140 1352
140 174
140 935
140 3
140 282
140 1124
140 1285
140 46
140 1175
140 1043
140 525
140 1399
140 955
140 284
140 1171
140 891
140 38
140 838
140 736
140 1382
140 760
140 1172
140 828
140 877
140 517
140 740
140 781
140 58
140 1360
140 871
140 994
140 197
140 1263
140 808
140 1232
140 856
140 761
140 409
140 1114
140 1327
140 513
140 57
140 56
140 242
140 612
140 1059
140 312
140 692
140 1355
140 1231
140 1125
140 76
140 595
140 1035
140 1386
140 1070
140 739
140 250
140 694
140 186
140 11
140 696
140 904
140 972
140 1120
140 970
140 1356
140 823
140 1156
140 1004
140 569
140 1003
140 291
140 165
140 949
140 1058
140 996
140 1034
140 1230
140 566
140 1216
140 421
140 1019
140 652
140 948
140 747
140 680
140 431
140 55
140 1258
140 1371
140 411
140 258
140 139
140 1315
140 370
140 473
140 491
140 1217
140 188
140 1307
140 809
140 310
140 1090
140 1166
140 697
140 1378
140 171
140 1275
140 467
140 1187
140 184
140 45
140 930
140 126
140 99
140 470
140 276
140 655
140 63
140 1381
140 121
140 596
140 35
140 991
140 147
140 335
140 1225
140 39
140 742
140 179
140 1106
140 1292
140 213
140 277
140 232
140 388
140 1036
140 611
140 115
140 1234
140 114
140 873
140 308
140 465
140 558
140 416
140 245
140 1229
140 675
140 1044
140 196
140 62
140 796
140 1294
140 556
140 1244
140 857
140 831
140 1274
140 347
140 495
140 637
140 1165
140 1010
140 346
140 876
140 663
140 248
140 626
140 1262
140 689
140 1319
140 183
140 1198
140 64
140 810
140 435
140 1276
140 545
140 1033
140 1103
140 354
140 1233
140 419
140 794
140 1128
140 443
140 311
140 975
140 1024
140 1335
140 695
140 1303
140 1051
140 907
140 939
140 538
140 1366
140 583
140 19
140 234
140 1306
140 89
140 487
140 908
140 1119
140 805
140 326
140 1132
140 952
140 734
140 1122
140 946
140 78
140 693
140 1074
140 175
140 528
140 1040
140 1349
140 1326
140 54
140 1310
140 536
140 1107
140 1350
140 70
140 498
140 1398
140 1129
140 926
140 967
140 255
140 1111
140 305
140 1135
140 430
140 934
140 226
140 1009
140 304
140 1277
140 1267
140 567
140 169
140 194
140 123
140 653
140 37
140 1076
140 800
140 664
140 1143
140 94
140 673
140 285
140 241
140 822
140 1127
140 732
140 1200
140 205
140 202
140 1021
140 1364
140 1322
140 1082
140 730
140 193
140 1204
140 1011
140 79
140 825
140 1248
140 961
140 573
140 815
140 591
140 1222
140 283
140 138
140 631
140 140
140 1002
140 414
140 672
140 900
140 848
140 262
140 624
140 239
140 222
140 791
140 1157
140 1336
140 74
140 358
140 1067
140 454
140 124
140 1075
140 1283
140 211
140 1006
140 915
140 209
140 574
140 101
140 1092
140 406
140 1062
140 529
140 122
140 109
140 601
140 1201
140 966
140 1184
140 924
140 635
140 773
140 97
140 847
140 1118
140 372
140 633
140 59
140 225
140 383
140 356
140 240
140 1008
140 518
140 894
140 1080
140 321
140 941
140 1064
140 1249
140 456
140 1126
140 215
140 363
140 681
140 1054
140 1261
140 164
140 120
140 772
140 212
140 714
140 807
140 578
140 535
140 688
140 657
140 770
140 1155
140 307
140 869
140 957
140 945
140 1312
140 27
140 690
140 798
140 973
140 603
140 468
140 141
140 427
140 168
140 216
140 296
140 413
140 1183
140 905
140 665
140 1351
140 1365
140 1237
140 1250
140 15
140 1001
140 36
140 1131
140 1139
140 1254
140 1097
140 1191
140 16
140 415
140 496
140 1208
140 1323
140 610
140 1151
140 403
140 1091
140 345
140 1304
140 901
140 557
140 110
140 893
140 1052
140 302
140 937
140 602
140 506
140 1093
140 287
140 263
140 956
140 1185
140 758
140 489
140 1238
140 986
140 309
140 379
140 1239
140 943
140 198
140 1259
140 297
140 783
140 1270
140 1144
140 984
140 247
140 84
140 679
140 112
140 134
140 1390
140 116
140 540
140 1193
140 236
140 259
140 439
140 691
140 1188
140 985
140 814
140 593
140 20
140 1207
140 921
140 426
140 974
140 128
140 464
140 903
140 352
140 1370
140 191
140 1182
140 53
140 804
140 964
140 562
140 332
140 801
140 152
140 369
140 166
140 1000
140 661
140 1264
140 1154
140 334
140 565
140 458
140 155
140 177
140 564
140 206
140 599
140 230
140 1205
140 292
140 294
140 710
140 1056
140 289
140 1224
140 252
140 96
140 1246
140 466
140 44
140 328
140 85
140 1313
140 1235
140 1104
140 484
140 80
140 917
140 992
140 1137
140 452
140 373
140 757
140 1066
140 806
140 811
140 1271
140 1226
140 589
140 1321
140 625
140 704
140 49
140 210
140 185
140 14
140 77
140 1047
140 927
140 88
140 404
140 405
140 93
140 402
140 407
140 87
140 91
140 408
140 90
140 410
140 103
140 401
140 117
140 137
140 136
140 130
140 384
140 129
140 385
140 127
140 386
140 125
140 119
140 387
140 118
140 389
140 390
140 399
140 113
140 111
140 108
140 107
140 106
140 392
140 393
140 105
140 104
140 394
140 98
140 396
140 398
140 86
140 301
140 83
140 17
140 436
140 24
140 437
140 23
140 22
140 438
140 21
140 440
140 441
140 442
140 18
140 444
140 445
140 447
140 28
140 448
140 449
140 450
140 9
140 451
140 8
140 7
140 6
140 5
140 4
140 453
140 2
140 455
140 26
140 32
140 82
140 422
140 81
140 73
140 72
140 417
140 71
140 382
140 69
140 68
140 67
140 65
140 420
140 61
140 60
140 52
140 434
140 50
140 425
140 48
140 428
140 429
140 43
140 42
140 432
140 433
140 41
140 40
140 34
140 33
140 418
140 375
140 381
140 327
140 322
140 261
140 260
140 254
140 253
140 251
140 249
140 246
140 244
140 323
140 324
140 325
140 243
140 238
140 265
140 237
140 235
140 233
140 330
140 231
140 331
140 229
140 228
140 333
140 224
140 336
140 221
140 219
140 264
140 320
140 380
140 274
140 299
140 303
140 298
140 295
140 293
140 290
140 288
140 286
140 281
140 280
140 279
140 278
140 275
140 306
140 266
140 273
140 272
140 271
140 270
140 269
140 268
140 267
140 313
140 314
140 315
140 316
140 317
140 318
140 218
140 217
140 214
140 156
140 362
140 163
140 162
140 365
140 366
140 367
140 368
140 161
140 160
140 159
140 158
140 157
140 371
140 154
140 337
140 153
140 151
140 150
140 300
140 376
140 149
140 377
140 148
140 145
140 144
140 378
140 143
140 142
140 361
140 360
140 359
140 167
140 338
140 208
140 339
140 207
140 204
140 203
140 340
140 201
140 341
140 342
140 343
140 344
140 200
140 199
140 190
140 349
140 350
140 351
140 182
140 181
140 180
140 178
140 353
140 355
140 172
140 357
140 170
140 223
140 700
140 457
140 1113
140 1110
140 1109
140 1108
140 1105
140 1102
140 1101
140 1100
140 1099
140 1098
140 1096
140 1095
140 1094
140 1089
140 1088
140 1087
140 1086
140 1085
140 1084
140 1083
140 1079
140 1078
140 1077
140 1073
140 1072
140 1069
140 1112
140 1115
140 459
140 1138
140 1186
140 1181
140 1180
140 1179
140 1176
140 1174
140 1169
140 1168
140 1167
140 1164
140 1163
140 1162
140 1161
140 1160
140 1159
140 1158
140 1153
140 1152
140 1150
140 1149
140 1148
140 1147
140 1142
140 1141
140 1140
140 1065
140 1063
140 1061
140 1060
140 980
140 978
140 977
140 976
140 969
140 968
140 965
140 963
140 962
140 960
140 959
140 958
140 950
140 947
140 944
140 942
140 940
140 936
140 933
140 932
140 931
140 929
140 925
140 923
140 920
140 981
140 982
140 983
140 1020
140 1057
140 1050
140 1049
140 1048
140 1032
140 1030
140 1029
140 1028
140 1026
140 1023
140 1022
140 1017
140 987
140 1016
140 1014
140 1013
140 1007
140 1005
140 999
140 998
140 995
140 990
140 989
140 988
140 1189
140 1190
140 1192
140 1301
140 1346
140 1345
140 1344
140 1343
140 1342
140 1341
140 1340
140 1339
140 1338
140 1337
140 1334
140 1333
140 1332
140 1331
140 1330
140 1329
140 1328
140 1325
140 1324
140 1318
140 1317
140 1316
140 1314
140 1308
140 1305
140 1347
140 1348
140 1353
140 1379
140 1396
140 1395
140 1394
140 1393
140 1392
140 1391
140 1389
140 1388
140 1385
140 1384
140 1383
140 1377
140 1354
140 1376
140 1375
140 1374
140 1373
140 1372
140 1369
140 1368
140 1367
140 1359
140 1358
140 1357
140 1302
140 1300
140 1194
140 1299
140 1251
140 1245
140 1243
140 1242
140 1241
140 1240
140 1236
140 1228
140 1223
140 1221
140 1220
140 1219
140 1218
140 1215
140 1214
140 1213
140 1212
140 1211
140 1210
140 1209
140 1206
140 1203
140 1199
140 1197
140 1196
140 1252
140 1253
140 1255
140 1284
140 1298
140 1297
140 1296
140 1295
140 1293
140 1291
140 1290
140 1289
140 1288
140 1287
140 1286
140 1282
140 1256
140 1280
140 1279
140 1278
140 1273
140 1272
140 1269
140 1268
140 1266
140 1265
140 1260
140 1257
140 919
140 918
140 916
140 550
140 604
140 600
140 598
140 597
140 594
140 590
140 587
140 586
140 585
140 584
140 582
140 579
140 577
140 575
140 572
140 571
140 570
140 568
140 561
140 560
140 559
140 555
140 554
140 553
140 552
140 606
140 607
140 608
140 628
140 645
140 644
140 643
140 642
140 641
140 639
140 638
140 634
140 632
140 630
140 629
140 627
140 609
140 623
140 622
140 621
140 620
140 619
140 618
140 617
140 616
140 615
140 614
140 613
140 551
140 549
140 647
140 548
140 502
140 501
140 500
140 499
140 494
140 493
140 490
140 488
140 485
140 483
140 482
140 481
140 480
140 479
140 478
140 477
140 476
140 475
140 474
140 472
140 471
140 469
140 463
140 461
140 460
140 503
140 504
140 505
140 531
140 547
140 546
140 544
140 543
140 542
140 541
140 539
140 537
140 534
140 533
140 532
140 527
140 507
140 526
140 524
140 523
140 521
140 520
140 516
140 515
140 512
140 511
140 510
140 509
140 646
140 648
140 914
140 774
140 824
140 821
140 816
140 813
140 812
140 803
140 802
140 799
140 797
140 795
140 793
140 792
140 790
140 789
140 788
140 787
140 786
140 785
140 784
140 782
140 780
140 779
140 778
140 777
140 776
140 829
140 832
140 842
140 879
140 913
140 912
140 910
140 906
140 902
140 899
140 898
140 895
140 892
140 882
140 880
140 878
140 844
140 872
140 868
140 866
140 865
140 863
140 861
140 855
140 853
140 850
140 849
140 845
140 775
140 771
140 649
140 768
140 706
140 705
140 703
140 702
140 701
140 699
140 698
140 686
140 685
140 684
140 683
140 682
140 678
140 677
140 676
140 674
140 670
140 669
140 668
140 667
140 666
140 660
140 659
140 656
140 651
140 707
140 708
140 709
140 745
140 764
140 759
140 755
140 754
140 753
140 752
140 751
140 750
140 749
140 748
140 746
140 744
140 711
140 738
140 737
140 735
140 731
140 719
140 718
140 717
140 716
140 715
140 713
140 712
140 1
