141 843
141 889
141 1043
141 736
141 424
141 851
141 1059
141 930
141 852
141 887
141 890
141 1058
141 735
141 1038
141 953
141 1135
141 885
141 1129
141 1044
141 836
141 1173
141 886
141 1041
141 830
141 826
141 828
141 1172
141 837
141 897
141 1171
141 1387
141 740
141 957
141 498
141 1053
141 935
141 926
141 1123
141 1294
141 1071
141 1070
141 769
141 1117
141 742
141 831
141 412
141 765
141 421
141 741
141 743
141 1214
141 841
141 1137
141 279
141 1175
141 1392
141 1015
141 1177
141 850
141 551
141 392
141 938
141 1056
141 934
141 954
141 840
141 1042
141 570
141 803
141 854
141 1178
141 744
141 647
141 422
141 817
141 739
141 1055
141 1248
141 1126
141 1118
141 1145
141 726
141 1068
141 760
141 13
141 644
141 410
141 853
141 952
141 1398
141 195
141 848
141 955
141 819
141 767
141 258
141 683
141 1039
141 727
141 1130
141 1174
141 762
141 400
141 1037
141 192
141 732
141 936
141 734
141 1134
141 1046
141 428
141 728
141 124
141 1036
141 497
141 30
141 1034
141 1012
141 1067
141 888
141 1119
141 674
141 881
141 231
141 1052
141 733
141 1301
141 12
141 951
141 425
141 1393
141 627
141 273
141 164
141 1108
141 1025
141 1131
141 1054
141 931
141 818
141 1396
141 248
141 28
141 1343
141 1138
141 981
141 1360
141 155
141 870
141 133
141 988
141 34
141 639
141 106
141 1051
141 321
141 205
141 454
141 29
141 494
141 1029
141 6
141 764
141 847
141 1361
141 191
141 26
141 898
141 729
141 581
141 1105
141 1363
141 31
141 435
141 1397
141 1149
141 154
141 1276
141 925
141 763
141 1032
141 901
141 51
141 1359
141 1251
141 336
141 5
141 117
141 544
141 311
141 1104
141 761
141 580
141 641
141 928
141 823
141 1019
141 1399
141 160
141 989
141 224
141 1259
141 682
141 211
141 1322
141 1116
141 66
141 900
141 1331
141 1370
141 592
141 849
141 801
141 1170
141 670
141 304
141 306
141 260
141 420
141 131
141 1185
141 839
141 825
141 1198
141 334
141 571
141 929
141 25
141 802
141 384
141 146
141 965
141 1389
141 390
141 601
141 397
141 821
141 655
141 922
141 127
141 1311
141 227
141 467
141 1228
141 468
141 642
141 526
141 93
141 1346
141 1045
141 874
141 233
141 1280
141 320
141 462
141 553
141 95
141 287
141 326
141 19
141 894
141 1121
141 1192
141 476
141 465
141 419
141 867
141 310
141 1060
141 161
141 966
141 292
141 829
141 1112
141 289
141 72
141 701
141 869
141 307
141 793
141 8
141 360
141 924
141 902
141 339
141 1127
141 941
141 121
141 1352
141 530
141 1023
141 1342
141 1017
141 545
141 1146
141 483
141 707
141 535
141 1309
141 814
141 1245
141 521
141 666
141 797
141 514
141 956
141 676
141 932
141 255
141 75
141 563
141 680
141 47
141 1285
141 1383
141 827
141 1224
141 720
141 62
141 1241
141 783
141 704
141 254
141 1057
141 1263
141 906
141 329
141 1083
141 439
141 184
141 277
141 188
141 792
141 433
141 609
141 883
141 276
141 616
141 500
141 730
141 291
141 766
141 414
141 1300
141 301
141 1091
141 970
141 327
141 753
141 14
141 1085
141 56
141 794
141 1375
141 1100
141 499
141 1302
141 1157
141 179
141 1078
141 569
141 268
141 1124
141 1194
141 634
141 662
141 1293
141 197
141 1065
141 189
141 1320
141 1136
141 92
141 675
141 478
141 612
141 1027
141 1081
141 667
141 648
141 1107
141 983
141 878
141 1246
141 538
141 1272
141 251
141 1073
141 1061
141 896
141 186
141 1244
141 572
141 265
141 1193
141 824
141 1013
141 215
141 768
141 479
141 440
141 475
141 939
141 822
141 798
141 1182
141 611
141 820
141 1024
141 1016
141 1400
141 111
141 232
141 533
141 1240
141 264
141 645
141 654
141 891
141 180
141 4
141 222
141 750
141 122
141 625
141 442
141 54
141 1391
141 1382
141 864
141 1362
141 860
141 221
141 1030
141 1327
141 714
141 724
141 1243
141 144
141 477
141 288
141 98
141 1133
141 96
141 664
141 969
141 712
141 857
141 927
141 1018
141 142
141 200
141 73
141 782
141 1176
141 1310
141 668
141 917
141 300
141 1109
141 1005
141 992
141 880
141 541
141 135
141 305
141 1267
141 356
141 940
141 950
141 234
141 182
141 537
141 528
141 632
141 909
141 1122
141 809
141 788
141 978
141 78
141 669
141 230
141 944
141 1229
141 441
141 323
141 1063
141 1304
141 330
141 257
141 715
141 877
141 187
141 403
141 459
141 1288
141 1227
141 1197
141 69
141 559
141 660
141 262
141 1086
141 640
141 201
141 394
141 871
141 603
141 1298
141 457
141 540
141 1050
141 1211
141 784
141 677
141 1069
141 808
141 565
141 452
141 196
141 17
141 481
141 673
141 351
141 1022
141 833
141 638
141 858
141 1232
141 1132
141 57
141 239
141 600
141 550
141 16
141 1187
141 903
141 842
141 1377
141 876
141 515
141 259
141 757
141 606
141 613
141 1035
141 754
141 445
141 49
141 1148
141 937
141 159
141 777
141 495
141 149
141 246
141 322
141 458
141 1165
141 686
141 1339
141 633
141 1337
141 1336
141 1210
141 787
141 266
141 835
141 409
141 1312
141 1084
141 513
141 856
141 1031
141 23
141 651
141 678
141 1258
141 1002
141 884
141 738
141 1249
141 1275
141 1114
141 104
141 1390
141 99
141 863
141 284
141 318
141 772
141 319
141 596
141 167
141 1072
141 125
141 552
141 90
141 391
141 832
141 393
141 963
141 1212
141 1207
141 810
141 1202
141 859
141 496
141 661
141 1208
141 371
141 380
141 1373
141 547
141 719
141 1125
141 725
141 855
141 381
141 349
141 1365
141 105
141 1205
141 448
141 933
141 1218
141 317
141 446
141 622
141 710
141 971
141 108
141 375
141 1179
141 1164
141 1087
141 174
141 1077
141 348
141 1347
141 1181
141 1274
141 696
141 489
141 341
141 685
141 404
141 1166
141 63
141 731
141 379
141 1319
141 844
141 1128
141 1379
141 297
141 39
141 157
141 1026
141 1200
141 118
141 1020
141 916
141 1242
141 749
141 373
141 705
141 365
141 308
141 1236
141 1
141 60
141 1356
141 165
141 907
141 947
141 602
141 408
141 977
141 985
141 1201
141 1281
141 1297
141 846
141 1303
141 990
141 652
141 698
141 590
141 1225
141 202
141 267
141 702
141 374
141 134
141 511
141 1217
141 1006
141 679
141 527
141 225
141 38
141 1209
141 1368
141 1369
141 593
141 1089
141 204
141 147
141 722
141 1321
141 107
141 464
141 460
141 1376
141 703
141 2
141 576
141 1184
141 461
141 522
141 1253
141 228
141 796
141 185
141 325
141 332
141 364
141 737
141 152
141 350
141 658
141 589
141 1079
141 386
141 987
141 1291
141 582
141 1169
141 11
141 663
141 472
141 401
141 486
141 22
141 24
141 629
141 1233
141 635
141 1186
141 599
141 781
141 27
141 67
141 617
141 586
141 1260
141 721
141 1221
141 1380
141 1189
141 1235
141 363
141 299
141 87
141 100
141 585
141 665
141 1330
141 61
141 416
141 688
141 473
141 1254
141 81
141 274
141 1074
141 7
141 427
141 9
141 158
141 1167
141 35
141 1257
141 278
141 447
141 168
141 86
141 506
141 1374
141 630
141 653
141 1238
141 208
141 309
141 529
141 1206
141 1040
141 1394
141 811
141 1092
141 1273
141 1271
141 247
141 193
141 366
141 112
141 103
141 872
141 961
141 912
141 1219
141 1222
141 1047
141 982
141 20
141 786
141 128
141 1366
141 588
141 1255
141 352
141 212
141 115
141 562
141 980
141 369
141 315
141 32
141 272
141 342
141 656
141 59
141 1088
141 518
141 575
141 561
141 229
141 1261
141 1082
141 44
141 328
141 1199
141 172
141 493
141 1277
141 1296
141 101
141 110
141 962
141 132
141 94
141 717
141 82
141 1147
141 1265
141 1269
141 1270
141 194
141 190
141 1266
141 219
141 218
141 1268
141 220
141 199
141 1264
141 198
141 217
141 210
141 216
141 1256
141 214
141 1262
141 709
141 213
141 203
141 223
141 206
141 207
141 209
141 708
141 1231
141 770
141 285
141 775
141 1215
141 269
141 270
141 271
141 1213
141 275
141 699
141 1204
141 280
141 281
141 282
141 283
141 1203
141 286
141 706
141 697
141 1196
141 290
141 1195
141 1191
141 293
141 294
141 295
141 296
141 1190
141 298
141 1188
141 302
141 303
141 1216
141 774
141 263
141 1220
141 226
141 1252
141 771
141 1250
141 1247
141 1239
141 1237
141 235
141 236
141 237
141 238
141 240
141 241
141 242
141 243
141 244
141 245
141 1234
141 249
141 250
141 1278
141 252
141 253
141 1230
141 1226
141 256
141 773
141 1223
141 261
141 759
141 799
141 183
141 1279
141 70
141 1345
141 68
141 1348
141 65
141 64
141 1349
141 1350
141 752
141 58
141 1351
141 1353
141 55
141 1354
141 53
141 71
141 1344
141 1341
141 84
141 1334
141 91
141 1335
141 89
141 88
141 85
141 83
141 74
141 80
141 79
141 1338
141 77
141 76
141 1340
141 52
141 1355
141 50
141 1384
141 21
141 747
141 18
141 1378
141 15
141 1381
141 1385
141 1371
141 10
141 1386
141 1388
141 1395
141 3
141 746
141 1372
141 748
141 751
141 41
141 48
141 1357
141 46
141 45
141 43
141 42
141 40
141 723
141 1358
141 37
141 36
141 1364
141 33
141 1367
141 1333
141 1332
141 97
141 153
141 1287
141 1289
141 1290
141 156
141 1292
141 1295
141 151
141 163
141 776
141 148
141 713
141 756
141 145
141 1299
141 162
141 1286
141 755
141 175
141 181
141 711
141 1282
141 178
141 177
141 176
141 1283
141 758
141 173
141 171
141 170
141 169
141 1284
141 166
141 143
141 141
141 1329
141 109
141 119
141 1317
141 1318
141 116
141 114
141 113
141 1323
141 1316
141 718
141 1324
141 1325
141 1326
141 102
141 1328
141 120
141 1315
141 140
141 1306
141 139
141 138
141 137
141 136
141 1305
141 716
141 1307
141 123
141 130
141 129
141 1308
141 126
141 1313
141 1314
141 150
141 335
141 1183
141 960
141 948
141 949
141 549
141 548
141 958
141 546
141 959
141 543
141 1180
141 542
141 539
141 964
141 967
141 536
141 968
141 534
141 785
141 946
141 554
141 555
141 919
141 920
141 921
141 923
141 568
141 567
141 566
141 942
141 564
141 943
141 560
141 945
141 558
141 557
141 556
141 972
141 532
141 531
141 508
141 505
141 504
141 503
141 502
141 501
141 984
141 779
141 986
141 778
141 991
141 492
141 491
141 490
141 993
141 488
141 507
141 509
141 973
141 510
141 974
141 681
141 975
141 525
141 524
141 523
141 976
141 520
141 519
141 517
141 516
141 780
141 979
141 512
141 684
141 573
141 574
141 577
141 672
141 643
141 862
141 865
141 866
141 868
141 637
141 636
141 873
141 875
141 879
141 631
141 628
141 882
141 626
141 892
141 861
141 646
141 623
141 845
141 804
141 805
141 806
141 807
141 812
141 813
141 659
141 657
141 815
141 816
141 671
141 834
141 650
141 649
141 838
141 624
141 893
141 578
141 791
141 598
141 597
141 913
141 595
141 594
141 790
141 914
141 591
141 789
141 587
141 584
141 583
141 915
141 918
141 579
141 911
141 910
141 621
141 604
141 620
141 619
141 618
141 895
141 615
141 614
141 899
141 904
141 905
141 610
141 795
141 608
141 607
141 908
141 605
141 487
141 485
141 484
141 693
141 372
141 1115
141 370
141 368
141 367
141 1120
141 745
141 362
141 361
141 1139
141 359
141 358
141 357
141 1140
141 355
141 1113
141 1111
141 353
141 376
141 1098
141 1099
141 1101
141 389
141 388
141 387
141 385
141 1102
141 383
141 382
141 1103
141 1106
141 1110
141 378
141 377
141 354
141 1141
141 1096
141 1153
141 1155
141 695
141 324
141 1156
141 1158
141 1159
141 1160
141 1161
141 1162
141 1163
141 316
141 314
141 313
141 312
141 1168
141 1154
141 1152
141 1142
141 331
141 1143
141 347
141 346
141 345
141 344
141 343
141 1144
141 340
141 338
141 337
141 1150
141 800
141 1151
141 333
141 694
141 1097
141 395
141 994
141 463
141 690
141 1007
141 1008
141 1009
141 456
141 455
141 1010
141 453
141 1011
141 451
141 450
141 449
141 1014
141 1021
141 1028
141 689
141 687
141 443
141 1004
141 482
141 995
141 480
141 996
141 997
141 998
141 999
141 1000
141 474
141 471
141 470
141 469
141 1001
141 1003
141 466
141 444
141 1033
141 396
141 418
141 415
141 413
141 411
141 691
141 1090
141 692
141 407
141 406
141 405
141 1093
141 402
141 1094
141 399
141 398
141 1095
141 417
141 1080
141 1048
141 1076
141 438
141 437
141 436
141 1049
141 434
141 1062
141 432
141 431
141 430
141 429
141 1064
141 426
141 1066
141 423
141 1075
141 700
