142 954
142 887
142 827
142 1136
142 741
142 769
142 1125
142 1134
142 1135
142 1042
142 890
142 885
142 922
142 953
142 1039
142 1071
142 1009
142 897
142 841
142 1201
142 535
142 765
142 1175
142 1068
142 763
142 1038
142 851
142 854
142 870
142 955
142 889
142 1173
142 1123
142 852
142 740
142 1171
142 839
142 843
142 508
142 146
142 1301
142 743
142 301
142 848
142 1067
142 531
142 712
142 1081
142 935
142 374
142 1133
142 1172
142 847
142 817
142 1145
142 760
142 1219
142 1106
142 993
142 665
142 1227
142 1126
142 720
142 581
142 263
142 156
142 928
142 31
142 341
142 224
142 345
142 1129
142 512
142 400
142 188
142 1202
142 1178
142 1373
142 1034
142 173
142 810
142 938
142 1002
142 1093
142 729
142 66
142 189
142 179
142 826
142 412
142 588
142 1070
142 1116
142 891
142 227
142 329
142 1051
142 662
142 127
142 934
142 683
142 837
142 136
142 174
142 530
142 742
142 95
142 29
142 497
142 1247
142 319
142 804
142 819
142 927
142 1132
142 818
142 952
142 1177
142 853
142 522
142 133
142 1118
142 1045
142 669
142 846
142 1046
142 235
142 726
142 13
142 1146
142 209
142 727
142 1327
142 1025
142 1244
142 926
142 1037
142 30
142 592
142 1397
142 195
142 766
142 1012
142 836
142 1217
142 576
142 990
142 1048
142 424
142 492
142 1015
142 751
142 580
142 164
142 767
142 452
142 986
142 1040
142 176
142 414
142 364
142 711
142 888
142 971
142 1027
142 10
142 881
142 397
142 929
142 234
142 519
142 1041
142 1031
142 874
142 858
142 1238
142 357
142 850
142 1082
142 1121
142 297
142 820
142 1117
142 1400
142 1055
142 924
142 75
142 1311
142 739
142 1281
142 731
142 391
142 1053
142 575
142 864
142 1362
142 733
142 830
142 187
142 1376
142 886
142 456
142 257
142 563
142 1018
142 77
142 687
142 1387
142 348
142 462
142 53
142 636
142 722
142 131
142 671
142 514
142 867
142 192
142 135
142 1352
142 1122
142 603
142 3
142 282
142 909
142 1124
142 1285
142 1043
142 525
142 1399
142 859
142 38
142 838
142 736
142 1382
142 605
142 828
142 279
142 877
142 918
142 762
142 1263
142 58
142 871
142 994
142 197
142 808
142 1232
142 761
142 833
142 409
142 1114
142 513
142 57
142 132
142 56
142 242
142 612
142 1059
142 312
142 692
142 1355
142 1231
142 76
142 595
142 1386
142 250
142 694
142 186
142 11
142 423
142 696
142 904
142 972
142 979
142 970
142 1356
142 823
142 1156
142 1004
142 569
142 1003
142 291
142 165
142 949
142 1058
142 996
142 1230
142 566
142 1216
142 421
142 1019
142 652
142 948
142 680
142 431
142 55
142 1066
142 1258
142 840
142 1147
142 1371
142 411
142 258
142 139
142 1315
142 370
142 473
142 491
142 936
142 1307
142 809
142 310
142 1090
142 1166
142 697
142 1378
142 1275
142 486
142 467
142 1187
142 930
142 126
142 99
142 470
142 276
142 655
142 63
142 1381
142 121
142 596
142 272
142 35
142 991
142 147
142 335
142 1225
142 39
142 1292
142 144
142 213
142 277
142 232
142 388
142 1036
142 611
142 115
142 1234
142 721
142 114
142 308
142 465
142 558
142 416
142 245
142 883
142 725
142 1229
142 675
142 1044
142 723
142 196
142 62
142 556
142 857
142 831
142 1274
142 347
142 495
142 637
142 1165
142 1010
142 346
142 876
142 663
142 248
142 626
142 844
142 1262
142 689
142 759
142 1319
142 183
142 1195
142 1198
142 64
142 764
142 435
142 1276
142 545
142 1033
142 1103
142 354
142 1233
142 419
142 794
142 1128
142 443
142 311
142 975
142 1335
142 695
142 1303
142 907
142 939
142 538
142 1366
142 583
142 19
142 1306
142 89
142 487
142 1119
142 805
142 326
142 734
142 946
142 149
142 693
142 1074
142 175
142 528
142 1349
142 1326
142 54
142 1310
142 536
142 1107
142 1350
142 70
142 51
142 498
142 1398
142 25
142 967
142 255
142 1111
142 305
142 430
142 226
142 1130
142 304
142 1277
142 1267
142 567
142 169
142 194
142 123
142 653
142 37
142 1076
142 800
142 664
142 1143
142 94
142 673
142 285
142 241
142 822
142 1127
142 732
142 1200
142 205
142 1021
142 1364
142 658
142 1322
142 730
142 193
142 1204
142 1011
142 79
142 825
142 650
142 1248
142 961
142 573
142 815
142 591
142 1222
142 283
142 138
142 631
142 140
142 672
142 900
142 262
142 624
142 239
142 222
142 791
142 1157
142 1336
142 74
142 997
142 358
142 454
142 124
142 1075
142 1283
142 211
142 1006
142 1380
142 915
142 574
142 433
142 100
142 101
142 1092
142 406
142 1062
142 529
142 122
142 109
142 654
142 601
142 966
142 1184
142 635
142 773
142 97
142 372
142 633
142 59
142 225
142 383
142 356
142 240
142 1008
142 518
142 1309
142 894
142 1080
142 321
142 941
142 1064
142 1249
142 215
142 363
142 681
142 1054
142 1261
142 120
142 772
142 212
142 714
142 807
142 578
142 688
142 657
142 770
142 1155
142 307
142 869
142 957
142 945
142 1312
142 27
142 690
142 798
142 973
142 468
142 141
142 640
142 427
142 168
142 216
142 296
142 413
142 1183
142 905
142 1351
142 1365
142 1237
142 1250
142 15
142 1001
142 36
142 1131
142 1139
142 1254
142 1097
142 1191
142 16
142 415
142 496
142 1208
142 1323
142 610
142 1151
142 403
142 1091
142 1304
142 901
142 557
142 110
142 893
142 1052
142 302
142 937
142 602
142 506
142 287
142 956
142 1185
142 758
142 489
142 309
142 379
142 1239
142 943
142 198
142 1259
142 783
142 1270
142 1144
142 984
142 247
142 84
142 679
142 112
142 134
142 1390
142 116
142 540
142 1193
142 236
142 259
142 439
142 691
142 1188
142 985
142 814
142 593
142 220
142 20
142 1207
142 921
142 426
142 974
142 128
142 464
142 903
142 352
142 1370
142 191
142 1182
142 964
142 562
142 332
142 801
142 152
142 369
142 166
142 1000
142 661
142 1264
142 1154
142 334
142 565
142 458
142 155
142 177
142 564
142 781
142 206
142 599
142 230
142 856
142 1205
142 292
142 294
142 710
142 1056
142 289
142 1224
142 252
142 96
142 1246
142 466
142 44
142 328
142 85
142 1313
142 1235
142 1104
142 484
142 80
142 917
142 992
142 92
142 1137
142 373
142 757
142 806
142 811
142 1271
142 1226
142 589
142 1321
142 625
142 704
142 49
142 210
142 185
142 14
142 1047
142 167
142 389
142 407
142 408
142 172
142 410
142 83
142 171
142 170
142 69
142 182
142 82
142 201
142 86
142 163
142 162
142 161
142 9
142 8
142 160
142 202
142 159
142 178
142 200
142 405
142 181
142 180
142 184
142 394
142 395
142 396
142 78
142 190
142 393
142 73
142 392
142 81
142 87
142 399
142 12
142 401
142 402
142 72
142 390
142 404
142 71
142 199
142 398
142 420
142 417
142 450
142 129
142 125
142 98
142 440
142 441
142 442
142 119
142 444
142 445
142 446
142 447
142 448
142 449
142 118
142 158
142 451
142 117
142 113
142 453
142 111
142 108
142 107
142 106
142 105
142 104
142 103
142 455
142 102
142 438
142 130
142 2
142 437
142 418
142 157
142 88
142 387
142 154
142 7
142 153
142 422
142 151
142 6
142 150
142 5
142 425
142 148
142 145
142 4
142 428
142 143
142 429
142 90
142 91
142 432
142 434
142 93
142 142
142 137
142 436
142 203
142 313
142 204
142 330
142 284
142 281
142 280
142 278
142 275
142 333
142 274
142 273
142 271
142 336
142 270
142 337
142 269
142 338
142 339
142 340
142 268
142 40
142 267
142 18
142 266
142 41
142 342
142 265
142 264
142 343
142 42
142 331
142 286
142 45
142 288
142 315
142 316
142 317
142 22
142 318
142 23
142 21
142 24
142 26
142 320
142 306
142 322
142 323
142 324
142 325
142 303
142 28
142 327
142 300
142 299
142 298
142 32
142 33
142 34
142 295
142 293
142 290
142 43
142 46
142 386
142 368
142 231
142 371
142 229
142 228
142 223
142 60
142 375
142 376
142 61
142 377
142 221
142 219
142 218
142 378
142 217
142 65
142 380
142 214
142 381
142 67
142 208
142 68
142 382
142 314
142 207
142 384
142 385
142 233
142 367
142 344
142 366
142 261
142 47
142 260
142 48
142 349
142 350
142 351
142 353
142 50
142 256
142 355
142 254
142 253
142 251
142 52
142 249
142 17
142 246
142 244
142 359
142 360
142 361
142 243
142 362
142 238
142 237
142 365
142 457
142 700
142 459
142 1120
142 1113
142 1112
142 1110
142 1109
142 1108
142 1105
142 1102
142 1101
142 1100
142 1099
142 1098
142 1096
142 1095
142 1094
142 1089
142 1088
142 1087
142 1086
142 1085
142 1084
142 1083
142 1079
142 1078
142 1077
142 1073
142 1115
142 1138
142 919
142 1140
142 1189
142 1186
142 1181
142 1180
142 1179
142 1176
142 1174
142 1170
142 1169
142 1168
142 1167
142 1164
142 1163
142 1162
142 1161
142 1160
142 1159
142 1158
142 1153
142 1152
142 1150
142 1149
142 1148
142 1142
142 1141
142 1072
142 1069
142 1065
142 1063
142 982
142 981
142 980
142 978
142 977
142 976
142 969
142 968
142 965
142 963
142 962
142 960
142 959
142 958
142 951
142 950
142 947
142 944
142 942
142 940
142 933
142 932
142 931
142 925
142 923
142 983
142 987
142 988
142 1024
142 1061
142 1060
142 1057
142 1050
142 1049
142 1035
142 1032
142 1030
142 1029
142 1028
142 1026
142 1023
142 989
142 1022
142 1020
142 1017
142 1016
142 1014
142 1013
142 1007
142 1005
142 999
142 998
142 995
142 1190
142 1192
142 1194
142 1305
142 1347
142 1346
142 1345
142 1344
142 1343
142 1342
142 1341
142 1340
142 1339
142 1338
142 1337
142 1334
142 1333
142 1332
142 1331
142 1330
142 1329
142 1328
142 1325
142 1324
142 1320
142 1318
142 1317
142 1316
142 1314
142 1348
142 1353
142 1354
142 1379
142 1396
142 1395
142 1394
142 1393
142 1392
142 1391
142 1389
142 1388
142 1385
142 1384
142 1383
142 1377
142 1357
142 1375
142 1374
142 1372
142 1369
142 1368
142 1367
142 1363
142 1361
142 1360
142 1359
142 1358
142 1308
142 1302
142 1196
142 1300
142 1253
142 1252
142 1251
142 1245
142 1243
142 1242
142 1241
142 1240
142 1236
142 1228
142 1223
142 1221
142 1220
142 1218
142 1215
142 1214
142 1213
142 1212
142 1211
142 1210
142 1209
142 1206
142 1203
142 1199
142 1197
142 1255
142 1256
142 1257
142 1287
142 1299
142 1298
142 1297
142 1296
142 1295
142 1294
142 1293
142 1291
142 1290
142 1289
142 1288
142 1286
142 1260
142 1284
142 1282
142 1280
142 1279
142 1278
142 1273
142 1272
142 1269
142 1268
142 1266
142 1265
142 920
142 916
142 460
142 613
142 608
142 607
142 606
142 604
142 600
142 598
142 597
142 594
142 590
142 587
142 586
142 585
142 584
142 582
142 579
142 577
142 572
142 571
142 570
142 568
142 561
142 560
142 559
142 555
142 554
142 609
142 614
142 914
142 615
142 649
142 648
142 647
142 646
142 645
142 644
142 643
142 642
142 641
142 639
142 638
142 634
142 632
142 630
142 629
142 628
142 627
142 623
142 622
142 621
142 620
142 619
142 618
142 617
142 616
142 553
142 552
142 551
142 550
142 503
142 502
142 501
142 500
142 499
142 494
142 493
142 490
142 488
142 485
142 483
142 482
142 481
142 480
142 479
142 478
142 477
142 476
142 475
142 474
142 472
142 471
142 469
142 463
142 461
142 504
142 505
142 507
142 533
142 549
142 548
142 547
142 546
142 544
142 543
142 542
142 541
142 539
142 537
142 534
142 532
142 509
142 527
142 526
142 524
142 523
142 521
142 520
142 517
142 516
142 515
142 511
142 510
142 651
142 656
142 659
142 784
142 849
142 845
142 842
142 835
142 834
142 832
142 829
142 824
142 821
142 816
142 813
142 812
142 803
142 802
142 799
142 797
142 796
142 795
142 793
142 792
142 790
142 789
142 788
142 787
142 786
142 855
142 860
142 861
142 892
142 913
142 912
142 911
142 910
142 908
142 906
142 902
142 899
142 898
142 896
142 895
142 884
142 862
142 882
142 880
142 879
142 878
142 875
142 873
142 872
142 868
142 866
142 865
142 863
142 785
142 782
142 660
142 780
142 716
142 715
142 713
142 709
142 708
142 707
142 706
142 705
142 703
142 702
142 701
142 699
142 698
142 686
142 685
142 684
142 682
142 678
142 677
142 676
142 674
142 670
142 668
142 667
142 666
142 717
142 718
142 719
142 753
142 779
142 778
142 777
142 776
142 775
142 774
142 771
142 768
142 756
142 755
142 754
142 752
142 724
142 750
142 749
142 748
142 747
142 746
142 745
142 744
142 738
142 737
142 735
142 728
142 1
