143 930
143 1043
143 953
143 1129
143 1171
143 1044
143 1071
143 1070
143 826
143 765
143 887
143 885
143 890
143 843
143 889
143 498
143 1068
143 851
143 1145
143 1135
143 954
143 1123
143 1042
143 1294
143 421
143 897
143 852
143 828
143 741
143 1041
143 841
143 581
143 1137
143 848
143 1133
143 1051
143 1174
143 195
143 1118
143 435
143 831
143 1360
143 763
143 938
143 412
143 1053
143 1039
143 1059
143 124
143 1134
143 854
143 1138
143 1173
143 1352
143 248
143 769
143 830
143 1172
143 1067
143 1130
143 935
143 192
143 1038
143 761
143 934
143 736
143 1117
143 839
143 853
143 740
143 743
143 886
143 1052
143 1108
143 279
143 926
143 1126
143 400
143 847
143 1037
143 952
143 955
143 1149
143 850
143 1036
143 1116
143 467
143 30
143 849
143 1132
143 922
143 231
143 1214
143 1301
143 1119
143 802
143 234
143 1393
143 273
143 1124
143 837
143 397
143 19
143 232
143 1193
143 326
143 729
143 931
143 739
143 1015
143 197
143 803
143 1192
143 1034
143 56
143 1259
143 291
143 870
143 988
143 106
143 817
143 188
143 981
143 1304
143 1281
143 1185
143 1121
143 742
143 1046
143 494
143 495
143 891
143 592
143 1227
143 468
143 760
143 1029
143 1073
143 764
143 497
143 1382
143 174
143 720
143 898
143 1105
143 31
143 179
143 20
143 428
143 1397
143 154
143 1002
143 122
143 348
143 11
143 336
143 117
143 936
143 1387
143 410
143 424
143 1178
143 1392
143 1055
143 823
143 262
143 1197
143 1175
143 846
143 414
143 808
143 292
143 662
143 727
143 1109
143 25
143 734
143 1311
143 66
143 1356
143 1058
143 57
143 814
143 164
143 580
143 809
143 767
143 131
143 766
143 329
143 1302
143 929
143 1031
143 384
143 322
143 540
143 537
143 6
143 1081
143 909
143 1224
143 680
143 1114
143 611
143 373
143 62
143 75
143 951
143 956
143 1310
143 233
143 664
143 1184
143 320
143 553
143 95
143 196
143 992
143 29
143 528
143 654
143 305
143 1125
143 54
143 840
143 161
143 801
143 1370
143 829
143 1112
143 819
143 477
143 876
143 304
143 1326
143 38
143 818
143 703
143 1177
143 360
143 927
143 1248
143 133
143 833
143 928
143 733
143 714
143 1045
143 34
143 115
143 535
143 458
143 1182
143 726
143 379
143 13
143 1146
143 1276
143 1261
143 416
143 27
143 135
143 1025
143 1054
143 457
143 137
143 257
143 14
143 99
143 300
143 652
143 255
143 310
143 1040
143 159
143 810
143 1012
143 836
143 258
143 17
143 541
143 993
143 452
143 282
143 28
143 989
143 254
143 277
143 1254
143 1307
143 957
143 906
143 966
143 1083
143 492
143 1222
143 603
143 201
143 609
143 1355
143 616
143 96
143 349
143 194
143 486
143 225
143 403
143 146
143 530
143 1143
143 459
143 753
143 1363
143 1085
143 744
143 754
143 704
143 972
143 1336
143 728
143 441
143 970
143 319
143 1235
143 506
143 499
143 73
143 1131
143 94
143 176
143 1078
143 660
143 551
143 191
143 173
143 987
143 637
143 155
143 1303
143 76
143 1104
143 1364
143 473
143 888
143 1238
143 1057
143 478
143 971
143 1027
143 10
143 881
143 370
143 205
143 545
143 730
143 907
143 983
143 1194
143 878
143 1198
143 1368
143 251
143 307
143 1061
143 565
143 1312
143 364
143 247
143 121
143 1277
143 519
143 883
143 721
143 663
143 265
143 805
143 35
143 1322
143 900
143 917
143 903
143 937
143 1013
143 1200
143 874
143 696
143 858
143 479
143 259
143 475
143 822
143 723
143 1244
143 266
143 1371
143 147
143 456
143 1136
143 1233
143 599
143 1359
143 92
143 820
143 1400
143 1309
143 737
143 111
143 350
143 264
143 544
143 183
143 939
143 180
143 4
143 1245
143 391
143 758
143 750
143 496
143 202
143 1208
143 1166
143 1391
143 864
143 1362
143 1327
143 187
143 562
143 1243
143 306
143 1006
143 375
143 1179
143 563
143 1229
143 98
143 1074
143 982
143 1331
143 1375
143 969
143 567
143 659
143 1018
143 142
143 844
143 990
143 675
143 433
143 687
143 462
143 489
143 661
143 47
143 1373
143 636
143 722
143 1005
143 671
143 514
143 1366
143 867
143 193
143 87
143 220
143 625
143 1263
143 1207
143 1240
143 297
143 182
143 3
143 1242
143 127
143 653
143 476
143 807
143 1122
143 688
143 1285
143 978
143 1205
143 525
143 79
143 669
143 1399
143 944
143 710
143 859
143 321
143 323
143 158
143 1063
143 838
143 330
143 941
143 605
143 190
143 877
143 762
143 985
143 160
143 69
143 559
143 1086
143 58
143 640
143 570
143 447
143 869
143 394
143 871
143 1298
143 268
143 508
143 425
143 994
143 1056
143 1050
143 1211
143 784
143 961
143 44
143 1232
143 738
143 554
143 286
143 8
143 16
143 89
143 351
143 415
143 409
143 12
143 522
143 1246
143 513
143 242
143 612
143 312
143 692
143 1231
143 641
143 1151
143 1091
143 732
143 665
143 1047
143 595
143 815
143 1386
143 454
143 1377
143 250
143 694
143 186
143 774
143 798
143 423
143 1383
143 515
143 24
143 904
143 1082
143 979
143 1030
143 924
143 189
143 172
143 872
143 97
143 1156
143 1004
143 569
143 1003
143 165
143 949
143 996
143 445
143 1230
143 1148
143 777
143 566
143 1342
143 1216
143 149
143 1019
143 198
143 246
143 948
143 209
143 1064
143 260
143 431
143 55
143 363
143 1321
143 401
143 1258
143 1210
143 411
143 144
143 59
143 139
143 1084
143 1315
143 950
143 491
143 23
143 651
143 236
143 1090
143 518
143 1396
143 894
143 697
143 1378
143 309
143 1275
143 395
143 1187
143 104
143 101
143 126
143 470
143 185
143 276
143 655
143 318
143 63
143 1381
143 974
143 342
143 596
143 167
143 991
143 181
143 1247
143 335
143 216
143 1225
143 125
143 112
143 552
143 39
143 90
143 639
143 832
143 393
143 963
143 1212
143 1106
143 827
143 1202
143 1292
143 213
143 804
143 388
143 1234
143 380
143 114
143 49
143 308
143 465
143 558
143 572
143 1088
143 166
143 270
143 245
143 725
143 151
143 855
143 381
143 128
143 448
143 676
143 1265
143 556
143 317
143 446
143 622
143 857
143 108
143 1274
143 229
143 352
143 347
143 1165
143 1010
143 346
143 1087
143 1077
143 626
143 682
143 1181
143 1262
143 689
143 1201
143 1319
143 1195
143 781
143 64
143 404
143 873
143 627
143 369
143 576
143 1033
143 1103
143 1218
143 899
143 5
143 354
143 731
143 419
143 794
143 1128
143 443
143 311
143 1305
143 975
143 1335
143 695
143 157
143 1026
143 892
143 588
143 701
143 110
143 118
143 579
143 916
143 538
143 735
143 583
143 396
143 667
143 365
143 1236
143 1306
143 487
143 1144
143 947
143 408
143 597
143 977
143 946
143 1297
143 230
143 693
143 244
143 175
143 590
143 130
143 119
143 1349
143 267
143 1318
143 536
143 1107
143 940
143 1350
143 965
143 70
143 644
143 51
143 1398
143 65
143 967
143 527
143 1111
143 430
143 226
143 1009
143 584
143 1209
143 1267
143 449
143 1369
143 169
143 724
143 861
143 93
143 1159
143 328
143 123
143 1388
143 480
143 145
143 132
143 37
143 1076
143 800
143 757
143 1066
143 107
143 217
143 1288
143 811
143 460
143 68
143 1376
143 673
143 589
143 461
143 1253
143 285
143 228
143 241
143 148
143 325
143 785
143 1127
143 1032
143 706
143 1021
143 658
143 1079
143 72
143 1204
143 327
143 1011
143 825
143 386
143 650
143 573
143 582
143 591
143 283
143 138
143 631
143 140
143 472
143 672
143 685
143 624
143 22
143 648
143 280
143 629
143 239
143 222
143 791
143 1157
143 1186
143 1147
143 74
143 997
143 666
143 606
143 358
143 67
143 1075
143 1283
143 617
143 422
143 211
143 586
143 1260
143 1221
143 1280
143 1380
143 1189
143 915
143 1153
143 574
143 77
143 634
143 792
143 677
143 368
143 367
143 299
143 100
143 585
143 1092
143 406
143 61
143 1062
143 529
143 109
143 521
143 787
143 374
143 81
143 601
143 274
143 635
143 773
143 150
143 523
143 290
143 372
143 633
143 1257
143 383
143 356
143 240
143 1008
143 278
143 1295
143 1080
143 942
143 390
143 1115
143 86
143 1249
143 215
143 919
143 555
143 1374
143 630
143 417
143 681
143 1389
143 120
143 772
143 371
143 212
143 578
143 208
143 657
143 770
143 1155
143 865
143 1098
143 1206
143 945
143 1394
143 690
143 973
143 442
143 1273
143 141
143 427
143 488
143 168
143 366
143 296
143 413
143 103
143 1183
143 905
143 756
143 1351
143 1361
143 1365
143 1237
143 1250
143 912
143 1219
143 15
143 1339
143 1001
143 36
143 645
143 1139
143 1097
143 1191
143 1024
143 542
143 786
143 1213
143 1323
143 610
143 1255
143 718
143 1251
143 1320
143 345
143 788
143 1289
143 434
143 901
143 557
143 790
143 893
143 1344
143 980
143 799
143 302
143 78
143 824
143 602
143 32
143 1093
143 287
143 1330
143 263
143 986
143 782
143 1239
143 943
143 656
143 783
143 1270
143 984
143 84
143 679
143 227
143 134
143 1390
143 933
143 116
143 156
143 439
143 691
143 1188
143 575
143 561
143 1035
143 593
143 921
143 426
143 464
143 712
143 1199
143 53
143 964
143 332
143 152
143 1000
143 493
143 1264
143 1154
143 334
143 1296
143 177
143 564
143 1268
143 206
143 1347
143 856
143 315
143 294
143 289
143 252
143 962
143 466
143 85
143 1313
143 484
143 80
143 717
143 82
143 806
143 1271
143 1226
143 210
143 136
143 284
143 71
143 60
143 281
143 143
143 2
143 275
143 288
143 41
143 272
143 203
143 26
143 45
143 238
143 237
143 199
143 200
143 235
143 33
143 88
143 113
143 224
143 153
143 43
143 223
143 221
143 204
143 219
143 218
143 207
143 42
143 40
143 214
143 46
143 243
143 184
143 249
143 102
143 271
143 269
143 52
143 50
143 7
143 162
143 163
143 261
143 48
143 105
143 9
143 170
143 256
143 171
143 253
143 91
143 18
143 21
143 83
143 178
143 129
143 700
143 293
143 778
143 1022
143 1020
143 1017
143 1016
143 1014
143 1007
143 999
143 998
143 995
143 976
143 968
143 960
143 959
143 958
143 932
143 1023
143 1028
143 1048
143 1096
143 1113
143 1110
143 1102
143 1101
143 1100
143 1099
143 1095
143 1049
143 1094
143 1089
143 1072
143 1069
143 1065
143 1060
143 925
143 923
143 920
143 813
143 845
143 842
143 835
143 834
143 821
143 816
143 812
143 862
143 797
143 796
143 795
143 793
143 789
143 780
143 860
143 863
143 918
143 896
143 914
143 913
143 911
143 910
143 908
143 902
143 895
143 866
143 884
143 882
143 880
143 879
143 875
143 868
143 1120
143 1140
143 1141
143 1324
143 1334
143 1333
143 1332
143 1329
143 1328
143 1325
143 1317
143 1338
143 1316
143 1314
143 1308
143 1300
143 1299
143 1293
143 1337
143 1340
143 1290
143 1358
143 1395
143 1385
143 1384
143 1379
143 1372
143 1367
143 1357
143 1341
143 1354
143 1353
143 1348
143 1346
143 1345
143 1343
143 1291
143 1287
143 1142
143 1164
143 1180
143 1176
143 1170
143 1169
143 1168
143 1167
143 1163
143 1196
143 1162
143 1161
143 1160
143 1158
143 1152
143 1150
143 1190
143 1203
143 1286
143 1266
143 1284
143 1282
143 1279
143 1278
143 1272
143 1269
143 1256
143 1215
143 1252
143 1241
143 1228
143 1223
143 1220
143 1217
143 779
143 776
143 295
143 775
143 471
143 469
143 463
143 455
143 453
143 451
143 450
143 444
143 440
143 438
143 437
143 436
143 432
143 429
143 420
143 474
143 481
143 482
143 505
143 516
143 512
143 511
143 510
143 509
143 507
143 504
143 483
143 503
143 502
143 501
143 500
143 490
143 485
143 418
143 407
143 405
143 331
143 341
143 340
143 339
143 338
143 337
143 333
143 324
143 344
143 316
143 314
143 313
143 303
143 301
143 298
143 343
143 353
143 402
143 382
143 399
143 398
143 392
143 389
143 387
143 385
143 378
143 355
143 377
143 376
143 362
143 361
143 359
143 357
143 517
143 520
143 524
143 684
143 707
143 705
143 702
143 699
143 698
143 686
143 683
143 709
143 678
143 674
143 670
143 668
143 649
143 647
143 708
143 711
143 643
143 749
143 771
143 768
143 759
143 755
143 752
143 751
143 748
143 713
143 747
143 746
143 745
143 719
143 716
143 715
143 646
143 642
143 526
143 547
143 571
143 568
143 560
143 550
143 549
143 548
143 546
143 587
143 543
143 539
143 534
143 533
143 532
143 531
143 577
143 594
143 638
143 618
143 632
143 628
143 623
143 621
143 620
143 619
143 615
143 598
143 614
143 613
143 608
143 607
143 604
143 600
143 1
