144 1045
144 763
144 955
144 839
144 840
144 838
144 1363
144 1126
144 846
144 1046
144 1340
144 854
144 1022
144 891
144 730
144 1178
144 1176
144 1051
144 841
144 847
144 1039
144 740
144 954
144 1258
144 1171
144 1225
144 1130
144 1034
144 1234
144 856
144 544
144 642
144 848
144 1054
144 1400
144 641
144 428
144 56
144 680
144 1116
144 842
144 666
144 928
144 876
144 786
144 74
144 272
144 855
144 690
144 746
144 926
144 194
144 1382
144 1024
144 659
144 743
144 800
144 261
144 565
144 1124
144 1117
144 629
144 1134
144 1233
144 1183
144 1175
144 1177
144 1053
144 646
144 1142
144 937
144 382
144 337
144 563
144 256
144 514
144 801
144 53
144 822
144 699
144 996
144 175
144 25
144 1145
144 1037
144 661
144 55
144 754
144 566
144 844
144 787
144 1357
144 421
144 1381
144 199
144 236
144 491
144 168
144 742
144 112
144 1232
144 480
144 522
144 198
144 70
144 784
144 1125
144 1123
144 605
144 45
144 736
144 1146
144 42
144 733
144 454
144 647
144 564
144 1359
144 221
144 57
144 1386
144 370
144 810
144 528
144 176
144 1118
144 827
144 1071
144 845
144 266
144 1021
144 785
144 128
144 888
144 912
144 1154
144 640
144 211
144 765
144 1361
144 1360
144 1121
144 37
144 812
144 435
144 147
144 1231
144 1187
144 187
144 550
144 1156
144 1136
144 1042
144 1133
144 556
144 110
144 894
144 533
144 1105
144 140
144 1283
144 764
144 1131
144 381
144 116
144 206
144 76
144 941
144 1155
144 1084
144 567
144 347
144 1104
144 1310
144 1336
144 483
144 72
144 852
144 450
144 59
144 953
144 982
144 1004
144 186
144 1277
144 105
144 1351
144 635
144 741
144 1397
144 1198
144 94
144 573
144 1100
144 71
144 980
144 974
144 637
144 943
144 978
144 387
144 247
144 788
144 545
144 1074
144 689
144 213
144 977
144 1081
144 44
144 952
144 89
144 456
144 189
144 443
144 441
144 385
144 883
144 776
144 772
144 1115
144 1307
144 783
144 551
144 124
144 15
144 900
144 1068
144 411
144 78
144 283
144 422
144 1055
144 956
144 83
144 1268
144 397
144 907
144 1119
144 440
144 815
144 1239
144 325
144 829
144 1002
144 467
144 1264
144 657
144 1293
144 973
144 773
144 686
144 1262
144 789
144 406
144 1066
144 139
144 102
144 997
144 546
144 188
144 653
144 157
144 58
144 353
144 1159
144 1038
144 808
144 1069
144 384
144 1184
144 1256
144 1006
144 1235
144 843
144 158
144 1149
144 123
144 1103
144 1191
144 596
144 23
144 889
144 277
144 1158
144 652
144 1078
144 1292
144 1012
144 196
144 1137
144 539
144 1254
144 473
144 865
144 179
144 47
144 284
144 781
144 1173
144 1326
144 310
144 601
144 831
144 735
144 722
144 173
144 520
144 505
144 1114
144 672
144 282
144 1215
144 851
144 352
144 354
144 749
144 62
144 1106
144 1304
144 84
144 1067
144 626
144 525
144 369
144 1281
144 366
144 160
144 946
144 761
144 492
144 452
144 762
144 240
144 1132
144 685
144 241
144 1062
144 348
144 644
144 1301
144 1364
144 612
144 1147
144 1108
144 171
144 1333
144 592
144 1309
144 936
144 192
144 1325
144 893
144 1199
144 423
144 1253
144 11
144 508
144 1122
144 993
144 380
144 392
144 303
144 991
144 372
144 144
144 1252
144 1063
144 183
144 1120
144 798
144 390
144 707
144 979
144 823
144 1135
144 43
144 1271
144 87
144 971
144 10
144 1044
144 1204
144 994
144 948
144 1246
144 79
144 245
144 628
144 1274
144 482
144 465
144 1249
144 519
144 1366
144 170
144 1201
144 1398
144 896
144 1319
144 1128
144 588
144 29
144 583
144 1025
144 967
144 962
144 135
144 307
144 364
144 853
144 721
144 902
144 1288
144 1284
144 228
144 1267
144 569
144 987
144 14
144 373
144 1311
144 1227
144 1033
144 892
144 54
144 122
144 1216
144 207
144 498
144 141
144 976
144 403
144 1107
144 698
144 630
144 720
144 271
144 413
144 39
144 1061
144 5
144 424
144 265
144 1205
144 458
144 905
144 398
144 311
144 24
144 1222
144 118
144 319
144 712
144 576
144 1052
144 795
144 582
144 1180
144 306
144 296
144 963
144 270
144 36
144 752
144 1139
144 1064
144 1226
144 964
144 193
144 1321
144 267
144 426
144 130
144 737
144 239
144 985
144 225
144 351
144 607
144 1031
144 687
144 80
144 826
144 792
144 864
144 232
144 751
144 304
144 688
144 1179
144 636
144 711
144 1248
144 97
144 268
144 1152
144 874
144 671
144 849
144 252
144 625
144 1352
144 729
144 899
144 927
144 174
144 681
144 1303
144 1153
144 3
144 1020
144 898
144 1300
144 695
144 289
144 782
144 857
144 802
144 1285
144 975
144 947
144 1059
144 138
144 966
144 38
144 1295
144 560
144 1367
144 675
144 799
144 780
144 1082
144 113
144 932
144 464
144 317
144 1313
144 507
144 1075
144 1385
144 356
144 180
144 518
144 333
144 1047
144 197
144 167
144 33
144 77
144 69
144 850
144 202
144 212
144 166
144 1242
144 410
144 662
144 1337
144 357
144 1261
144 504
144 409
144 1127
144 340
144 805
144 816
144 1138
144 297
144 513
144 52
144 242
144 312
144 692
144 1050
144 1355
144 1278
144 133
144 345
144 945
144 561
144 1182
144 595
144 27
144 146
144 238
144 412
144 1070
144 1390
144 557
144 250
144 694
144 349
144 165
144 1193
144 1305
144 696
144 904
144 972
144 602
144 727
144 1289
144 1209
144 970
144 578
144 1356
144 416
144 1214
144 542
144 917
144 665
144 759
144 1003
144 1224
144 957
144 291
144 1395
144 375
144 949
144 523
144 1230
144 938
144 885
144 623
144 362
144 262
144 704
144 1259
144 209
144 415
144 1040
144 259
144 951
144 1370
144 431
144 216
144 830
144 119
144 1092
144 1098
144 1263
144 419
144 1371
144 814
144 1399
144 1151
144 258
144 257
144 574
144 1315
144 343
144 910
144 1290
144 911
144 624
144 870
144 1001
144 809
144 667
144 1090
144 344
144 1166
144 386
144 697
144 1378
144 75
144 875
144 145
144 549
144 126
144 470
144 276
144 655
144 294
144 149
144 1353
144 610
144 63
144 713
144 121
144 329
144 332
144 438
144 35
144 1269
144 335
144 185
144 572
144 1339
144 760
144 233
144 818
144 388
144 503
144 821
144 1089
144 115
144 1221
144 114
144 531
144 101
144 308
144 1000
144 558
144 679
144 758
144 858
144 489
144 1229
144 134
144 1079
144 723
144 705
144 1056
144 1112
144 599
144 495
144 1272
144 1041
144 1165
144 1010
144 346
144 663
144 593
144 151
144 608
144 248
144 20
144 164
144 1344
144 1384
144 136
144 269
144 709
144 1195
144 64
144 163
144 1247
144 1276
144 794
144 716
144 922
144 744
144 1335
144 50
144 292
144 220
144 1028
144 669
144 395
144 939
144 494
144 19
144 234
144 1306
144 487
144 903
144 61
144 326
144 244
144 150
144 804
144 959
144 693
144 887
144 1392
144 293
144 862
144 1349
144 1375
144 330
144 68
144 536
144 1350
144 553
144 756
144 334
144 21
144 224
144 92
144 1129
144 609
144 278
144 338
144 872
144 1111
144 305
144 430
144 934
144 226
144 710
144 512
144 481
144 1009
144 645
144 169
144 837
144 775
144 433
144 1076
144 664
144 96
144 1143
144 767
144 929
144 895
144 1144
144 521
144 673
144 418
144 285
144 1240
144 1383
144 85
144 1027
144 734
144 1200
144 205
144 1368
144 407
144 255
144 1011
144 650
144 961
144 204
144 866
144 591
144 125
144 631
144 813
144 414
144 41
144 1035
144 1110
144 280
144 1377
144 434
144 811
144 401
144 222
144 791
144 1157
144 469
144 541
144 316
144 358
144 2
144 554
144 1294
144 915
144 442
144 1314
144 575
144 210
144 998
144 315
144 757
144 516
144 1328
144 1282
144 825
144 529
144 109
144 654
144 674
144 890
144 1015
144 1099
144 91
144 217
144 924
144 511
144 581
144 683
144 633
144 884
144 643
144 1329
144 867
144 1017
144 493
144 383
144 1372
144 538
144 1265
144 1008
144 1342
144 327
144 1297
144 1005
144 1080
144 321
144 1327
144 127
144 249
144 215
144 363
144 881
144 472
144 873
144 120
144 714
144 807
144 535
144 1169
144 1388
144 770
144 1312
144 766
144 603
144 897
144 488
144 468
144 279
144 427
144 579
144 1167
144 725
144 1291
144 1164
144 73
144 585
144 1365
144 377
144 1237
144 190
144 1250
144 627
144 300
144 90
144 639
144 1097
144 425
144 16
144 496
144 34
144 1208
144 1323
144 726
144 391
144 432
144 908
144 1091
144 989
144 901
144 1109
144 613
144 638
144 1
144 446
144 302
144 1380
144 506
144 1093
144 287
144 263
144 836
144 990
144 17
144 1181
144 1185
144 100
144 131
144 8
144 1238
144 132
144 986
144 309
144 379
144 777
144 1270
144 796
144 984
144 1018
144 227
144 540
144 365
144 420
144 1043
144 439
144 691
144 1188
144 1072
144 1219
144 942
144 1172
144 919
144 1207
144 921
144 371
144 1251
144 191
144 562
144 152
144 1194
144 717
144 51
144 1160
144 649
144 1391
144 1279
144 614
144 455
144 155
144 177
144 1213
144 230
144 1088
144 1019
144 486
144 466
144 328
144 9
144 820
144 484
144 992
144 753
144 660
144 806
144 548
144 859
144 589
144 797
144 49
144 417
144 1113
144 1094
144 1163
144 1168
144 1174
144 1087
144 1170
144 142
144 143
144 1162
144 137
144 1095
144 1161
144 129
144 1096
144 1150
144 1101
144 1102
144 1148
144 148
144 1140
144 1141
144 451
144 1086
144 1085
144 181
144 182
144 1016
144 184
144 1014
144 1013
144 1007
144 999
144 995
144 988
144 195
144 983
144 981
144 969
144 200
144 201
144 968
144 203
144 965
144 178
144 1023
144 1026
144 1065
144 1083
144 153
144 154
144 156
144 1077
144 1073
144 159
144 162
144 1060
144 1029
144 1058
144 1057
144 1049
144 1048
144 1036
144 1032
144 172
144 1030
144 161
144 103
144 1186
144 1331
144 32
144 1347
144 1346
144 1345
144 1343
144 1341
144 1338
144 1334
144 40
144 1332
144 1330
144 1298
144 1324
144 1322
144 46
144 1320
144 48
144 1318
144 1317
144 1316
144 1308
144 1302
144 31
144 30
144 1348
144 28
144 1396
144 1394
144 4
144 1393
144 6
144 7
144 1389
144 12
144 13
144 1387
144 1379
144 18
144 1376
144 1374
144 1373
144 22
144 1369
144 1362
144 1358
144 26
144 1354
144 1299
144 1296
144 117
144 958
144 1217
144 1212
144 93
144 1211
144 95
144 1210
144 98
144 99
144 1206
144 1203
144 104
144 1287
144 1202
144 106
144 107
144 108
144 1197
144 1196
144 111
144 1192
144 1190
144 1189
144 1218
144 88
144 86
144 1220
144 60
144 1286
144 1280
144 1275
144 65
144 66
144 67
144 1273
144 1266
144 1260
144 1257
144 1255
144 1245
144 1244
144 1243
144 1241
144 1236
144 81
144 82
144 1228
144 1223
144 960
144 916
144 950
144 374
144 361
144 600
144 598
144 597
144 594
144 367
144 368
144 590
144 587
144 586
144 584
144 359
144 376
144 580
144 378
144 577
144 571
144 570
144 568
144 559
144 555
144 552
144 360
144 604
144 670
144 632
144 668
144 658
144 656
144 336
144 651
144 339
144 648
144 341
144 342
144 634
144 622
144 606
144 621
144 620
144 619
144 618
144 350
144 617
144 616
144 615
144 355
144 611
144 389
144 547
144 543
144 462
144 485
144 479
144 478
144 477
144 476
144 429
144 475
144 474
144 471
144 463
144 436
144 393
144 437
144 461
144 460
144 459
144 457
144 444
144 445
144 447
144 448
144 449
144 490
144 497
144 499
144 500
144 394
144 537
144 396
144 534
144 532
144 399
144 400
144 530
144 402
144 527
144 404
144 405
144 526
144 524
144 408
144 517
144 515
144 510
144 509
144 502
144 501
144 331
144 676
144 208
144 860
144 879
144 878
144 877
144 243
144 871
144 869
144 246
144 868
144 863
144 861
144 251
144 882
144 253
144 254
144 835
144 834
144 833
144 832
144 260
144 828
144 824
144 264
144 880
144 237
144 677
144 923
144 944
144 940
144 935
144 933
144 214
144 931
144 930
144 925
144 218
144 219
144 920
144 886
144 223
144 918
144 453
144 914
144 229
144 231
144 913
144 909
144 906
144 235
144 819
144 817
144 803
144 314
144 301
144 731
144 728
144 724
144 719
144 718
144 715
144 708
144 706
144 313
144 703
144 793
144 702
144 701
144 318
144 320
144 684
144 322
144 323
144 324
144 682
144 678
144 732
144 299
144 298
144 738
144 273
144 274
144 275
144 790
144 779
144 778
144 774
144 281
144 771
144 769
144 768
144 755
144 286
144 288
144 290
144 750
144 748
144 747
144 745
144 295
144 739
144 700
