145 1045
145 1051
145 839
145 763
145 838
145 1118
145 1126
145 1046
145 827
145 641
145 1048
145 928
145 1171
145 1121
145 1130
145 1176
145 1310
145 1116
145 955
145 866
145 956
145 121
145 411
145 520
145 566
145 891
145 19
145 454
145 435
145 801
145 1066
145 1145
145 851
145 932
145 1119
145 1117
145 1024
145 765
145 1178
145 676
145 1191
145 1359
145 567
145 1074
145 186
145 823
145 1177
145 1363
145 1104
145 1081
145 950
145 954
145 647
145 347
145 134
145 852
145 441
145 1123
145 1013
145 1044
145 926
145 863
145 1022
145 1263
145 176
145 1091
145 635
145 1146
145 251
145 195
145 847
145 826
145 605
145 841
145 689
145 744
145 1214
145 791
145 467
145 809
145 894
145 27
145 124
145 829
145 1015
145 936
145 380
145 277
145 912
145 403
145 169
145 642
145 1361
145 206
145 846
145 812
145 427
145 761
145 1068
145 1062
145 1120
145 1381
145 484
145 1175
145 295
145 533
145 522
145 470
145 644
145 974
145 1122
145 14
145 52
145 743
145 663
145 422
145 291
145 1075
145 786
145 953
145 211
145 1021
145 30
145 830
145 96
145 821
145 1258
145 1070
145 930
145 282
145 1234
145 1272
145 1050
145 731
145 1031
145 47
145 1269
145 329
145 370
145 573
145 629
145 294
145 673
145 951
145 753
145 428
145 769
145 391
145 35
145 226
145 888
145 1039
145 971
145 1336
145 897
145 261
145 136
145 810
145 194
145 382
145 739
145 787
145 473
145 915
145 1307
145 1298
145 1281
145 733
145 330
145 1106
145 525
145 197
145 1256
145 1055
145 569
145 92
145 1192
145 685
145 1186
145 1196
145 1355
145 58
145 831
145 363
145 1012
145 1209
145 670
145 1372
145 17
145 991
145 1076
145 284
145 884
145 42
145 254
145 384
145 789
145 1137
145 735
145 1264
145 906
145 720
145 1054
145 688
145 1156
145 766
145 1105
145 556
145 1069
145 730
145 856
145 1360
145 372
145 1396
145 527
145 784
145 844
145 390
145 1382
145 675
145 845
145 541
145 421
145 432
145 179
145 346
145 202
145 25
145 762
145 973
145 57
145 388
145 564
145 173
145 1216
145 1395
145 736
145 1159
145 1392
145 892
145 247
145 785
145 1107
145 907
145 544
145 788
145 627
145 69
145 293
145 1078
145 1112
145 271
145 1132
145 56
145 289
145 854
145 423
145 822
145 1158
145 754
145 443
145 659
145 1020
145 487
145 848
145 1174
145 781
145 728
145 1302
145 229
145 1204
145 824
145 1067
145 1133
145 929
145 207
145 557
145 234
145 624
145 10
145 334
145 514
145 1352
145 1151
145 1187
145 1283
145 927
145 116
145 548
145 1084
145 986
145 572
145 122
145 1398
145 15
145 924
145 896
145 149
145 1232
145 636
145 205
145 686
145 242
145 183
145 1211
145 808
145 961
145 273
145 174
145 483
145 878
145 680
145 947
145 225
145 232
145 196
145 8
145 552
145 250
145 1384
145 740
145 1198
145 857
145 305
145 1018
145 592
145 1064
145 2
145 1259
145 1233
145 631
145 204
145 1230
145 272
145 1227
145 152
145 233
145 1222
145 1311
145 123
145 1309
145 212
145 931
145 63
145 245
145 665
145 1185
145 1053
145 188
145 1231
145 1213
145 836
145 1033
145 648
145 855
145 776
145 498
145 171
145 1333
145 710
145 1371
145 519
145 1285
145 1228
145 137
145 168
145 1058
145 182
145 115
145 760
145 595
145 396
145 687
145 455
145 1161
145 818
145 397
145 1057
145 690
145 1293
145 192
145 310
145 1290
145 800
145 167
145 1237
145 1351
145 825
145 496
145 714
145 101
145 26
145 453
145 1324
145 1340
145 703
145 579
145 729
145 876
145 227
145 1059
145 438
145 1038
145 1124
145 360
145 1331
145 189
145 593
145 504
145 94
145 790
145 843
145 903
145 425
145 820
145 802
145 1321
145 992
145 616
145 23
145 1049
145 917
145 409
145 501
145 89
145 433
145 993
145 1356
145 965
145 539
145 574
145 722
145 979
145 1047
145 664
145 79
145 842
145 792
145 919
145 1173
145 638
145 1225
145 105
145 248
145 1040
145 37
145 304
145 1195
145 11
145 292
145 230
145 193
145 497
145 1061
145 1378
145 1138
145 1042
145 700
145 634
145 964
145 1004
145 1011
145 1257
145 257
145 1019
145 1115
145 187
145 1056
145 1319
145 1182
145 51
145 381
145 462
145 103
145 805
145 1127
145 494
145 565
145 540
145 704
145 1103
145 12
145 1380
145 492
145 418
145 431
145 1248
145 1199
145 1224
145 1205
145 798
145 521
145 609
145 1207
145 1390
145 20
145 952
145 921
145 904
145 997
145 1000
145 1229
145 162
145 269
145 598
145 772
145 283
145 479
145 317
145 1082
145 694
145 131
145 99
145 1125
145 1154
145 536
145 53
145 811
145 583
145 1172
145 191
145 1071
145 1270
145 125
145 661
145 262
145 1014
145 1089
145 601
145 614
145 752
145 1135
145 413
145 1262
145 1144
145 464
145 97
145 354
145 1028
145 132
145 589
145 709
145 1150
145 114
145 296
145 1292
145 806
145 1339
145 265
145 1271
145 681
145 154
145 198
145 660
145 558
145 657
145 1
145 996
145 1097
145 975
145 252
145 814
145 1166
145 223
145 241
145 74
145 442
145 621
145 1165
145 646
145 1006
145 833
145 364
145 468
145 1136
145 332
145 794
145 568
145 321
145 1025
145 1295
145 622
145 1338
145 1183
145 1249
145 946
145 922
145 889
145 503
145 29
145 1002
145 147
145 723
145 530
145 458
145 392
145 1277
145 493
145 1110
145 158
145 68
145 36
145 935
145 1391
145 344
145 584
145 1374
145 1313
145 319
145 677
145 712
145 1289
145 984
145 1153
145 563
145 84
145 959
145 1329
145 819
145 853
145 767
145 864
145 751
145 887
145 1008
145 338
145 1260
145 518
145 75
145 1274
145 773
145 553
145 937
145 671
145 1080
145 1314
145 213
145 816
145 1303
145 469
145 200
145 1400
145 721
145 1254
145 239
145 3
145 1218
145 967
145 695
145 127
145 613
145 628
145 235
145 1364
145 70
145 184
145 445
145 708
145 309
145 1155
145 307
145 452
145 38
145 297
145 404
145 86
145 881
145 999
145 1385
145 502
145 978
145 302
145 813
145 256
145 815
145 1098
145 508
145 395
145 1337
145 994
145 966
145 222
145 783
145 73
145 850
145 486
145 858
145 164
145 807
145 515
145 1114
145 49
145 16
145 135
145 286
145 513
145 1072
145 110
145 612
145 339
145 1317
145 312
145 692
145 1043
145 640
145 1362
145 610
145 5
145 221
145 923
145 662
145 1188
145 76
145 666
145 1386
145 345
145 509
145 1332
145 1134
145 942
145 734
145 236
145 1220
145 696
145 562
145 1157
145 972
145 1212
145 1334
145 899
145 1320
145 970
145 590
145 531
145 287
145 1253
145 759
145 1003
145 333
145 375
145 949
145 920
145 1131
145 460
145 938
145 885
145 1139
145 349
145 434
145 140
145 867
145 652
145 948
145 668
145 451
145 109
145 55
145 373
145 444
145 210
145 343
145 741
145 258
145 1304
145 1092
145 139
145 983
145 679
145 1315
145 901
145 327
145 112
145 491
145 651
145 599
145 1294
145 1261
145 524
145 1179
145 1090
145 1052
145 697
145 902
145 600
145 145
145 439
145 126
145 185
145 276
145 331
145 82
145 655
145 758
145 1102
145 861
145 220
145 1083
145 1210
145 1167
145 335
145 632
145 379
145 39
145 156
145 868
145 216
145 401
145 203
145 840
145 1034
145 1377
145 1300
145 34
145 706
145 308
145 465
145 170
145 1147
145 1235
145 369
145 62
145 259
145 1223
145 764
145 440
145 985
145 780
145 742
145 495
145 582
145 637
145 1010
145 361
145 1094
145 626
145 41
145 1247
145 160
145 476
145 64
145 683
145 1276
145 545
145 1027
145 860
145 22
145 342
145 151
145 960
145 874
145 311
145 278
145 1335
145 313
145 1100
145 1101
145 80
145 701
145 1221
145 588
145 549
145 1108
145 939
145 1366
145 1032
145 1160
145 367
145 898
145 1369
145 1266
145 1306
145 299
145 1060
145 1095
145 869
145 416
145 326
145 987
145 150
145 1397
145 693
145 50
145 410
145 596
145 1023
145 175
145 528
145 895
145 883
145 1197
145 1349
145 1140
145 1326
145 54
145 678
145 224
145 667
145 1350
145 280
145 1236
145 532
145 1141
145 505
145 1129
145 500
145 447
145 1111
145 1284
145 430
145 934
145 1009
145 1267
145 1162
145 78
145 653
145 1181
145 873
145 1143
145 1016
145 517
145 208
145 1007
145 715
145 1206
145 1308
145 285
145 199
145 165
145 1200
145 142
145 353
145 40
145 650
145 107
145 371
145 1017
145 591
145 133
145 138
145 414
145 672
145 1163
145 900
145 119
145 1226
145 146
145 358
145 1251
145 231
145 911
145 828
145 849
145 606
145 1242
145 209
145 725
145 406
145 803
145 674
145 377
145 1388
145 529
145 654
145 756
145 43
145 72
145 623
145 1201
145 617
145 1184
145 918
145 547
145 633
145 59
145 1215
145 383
145 1005
145 356
145 511
145 240
145 420
145 249
145 576
145 941
145 456
145 713
145 215
145 645
145 799
145 120
145 13
145 727
145 578
145 535
145 1341
145 770
145 1164
145 957
145 945
145 1312
145 1036
145 108
145 603
145 141
145 28
145 749
145 33
145 962
145 905
145 698
145 1365
145 1250
145 1001
145 1394
145 1202
145 274
145 415
145 1208
145 1128
145 1323
145 246
145 916
145 620
145 1265
145 893
145 658
145 976
145 602
145 506
145 1093
145 417
145 263
145 489
145 719
145 1238
145 253
145 348
145 1239
145 943
145 1383
145 571
145 1193
145 691
145 1325
145 357
145 315
145 300
145 426
145 128
145 682
145 352
145 908
145 1370
145 804
145 1343
145 1328
145 166
145 1330
145 24
145 459
145 649
145 155
145 177
145 219
145 1244
145 1342
145 1268
145 933
145 717
145 837
145 129
145 1246
145 466
145 44
145 328
145 85
145 244
145 757
145 859
145 625
145 77
145 323
145 771
145 104
145 448
145 106
145 1087
145 446
145 910
145 534
145 111
145 102
145 113
145 1086
145 537
145 768
145 117
145 118
145 449
145 1344
145 538
145 91
145 777
145 450
145 909
145 87
145 88
145 775
145 90
145 774
145 100
145 93
145 1348
145 95
145 1347
145 1346
145 98
145 1345
145 1142
145 914
145 913
145 746
145 144
145 551
145 419
145 748
145 148
145 1322
145 747
145 745
145 550
145 153
145 1318
145 1073
145 738
145 157
145 737
145 159
145 143
145 424
145 778
145 1149
145 1085
145 437
145 436
145 542
145 543
145 1148
145 130
145 1327
145 750
145 1152
145 755
145 925
145 1079
145 429
145 546
145 1077
145 83
145 779
145 81
145 872
145 1379
145 478
145 870
145 1376
145 1375
145 477
145 871
145 31
145 21
145 32
145 1099
145 475
145 1373
145 817
145 474
145 875
145 865
145 1113
145 499
145 1393
145 485
145 4
145 835
145 6
145 7
145 490
145 9
145 834
145 480
145 1389
145 482
145 481
145 1387
145 832
145 862
145 18
145 877
145 879
145 161
145 461
145 1357
145 793
145 65
145 66
145 67
145 890
145 1354
145 71
145 61
145 516
145 457
145 523
145 782
145 526
145 1088
145 1353
145 795
145 60
145 880
145 507
145 472
145 471
145 45
145 46
145 1368
145 48
145 882
145 1367
145 1096
145 510
145 512
145 886
145 463
145 797
145 796
145 1358
145 940
145 554
145 322
145 163
145 264
145 1245
145 266
145 267
145 268
145 359
145 270
145 1243
145 355
145 1241
145 351
145 275
145 989
145 1240
145 990
145 279
145 350
145 581
145 580
145 362
145 1190
145 488
145 1255
145 1035
145 982
145 374
145 575
145 1252
145 988
145 260
145 368
145 577
145 255
145 656
145 366
145 365
145 1194
145 281
145 1030
145 585
145 608
145 306
145 1203
145 619
145 618
145 597
145 615
145 611
145 314
145 1217
145 604
145 316
145 607
145 318
145 325
145 320
145 324
145 594
145 303
145 643
145 1029
145 586
145 995
145 639
145 288
145 998
145 290
145 587
145 341
145 336
145 630
145 1219
145 340
145 298
145 1026
145 337
145 301
145 243
145 981
145 669
145 1296
145 718
145 560
145 1301
145 716
145 1299
145 1297
145 190
145 400
145 724
145 399
145 1291
145 711
145 1288
145 1287
145 1286
145 398
145 402
145 181
145 201
145 408
145 732
145 412
145 555
145 1316
145 1065
145 944
145 1063
145 172
145 180
145 407
145 405
145 726
145 559
145 1168
145 178
145 1305
145 1169
145 958
145 376
145 386
145 969
145 1275
145 684
145 1273
145 228
145 389
145 387
145 385
145 963
145 570
145 977
145 1189
145 378
145 237
145 238
145 980
145 968
145 1180
145 707
145 702
145 1282
145 1280
145 1279
145 1278
145 1170
145 561
145 705
145 1399
145 1037
145 699
145 214
145 394
145 393
145 217
145 218
145 1041
145 1109
