146 1045
146 955
146 840
146 854
146 641
146 763
146 1175
146 730
146 1130
146 839
146 838
146 1176
146 1178
146 1046
146 1363
146 1146
146 223
146 891
146 1359
146 1258
146 1307
146 932
146 733
146 234
146 1126
146 567
146 566
146 1022
146 888
146 1134
146 1081
146 1137
146 928
146 926
146 801
146 186
146 1177
146 482
146 1118
146 841
146 1106
146 740
146 689
146 1119
146 1104
146 1068
146 1116
146 242
146 1120
146 635
146 232
146 564
146 1311
146 1285
146 687
146 1132
146 56
146 953
146 883
146 1021
146 1074
146 467
146 176
146 846
146 1121
146 522
146 954
146 605
146 680
146 847
146 894
146 1117
146 802
146 382
146 1034
146 936
146 1229
146 347
146 741
146 1078
146 1310
146 1051
146 492
146 1171
146 14
146 831
146 1145
146 1012
146 284
146 38
146 979
146 912
146 227
146 384
146 1039
146 1301
146 735
146 469
146 1054
146 556
146 406
146 647
146 1360
146 1231
146 487
146 845
146 686
146 927
146 1191
146 565
146 1395
146 170
146 1075
146 762
146 57
146 370
146 25
146 849
146 736
146 742
146 808
146 1107
146 785
146 956
146 1149
146 760
146 380
146 428
146 283
146 1234
146 952
146 628
146 435
146 659
146 1020
146 848
146 423
146 951
146 137
146 89
146 261
146 1067
146 1133
146 197
146 10
146 786
146 765
146 826
146 1066
146 514
146 58
146 657
146 1283
146 1356
146 787
146 116
146 1084
146 1398
146 720
146 15
146 896
146 93
146 1228
146 1062
146 483
146 1355
146 923
146 825
146 1274
146 837
146 169
146 460
146 250
146 865
146 1352
146 902
146 714
146 569
146 1319
146 363
146 592
146 1024
146 671
146 122
146 1364
146 497
146 441
146 233
146 1122
146 36
146 1382
146 70
146 642
146 422
146 265
146 86
146 327
146 309
146 1336
146 823
146 820
146 1157
146 830
146 27
146 855
146 776
146 1264
146 1309
146 130
146 737
146 1225
146 812
146 94
146 852
146 292
146 1100
146 807
146 856
146 317
146 195
146 30
146 1003
146 294
146 788
146 470
146 821
146 461
146 226
146 818
146 668
146 974
146 690
146 1293
146 655
146 973
146 121
146 706
146 800
146 1340
146 789
146 171
146 194
146 688
146 1351
146 1052
146 311
146 1076
146 634
146 179
146 508
146 295
146 1372
146 640
146 1140
146 1059
146 1159
146 1038
146 1112
146 1124
146 1049
146 758
146 1069
146 110
146 593
146 1381
146 1256
146 843
146 1141
146 540
146 624
146 950
146 23
146 128
146 373
146 1156
146 729
146 79
146 473
146 539
146 754
146 329
146 415
146 842
146 1173
146 272
146 1187
146 105
146 248
146 183
146 126
146 1213
146 1055
146 1050
146 291
146 626
146 761
146 1138
146 35
146 276
146 191
146 743
146 829
146 124
146 784
146 1158
146 1115
146 381
146 781
146 683
146 1015
146 1000
146 1214
146 844
146 358
146 411
146 1394
146 1384
146 20
146 921
146 685
146 1018
146 454
146 822
146 957
146 557
146 282
146 332
146 188
146 205
146 1048
146 207
146 503
146 1031
146 69
146 1263
146 49
146 1199
146 924
146 180
146 996
146 140
146 1200
146 372
146 1071
146 798
146 1235
146 212
146 1108
146 1237
146 419
146 1014
146 752
146 484
146 627
146 1135
146 1259
146 971
146 1123
146 1083
146 870
146 360
146 1247
146 940
146 391
146 305
146 133
146 975
146 247
146 1335
146 827
146 252
146 134
146 677
146 629
146 1292
146 533
146 519
146 1271
146 1105
146 681
146 222
146 211
146 520
146 644
146 277
146 676
146 530
146 1216
146 814
146 811
146 663
146 571
146 1196
146 241
146 851
146 1218
146 646
146 468
146 1136
146 504
146 1227
146 1047
146 1233
146 1272
146 1183
146 922
146 889
146 1277
146 206
146 721
146 947
146 1002
146 293
146 665
146 147
146 723
146 392
146 158
146 1097
146 230
146 999
146 1044
146 388
146 1281
146 496
146 417
146 1289
146 744
146 149
146 108
146 439
146 187
146 819
146 225
146 864
146 751
146 345
146 636
146 443
146 937
146 903
146 213
146 1261
146 1303
146 174
146 464
146 1400
146 302
146 964
146 3
146 967
146 753
146 810
146 678
146 675
146 993
146 445
146 525
146 603
146 1065
146 166
146 37
146 452
146 297
146 386
146 1241
146 300
146 390
146 1385
146 978
146 472
146 1174
146 919
146 433
146 173
146 193
146 112
146 260
146 994
146 805
146 976
146 236
146 1321
146 1232
146 850
146 209
146 453
146 618
146 899
146 969
146 409
146 1114
146 727
146 1396
146 961
146 988
146 513
146 340
146 573
146 767
146 1330
146 612
146 312
146 692
146 929
146 104
146 1125
146 221
146 76
146 1182
146 595
146 53
146 1386
146 1070
146 694
146 866
146 11
146 734
146 696
146 562
146 904
146 972
146 1201
146 739
146 262
146 189
146 970
146 344
146 136
146 1269
146 1028
146 1004
146 1253
146 759
146 1313
146 375
146 949
146 920
146 1131
146 1230
146 938
146 1154
146 885
146 1139
146 703
146 764
146 328
146 334
146 434
146 421
146 652
146 948
146 451
146 214
146 541
146 109
146 431
146 55
146 1127
146 1209
146 80
146 444
146 1151
146 403
146 1371
146 343
146 601
146 1153
146 258
146 1304
146 139
146 1315
146 521
146 901
146 491
146 599
146 544
146 99
146 809
146 1248
146 310
146 1090
146 1166
146 97
146 697
146 1378
146 1202
146 145
146 315
146 861
146 63
146 48
146 589
146 289
146 991
146 1210
146 335
146 29
146 702
146 379
146 184
146 39
146 192
146 217
146 1288
146 1270
146 1380
146 1300
146 115
146 1295
146 114
146 308
146 465
146 558
146 245
146 271
146 766
146 1042
146 196
146 62
146 792
146 930
146 259
146 1223
146 481
146 917
146 129
146 985
146 857
146 267
146 168
146 495
146 637
146 1165
146 1010
146 346
146 2
146 876
146 1262
146 651
146 330
146 1195
146 1198
146 64
146 1276
146 545
146 1033
146 1103
146 354
146 342
146 960
146 794
146 278
146 695
146 313
146 606
146 26
146 907
146 939
146 725
146 572
146 1366
146 494
146 583
146 367
146 898
146 19
146 1266
146 1306
146 377
146 1060
146 326
146 438
146 418
146 987
146 150
146 946
146 52
146 458
146 1088
146 693
146 1023
146 175
146 528
146 1013
146 1040
146 1197
146 1349
146 1326
146 54
146 536
146 224
146 667
146 1350
146 1236
146 532
146 553
146 366
146 498
146 338
146 1129
146 365
146 1111
146 430
146 934
146 1009
146 304
146 1267
146 645
146 123
146 653
146 664
146 165
146 873
146 1143
146 662
146 673
146 83
146 1308
146 1329
146 285
146 931
146 527
146 154
146 199
146 1240
146 892
146 251
146 1082
146 274
146 1204
146 1011
146 650
146 107
146 125
146 614
146 815
146 591
146 1222
146 455
146 138
146 631
146 414
146 672
146 273
146 900
146 119
146 806
146 1373
146 42
146 239
146 1226
146 791
146 146
146 132
146 1053
146 74
146 997
146 231
146 1333
146 704
146 1006
146 1150
146 1242
146 915
146 560
146 257
146 229
146 574
146 101
146 799
146 1092
146 803
146 674
146 1388
146 529
146 1331
146 887
146 654
146 1186
146 968
146 617
146 874
146 722
146 966
146 1184
146 773
146 918
146 568
146 547
146 633
146 59
146 1215
146 397
146 172
146 383
146 1005
146 356
146 319
146 240
146 1008
146 167
146 518
146 249
146 1080
146 321
146 941
146 1064
146 1249
146 456
146 215
146 120
146 772
146 13
146 578
146 202
146 535
146 770
146 1155
146 200
146 307
146 1257
146 945
146 1312
146 1036
146 1298
146 613
146 1
146 235
146 897
146 141
146 427
146 28
146 749
146 216
146 296
146 413
146 962
146 905
146 698
146 404
146 1365
146 1250
146 1001
146 1254
146 75
146 16
146 1302
146 1208
146 1128
146 1323
146 246
146 916
146 610
146 462
146 103
146 1091
146 867
146 135
146 204
146 1265
146 893
146 602
146 506
146 1093
146 287
146 263
146 364
146 1185
146 489
146 719
146 1238
146 600
146 986
146 253
146 348
146 1320
146 588
146 1239
146 943
146 1383
146 198
146 783
146 442
146 1144
146 984
146 51
146 84
146 679
146 1390
146 1193
146 1391
146 1043
146 349
146 691
146 1188
146 1339
146 1172
146 357
146 220
146 1179
146 1207
146 426
146 682
146 1244
146 352
146 908
146 1370
146 804
146 1343
146 1328
146 152
146 369
146 661
146 24
146 459
146 131
146 432
146 858
146 155
146 177
146 219
146 1342
146 73
146 160
146 933
146 660
146 1205
146 710
146 1056
146 1224
146 548
146 96
146 563
146 1246
146 486
146 466
146 44
146 85
146 992
146 92
146 416
146 757
146 859
146 625
146 1072
146 210
146 1147
146 185
146 77
146 576
146 1211
146 162
146 163
146 164
146 182
146 1212
146 181
146 1190
146 1192
146 178
146 1206
146 1181
146 1189
146 1203
146 1194
146 575
146 208
146 1180
146 1170
146 1087
146 228
146 1086
146 1085
146 1079
146 1077
146 1073
146 1063
146 237
146 238
146 1061
146 1058
146 1057
146 243
146 244
146 1041
146 1037
146 1035
146 1032
146 1030
146 1029
146 254
146 255
146 1089
146 1094
146 1095
146 1148
146 1169
146 190
146 1168
146 1167
146 1164
146 1163
146 1162
146 1161
146 1160
146 1152
146 201
146 1096
146 203
146 1142
146 1113
146 1110
146 1109
146 1102
146 1101
146 1099
146 1098
146 218
146 161
146 1260
146 159
146 1332
146 40
146 41
146 1358
146 43
146 45
146 46
146 47
146 1357
146 1354
146 50
146 1353
146 1348
146 1347
146 1346
146 1345
146 1344
146 60
146 61
146 1341
146 1338
146 65
146 66
146 67
146 68
146 1337
146 1334
146 71
146 1361
146 1362
146 1367
146 17
146 1397
146 1393
146 4
146 5
146 6
146 7
146 8
146 9
146 1392
146 12
146 1389
146 1387
146 18
146 1368
146 1379
146 21
146 22
146 1377
146 1376
146 1375
146 1374
146 1369
146 31
146 32
146 33
146 34
146 72
146 78
146 1217
146 1327
146 118
146 1284
146 1282
146 1280
146 1279
146 1278
146 1275
146 1273
146 1268
146 127
146 1027
146 1255
146 1252
146 1251
146 1245
146 1243
146 142
146 143
146 144
146 148
146 1221
146 1220
146 151
146 153
146 1219
146 156
146 157
146 117
146 1286
146 1287
146 98
146 1325
146 81
146 82
146 1324
146 87
146 88
146 1322
146 90
146 91
146 1318
146 95
146 1317
146 1316
146 1290
146 100
146 1314
146 102
146 1305
146 106
146 1299
146 1297
146 1296
146 1294
146 111
146 1291
146 113
146 256
146 286
146 1026
146 771
146 712
146 711
146 463
146 709
146 708
146 707
146 705
146 701
146 1399
146 471
146 699
146 474
146 475
146 476
146 477
146 478
146 479
146 480
146 684
146 485
146 670
146 488
146 490
146 669
146 666
146 493
146 658
146 656
146 649
146 457
146 713
146 715
146 437
146 768
146 420
146 756
146 755
146 424
146 425
146 750
146 429
146 748
146 747
146 746
146 745
146 436
146 738
146 716
146 732
146 440
146 731
146 728
146 726
146 724
146 446
146 447
146 448
146 449
146 450
146 718
146 717
146 499
146 500
146 501
146 554
146 538
146 604
146 542
146 543
146 598
146 597
146 546
146 596
146 549
146 550
146 551
146 552
146 594
146 555
146 607
146 590
146 587
146 559
146 586
146 561
146 585
146 584
146 582
146 581
146 580
146 579
146 577
146 570
146 537
146 608
146 502
146 517
146 648
146 643
146 505
146 507
146 639
146 509
146 510
146 511
146 512
146 638
146 632
146 515
146 516
146 630
146 534
146 623
146 622
146 621
146 523
146 524
146 620
146 526
146 619
146 616
146 615
146 611
146 531
146 609
146 769
146 774
146 1025
146 775
146 942
146 303
146 935
146 306
146 925
146 914
146 913
146 911
146 910
146 909
146 314
146 316
146 906
146 318
146 320
146 322
146 323
146 324
146 325
146 895
146 890
146 886
146 884
146 331
146 882
146 333
146 881
146 880
146 336
146 301
146 299
146 298
146 989
146 1019
146 1017
146 1016
146 264
146 1007
146 266
146 268
146 269
146 270
146 998
146 995
146 990
146 275
146 279
146 944
146 280
146 281
146 983
146 982
146 981
146 980
146 288
146 977
146 290
146 965
146 963
146 959
146 958
146 337
146 879
146 339
146 782
146 813
146 797
146 385
146 796
146 387
146 795
146 389
146 793
146 790
146 393
146 394
146 395
146 396
146 398
146 817
146 399
146 400
146 401
146 402
146 780
146 405
146 779
146 407
146 408
146 778
146 410
146 777
146 412
146 816
146 824
146 878
146 359
146 341
146 877
146 875
146 872
146 871
146 869
146 868
146 350
146 351
146 353
146 355
146 863
146 862
146 860
146 378
146 361
146 362
146 853
146 836
146 368
146 835
146 371
146 834
146 833
146 374
146 832
146 376
146 828
146 700
