148 1048
148 956
148 1050
148 1126
148 761
148 763
148 642
148 1127
148 1051
148 888
148 928
148 826
148 951
148 838
148 1049
148 1146
148 823
148 720
148 827
148 1118
148 822
148 1021
148 1178
148 926
148 1044
148 915
148 739
148 1069
148 891
148 1015
148 1045
148 839
148 1122
148 932
148 852
148 1022
148 1121
148 1359
148 740
148 743
148 1117
148 1119
148 1176
148 744
148 1046
148 1177
148 863
148 1013
148 769
148 1116
148 801
148 1396
148 885
148 1084
148 894
148 829
148 1174
148 765
148 1053
148 1361
148 741
148 470
148 1128
148 533
148 825
148 830
148 784
148 1026
148 851
148 1024
148 786
148 897
148 889
148 820
148 760
148 1173
148 930
148 935
148 754
148 27
148 1031
148 1131
148 428
148 1399
148 887
148 136
148 1067
148 382
148 787
148 566
148 1014
148 1023
148 641
148 15
148 400
148 1120
148 1191
148 1058
148 1074
148 831
148 149
148 1017
148 52
148 844
148 1034
148 1172
148 912
148 223
148 957
148 384
148 789
148 843
148 454
148 1132
148 864
148 1078
148 1052
148 937
148 1130
148 31
148 425
148 605
148 1145
148 1123
148 556
148 567
148 105
148 176
148 833
148 847
148 644
148 1234
148 785
148 788
148 627
148 862
148 854
148 1137
148 936
148 1012
148 659
148 520
148 766
148 1020
148 1032
148 1037
148 541
148 1018
148 226
148 895
148 1321
148 194
148 1329
148 954
148 635
148 435
148 131
148 483
148 1258
148 1091
148 467
148 898
148 1068
148 689
148 207
148 730
148 1071
148 1089
148 1060
148 47
148 1081
148 233
148 1055
148 890
148 931
148 1025
148 247
148 419
148 422
148 186
148 846
148 648
148 855
148 776
148 329
148 473
148 673
148 1057
148 1133
148 1307
148 812
148 1104
148 1362
148 857
148 845
148 660
148 195
148 818
148 206
148 1293
148 1075
148 557
148 1400
148 116
148 925
148 261
148 875
148 26
148 703
148 886
148 1159
148 1038
148 1112
148 1035
148 1256
148 974
148 1047
148 856
148 821
148 515
148 1154
148 23
148 848
148 742
148 427
148 539
148 1107
148 842
148 919
148 1028
148 1259
148 272
148 638
148 1334
148 624
148 1283
148 1183
148 706
148 1039
148 1056
148 134
148 221
148 1171
148 1062
148 1158
148 527
148 1063
148 381
148 1066
148 197
148 1064
148 564
148 522
148 370
148 1395
148 1384
148 828
148 521
148 1030
148 94
148 665
148 1309
148 2
148 162
148 948
148 432
148 35
148 412
148 983
148 1358
148 811
148 119
148 647
148 824
148 1392
148 631
148 97
148 25
148 277
148 192
148 992
148 614
148 367
148 57
148 752
148 1303
148 1070
148 1357
148 1110
148 572
148 917
148 1382
148 950
148 305
148 858
148 1310
148 929
148 169
148 629
148 99
148 955
148 593
148 903
148 1381
148 388
148 1105
148 1197
148 798
148 1383
148 690
148 973
148 46
148 1181
148 569
148 1351
148 245
148 676
148 56
148 646
148 714
148 1272
148 1233
148 1387
148 1186
148 232
148 586
148 281
148 42
148 874
148 530
148 1182
148 158
148 397
148 484
148 1106
148 398
148 584
148 565
148 319
148 360
148 167
148 677
148 1136
148 385
148 680
148 1029
148 212
148 363
148 1379
148 924
148 293
148 819
148 853
148 1033
148 751
148 1260
148 800
148 1134
148 1000
148 607
148 1207
148 20
148 1263
148 921
148 469
148 200
148 1111
148 1076
148 859
148 242
148 613
148 235
148 58
148 630
148 171
148 756
148 445
148 1083
148 250
148 594
148 1088
148 30
148 1232
148 1271
148 933
148 181
148 661
148 808
148 404
148 462
148 497
148 390
148 86
148 802
148 380
148 1385
148 978
148 225
148 684
148 1265
148 634
148 906
148 168
148 1270
148 523
148 735
148 73
148 850
148 514
148 124
148 252
148 1235
148 1371
148 135
148 664
148 193
148 1016
148 1072
148 728
148 5
148 548
148 509
148 866
148 294
148 1332
148 1125
148 391
148 736
148 1027
148 899
148 1320
148 121
148 814
148 1227
148 531
148 1269
148 1314
148 549
148 1253
148 759
148 423
148 333
148 375
148 920
148 170
148 927
148 332
148 1313
148 460
148 179
148 310
148 372
148 1222
148 781
148 434
148 947
148 1363
148 668
148 451
148 296
148 444
148 343
148 461
148 601
148 228
148 295
148 327
148 1179
148 282
148 347
148 1079
148 145
148 137
148 657
148 1330
148 681
148 248
148 896
148 331
148 82
148 1287
148 227
148 183
148 861
148 14
148 159
148 1210
148 577
148 868
148 817
148 840
148 468
148 709
148 270
148 1377
148 1300
148 452
148 1380
148 952
148 1147
148 271
148 417
148 487
148 1042
148 142
148 1223
148 211
148 1285
148 1097
148 10
148 36
148 321
148 964
148 688
148 433
148 1249
148 582
148 361
148 1094
148 496
148 1327
148 330
148 160
148 1041
148 1218
148 683
148 122
148 1301
148 1135
148 22
148 49
148 342
148 151
148 960
148 89
148 278
148 313
148 1100
148 806
148 1221
148 486
148 1108
148 686
148 1398
148 1213
148 494
148 1311
148 1356
148 583
148 1266
148 299
148 725
148 1095
148 309
148 438
148 418
148 987
148 150
148 971
148 368
148 317
148 92
148 809
148 1229
148 190
148 297
148 1254
148 489
148 241
148 596
148 649
148 1140
148 1284
148 1245
148 224
148 667
148 280
148 1236
148 540
148 532
148 553
148 1002
148 589
148 1141
148 291
148 338
148 1273
148 1200
148 500
148 45
148 658
148 290
148 447
148 687
148 112
148 1199
148 302
148 697
148 1153
148 504
148 210
148 1004
148 439
148 538
148 1295
148 773
148 953
148 621
148 873
148 411
148 53
148 753
148 196
148 1019
148 373
148 208
148 555
148 715
148 1124
148 816
148 1206
148 1308
148 191
148 234
148 128
148 431
148 562
148 154
148 1214
148 199
148 892
148 999
148 1144
148 251
148 144
148 733
148 188
148 353
148 184
148 262
148 115
148 236
148 107
148 334
148 488
148 125
148 579
148 110
148 792
148 455
148 975
148 406
148 628
148 273
148 503
148 1279
148 276
148 1169
148 1184
148 599
148 1198
148 464
148 146
148 132
148 239
148 304
148 1251
148 231
148 1333
148 902
148 849
148 114
148 1150
148 1242
148 229
148 663
148 152
148 574
148 779
148 732
148 904
148 289
148 707
148 803
148 674
148 807
148 1388
148 1292
148 1331
148 575
148 78
148 1165
148 1220
148 1360
148 922
148 623
148 617
148 96
148 966
148 918
148 1228
148 568
148 1225
148 187
148 1196
148 547
148 1246
148 782
148 1215
148 123
148 328
148 1005
148 249
148 1139
148 790
148 622
148 799
148 13
148 100
148 202
148 1082
148 1151
148 403
148 991
148 174
148 1257
148 1304
148 209
148 1036
148 901
148 595
148 1375
148 967
148 1298
148 1195
148 101
148 1
148 815
148 108
148 28
148 749
148 1167
148 1209
148 923
148 758
148 37
148 962
148 80
148 698
148 723
148 379
148 364
148 1394
148 1202
148 1166
148 274
148 1302
148 416
148 1355
148 1231
148 246
148 916
148 103
148 189
148 79
148 867
148 259
148 204
148 961
148 443
148 573
148 985
148 712
148 283
148 1268
148 976
148 1204
148 147
148 1247
148 1216
148 1157
148 719
148 600
148 253
148 164
148 1372
148 442
148 83
148 695
148 51
148 869
148 729
148 1264
148 571
148 1274
148 109
148 1391
148 349
148 1325
148 1339
148 1319
148 458
148 357
148 315
148 810
148 300
148 764
148 682
148 1352
148 230
148 908
148 1289
148 453
148 1343
148 1328
148 205
148 805
148 24
148 459
148 213
148 219
148 1040
148 721
148 1244
148 1342
148 675
148 837
148 129
148 441
148 1175
148 685
148 1226
148 704
148 244
148 1248
148 344
148 1093
148 203
148 264
148 1096
148 1211
148 1208
148 1205
148 201
148 1203
148 292
148 1098
148 1099
148 214
148 215
148 216
148 1212
148 198
148 1092
148 1085
148 307
148 182
148 306
148 185
148 1077
148 1243
148 1241
148 1240
148 1080
148 303
148 1239
148 1217
148 1238
148 1237
148 301
148 1086
148 298
148 1230
148 1224
148 1219
148 1087
148 1090
148 1101
148 288
148 217
148 218
148 1250
148 1162
148 1114
148 1115
148 1161
148 275
148 1129
148 1138
148 1142
148 1143
148 269
148 1160
148 1156
148 1155
148 1152
148 268
148 254
148 255
148 256
148 257
148 258
148 267
148 266
148 260
148 265
148 1149
148 1148
148 243
148 1113
148 1163
148 284
148 220
148 1201
148 263
148 222
148 1194
148 1193
148 1192
148 287
148 286
148 1190
148 1189
148 285
148 1188
148 1164
148 1187
148 1102
148 1185
148 1180
148 1170
148 1168
148 1103
148 1109
148 237
148 238
148 279
148 240
148 180
148 666
148 178
148 65
148 63
148 62
148 61
148 60
148 59
148 1348
148 1349
148 1350
148 55
148 54
148 1353
148 50
148 1354
148 48
148 1364
148 64
148 66
148 44
148 67
148 85
148 84
148 1345
148 81
148 1346
148 77
148 76
148 75
148 74
148 1347
148 72
148 71
148 70
148 69
148 68
148 1365
148 43
148 177
148 1386
148 18
148 17
148 16
148 1389
148 1390
148 12
148 11
148 1393
148 9
148 8
148 7
148 6
148 4
148 3
148 1397
148 19
148 21
148 1366
148 1378
148 41
148 40
148 39
148 38
148 1367
148 1368
148 34
148 33
148 32
148 1369
148 1370
148 29
148 1373
148 1374
148 1376
148 1344
148 87
148 88
148 155
148 1073
148 153
148 1280
148 1281
148 1282
148 1286
148 148
148 1288
148 1290
148 143
148 1291
148 141
148 140
148 139
148 138
148 1278
148 156
148 90
148 157
148 1252
148 175
148 1255
148 173
148 172
148 1261
148 1262
148 1267
148 166
148 165
148 163
148 161
148 1275
148 1276
148 1277
148 1294
148 1296
148 1297
148 1299
148 111
148 1326
148 106
148 1335
148 104
148 102
148 1336
148 1337
148 1338
148 98
148 1340
148 95
148 1341
148 93
148 91
148 113
148 1324
148 1323
148 1312
148 133
148 1305
148 130
148 1306
148 127
148 126
148 1315
148 1322
148 1316
148 1317
148 1318
148 120
148 118
148 117
148 308
148 1007
148 1065
148 777
148 774
148 775
148 546
148 545
148 544
148 543
148 542
148 778
148 794
148 780
148 783
148 537
148 536
148 535
148 534
148 791
148 772
148 550
148 551
148 552
148 570
148 750
148 755
148 757
148 762
148 563
148 561
148 560
148 559
148 558
148 767
148 768
148 770
148 554
148 771
148 793
148 795
148 870
148 499
148 506
148 505
148 834
148 835
148 502
148 501
148 836
148 498
148 529
148 841
148 495
148 860
148 493
148 492
148 491
148 490
148 507
148 508
148 832
148 510
148 528
148 796
148 526
148 525
148 524
148 797
148 804
148 519
148 518
148 517
148 516
148 813
148 513
148 512
148 511
148 748
148 747
148 746
148 699
148 639
148 694
148 637
148 636
148 696
148 633
148 632
148 701
148 576
148 702
148 626
148 625
148 705
148 708
148 710
148 711
148 640
148 693
148 692
148 643
148 669
148 670
148 671
148 672
148 656
148 655
148 654
148 653
148 652
148 651
148 650
148 678
148 679
148 645
148 691
148 620
148 619
148 618
148 724
148 592
148 591
148 590
148 727
148 588
148 587
148 585
148 731
148 734
148 737
148 581
148 580
148 738
148 578
148 745
148 726
148 722
148 616
148 597
148 615
148 713
148 716
148 612
148 611
148 610
148 609
148 608
148 717
148 606
148 718
148 604
148 603
148 602
148 598
148 865
148 485
148 311
148 365
148 984
148 371
148 986
148 369
148 988
148 989
148 366
148 990
148 995
148 362
148 993
148 994
148 359
148 358
148 356
148 355
148 374
148 982
148 376
148 377
148 394
148 393
148 392
148 969
148 970
148 389
148 972
148 387
148 386
148 977
148 383
148 979
148 980
148 981
148 378
148 354
148 352
148 871
148 1043
148 1010
148 1011
148 326
148 325
148 324
148 323
148 322
148 320
148 351
148 1054
148 318
148 1059
148 316
148 314
148 1061
148 312
148 1009
148 1008
148 662
148 1006
148 350
148 348
148 996
148 346
148 345
148 997
148 998
148 341
148 340
148 339
148 1001
148 337
148 336
148 335
148 1003
148 395
148 396
148 968
148 893
148 881
148 463
148 882
148 883
148 884
148 457
148 456
148 900
148 965
148 905
148 907
148 450
148 449
148 448
148 446
148 909
148 465
148 466
148 880
148 879
148 872
148 482
148 481
148 480
148 479
148 478
148 477
148 476
148 475
148 474
148 876
148 472
148 471
148 877
148 878
148 910
148 440
148 911
148 945
148 415
148 414
148 413
148 949
148 958
148 410
148 409
148 408
148 407
148 959
148 405
148 402
148 401
148 963
148 399
148 946
148 944
148 913
148 420
148 437
148 436
148 914
148 934
148 938
148 430
148 429
148 939
148 940
148 426
148 941
148 424
148 942
148 943
148 421
148 700
