149 930
149 1070
149 1058
149 926
149 1068
149 931
149 1059
149 898
149 1053
149 1051
149 935
149 1044
149 1361
149 936
149 1363
149 19
149 1360
149 852
149 937
149 743
149 136
149 633
149 1024
149 938
149 1091
149 889
149 934
149 957
149 851
149 802
149 1135
149 826
149 843
149 739
149 830
149 741
149 1118
149 1048
149 737
149 887
149 130
149 928
149 1071
149 365
149 232
149 951
149 1041
149 740
149 1138
149 688
149 1052
149 828
149 1174
149 366
149 742
149 1043
149 886
149 883
149 1294
149 848
149 1362
149 1386
149 1042
149 1126
149 1056
149 769
149 1131
149 833
149 894
149 1304
149 915
149 1117
149 890
149 128
149 1134
149 863
149 765
149 423
149 1130
149 1015
149 1129
149 1001
149 680
149 122
149 885
149 1323
149 953
149 648
149 124
149 870
149 1036
149 320
149 52
149 92
149 822
149 1140
149 820
149 362
149 956
149 763
149 514
149 744
149 1038
149 47
149 624
149 1364
149 955
149 1000
149 1137
149 294
149 425
149 508
149 1064
149 764
149 847
149 827
149 432
149 1182
149 605
149 551
149 1384
149 1008
149 1025
149 962
149 829
149 980
149 31
149 1281
149 590
149 1342
149 186
149 760
149 1208
149 520
149 513
149 1172
149 1034
149 467
149 270
149 638
149 1343
149 277
149 897
149 443
149 865
149 193
149 1231
149 657
149 841
149 1012
149 46
149 823
149 1067
149 753
149 873
149 262
149 419
149 1094
149 406
149 979
149 265
149 1171
149 929
149 395
149 627
149 947
149 954
149 1307
149 428
149 55
149 1337
149 563
149 530
149 533
149 455
149 683
149 849
149 446
149 1145
149 756
149 36
149 511
149 831
149 854
149 640
149 1123
149 281
149 1232
149 583
149 685
149 1261
149 84
149 448
149 628
149 1371
149 220
149 90
149 387
149 476
149 853
149 99
149 188
149 49
149 730
149 1095
149 1311
149 1107
149 1119
149 496
149 952
149 1190
149 626
149 634
149 162
149 211
149 816
149 497
149 990
149 289
149 420
149 641
149 317
149 1301
149 267
149 1188
149 781
149 942
149 435
149 836
149 1332
149 603
149 371
149 673
149 164
149 1334
149 687
149 803
149 794
149 940
149 921
149 354
149 427
149 1207
149 999
149 837
149 133
149 411
149 1014
149 522
149 580
149 93
149 647
149 988
149 1013
149 1066
149 337
149 631
149 163
149 381
149 1089
149 145
149 282
149 839
149 666
149 329
149 1175
149 798
149 656
149 228
149 454
149 644
149 233
149 587
149 1183
149 924
149 461
149 968
149 1050
149 69
149 642
149 1125
149 838
149 347
149 1005
149 966
149 992
149 589
149 579
149 1198
149 1262
149 984
149 72
149 575
149 576
149 550
149 671
149 1321
149 850
149 417
149 653
149 1029
149 622
149 1109
149 1339
149 1127
149 534
149 315
149 426
149 179
149 24
149 1209
149 630
149 588
149 1099
149 17
149 758
149 813
149 316
149 210
149 846
149 1133
149 1037
149 58
149 367
149 299
149 429
149 902
149 216
149 581
149 379
149 1248
149 1187
149 821
149 1215
149 159
149 1297
149 1033
149 761
149 1224
149 989
149 1273
149 1192
149 959
149 127
149 792
149 639
149 422
149 140
149 1396
149 1336
149 643
149 109
149 180
149 565
149 1122
149 872
149 879
149 1276
149 618
149 961
149 1265
149 483
149 1288
149 869
149 50
149 1055
149 1320
149 1153
149 567
149 974
149 1136
149 1293
149 279
149 1169
149 25
149 177
149 623
149 509
149 398
149 326
149 202
149 477
149 10
149 1252
149 1358
149 1372
149 773
149 1132
149 528
149 862
149 345
149 793
149 1220
149 1020
149 201
149 1256
149 767
149 908
149 212
149 755
149 338
149 967
149 214
149 370
149 178
149 1322
149 745
149 619
149 1230
149 707
149 21
149 1357
149 1267
149 30
149 799
149 399
149 39
149 194
149 1219
149 845
149 1266
149 226
149 324
149 786
149 1046
149 1173
149 779
149 191
149 531
149 599
149 263
149 658
149 734
149 310
149 1060
149 723
149 1326
149 1302
149 312
149 172
149 341
149 1259
149 241
149 1072
149 1367
149 237
149 1241
149 77
149 601
149 874
149 1062
149 189
149 378
149 1057
149 993
149 537
149 32
149 1195
149 334
149 1295
149 54
149 436
149 591
149 975
149 213
149 978
149 1356
149 650
149 682
149 1017
149 652
149 135
149 219
149 274
149 1359
149 1179
149 907
149 675
149 1277
149 340
149 1124
149 881
149 1244
149 804
149 1399
149 891
149 527
149 1216
149 789
149 102
149 705
149 1250
149 709
149 1283
149 757
149 1040
149 1161
149 1180
149 1090
149 437
149 1278
149 143
149 991
149 1331
149 22
149 986
149 1391
149 871
149 151
149 572
149 1330
149 703
149 1239
149 1347
149 458
149 922
149 155
149 586
149 459
149 273
149 569
149 364
149 1049
149 1246
149 785
149 1351
149 170
149 444
149 1032
149 1310
149 356
149 1377
149 484
149 83
149 1365
149 1177
149 1080
149 844
149 1223
149 198
149 249
149 373
149 445
149 971
149 1353
149 248
149 284
149 486
149 386
149 560
149 700
149 65
149 1159
149 1387
149 946
149 1388
149 361
149 1344
149 13
149 1243
149 516
149 681
149 1054
149 976
149 1375
149 466
149 101
149 578
149 1078
149 617
149 111
149 1016
149 359
149 110
149 525
149 141
149 1280
149 543
149 716
149 1093
149 67
149 169
149 840
149 819
149 515
149 481
149 319
149 12
149 1039
149 1101
149 585
149 1206
149 1254
149 1191
149 1275
149 754
149 943
149 1237
149 783
149 958
149 15
149 33
149 717
149 596
149 1074
149 280
149 1178
149 16
149 293
149 1120
149 540
149 726
149 500
149 278
149 784
149 305
149 18
149 360
149 35
149 746
149 911
149 1115
149 433
149 1170
149 593
149 1087
149 235
149 60
149 390
149 725
149 225
149 1291
149 808
149 165
149 506
149 927
149 464
149 1374
149 348
149 600
149 1065
149 368
149 253
149 948
149 190
149 1075
149 998
149 297
149 796
149 53
149 715
149 369
149 118
149 824
149 661
149 916
149 112
149 1349
149 1162
149 57
149 462
149 1264
149 255
149 1114
149 1200
149 247
149 867
149 88
149 912
149 311
149 573
149 64
149 207
149 985
149 276
149 349
149 1390
149 1385
149 283
149 553
149 1007
149 76
149 20
149 204
149 538
149 325
149 97
149 1222
149 59
149 814
149 222
149 1157
149 1263
149 1309
149 788
149 1383
149 434
149 562
149 56
149 719
149 352
149 152
149 899
149 1160
149 733
149 561
149 825
149 114
149 724
149 762
149 288
149 1163
149 1274
149 1242
149 342
149 149
149 595
149 766
149 1319
149 1154
149 1108
149 266
149 34
149 296
149 230
149 1300
149 1290
149 123
149 1352
149 914
149 100
149 1328
149 240
149 229
149 1382
149 29
149 811
149 1225
149 646
149 859
149 252
149 815
149 85
149 244
149 9
149 1104
149 328
149 1199
149 917
149 187
149 933
149 1235
149 701
149 620
149 1061
149 73
149 234
149 1035
149 218
149 156
149 1144
149 1296
149 548
149 401
149 1392
149 1373
149 1271
149 1226
149 625
149 649
149 1204
149 14
149 94
149 1268
149 721
149 1147
149 1201
149 1313
149 351
149 185
149 363
149 51
149 44
149 353
149 223
149 48
149 357
149 355
149 358
149 45
149 43
149 384
149 42
149 409
149 200
149 203
149 400
149 205
149 402
149 206
149 403
149 404
149 405
149 407
149 408
149 208
149 11
149 410
149 41
149 8
149 412
149 413
149 209
149 414
149 415
149 7
149 6
149 416
149 5
149 4
149 3
149 2
149 199
149 397
149 396
149 197
149 418
149 40
149 38
149 372
149 192
149 374
149 375
149 37
149 376
149 377
149 195
149 380
149 196
149 382
149 383
149 385
149 28
149 221
149 27
149 388
149 389
149 26
149 23
149 391
149 392
149 393
149 394
149 350
149 75
149 184
149 166
149 246
149 126
149 275
149 245
149 125
149 243
149 242
149 121
149 285
149 120
149 286
149 119
149 287
149 117
149 131
149 116
149 290
149 291
149 115
149 292
149 239
149 295
149 113
149 298
149 167
149 300
149 301
149 302
149 129
149 132
149 238
149 258
149 150
149 250
149 251
149 154
149 254
149 148
149 147
149 146
149 144
149 142
149 157
149 256
149 257
149 259
149 272
149 260
149 261
149 139
149 158
149 160
149 138
149 264
149 137
149 161
149 268
149 269
149 271
149 134
149 303
149 168
149 224
149 70
149 327
149 80
149 231
149 330
149 79
149 78
149 153
149 74
149 181
149 331
149 332
149 333
149 71
149 68
149 81
149 182
149 335
149 336
149 66
149 227
149 339
149 183
149 63
149 62
149 343
149 344
149 61
149 346
149 176
149 82
149 304
149 215
149 171
149 108
149 107
149 306
149 106
149 307
149 105
149 104
149 103
149 236
149 308
149 309
149 98
149 96
149 323
149 95
149 173
149 91
149 313
149 89
149 314
149 87
149 174
149 86
149 318
149 175
149 321
149 322
149 217
149 1400
149 421
149 875
149 1082
149 1081
149 1079
149 1077
149 1076
149 1073
149 1069
149 1063
149 1047
149 1045
149 1031
149 1030
149 1028
149 1027
149 1026
149 1023
149 1022
149 1021
149 1019
149 1018
149 1011
149 1010
149 1009
149 1083
149 1084
149 1085
149 1111
149 1146
149 1143
149 1142
149 1141
149 1139
149 1128
149 1121
149 1116
149 1113
149 1112
149 1110
149 1086
149 1106
149 1105
149 1103
149 1102
149 1100
149 1098
149 1097
149 1096
149 1092
149 1088
149 1006
149 1004
149 1003
149 901
149 920
149 919
149 918
149 913
149 910
149 909
149 906
149 905
149 904
149 903
149 900
149 925
149 896
149 895
149 893
149 892
149 888
149 884
149 882
149 880
149 878
149 877
149 923
149 932
149 1002
149 972
149 997
149 996
149 995
149 994
149 987
149 983
149 982
149 981
149 977
149 973
149 970
149 939
149 969
149 965
149 964
149 963
149 960
149 950
149 949
149 945
149 944
149 941
149 1148
149 1149
149 1150
149 1308
149 1329
149 1327
149 1325
149 1324
149 1318
149 1317
149 1316
149 1315
149 1314
149 1312
149 1306
149 1335
149 1305
149 1303
149 1299
149 1298
149 1292
149 1289
149 1287
149 1286
149 1285
149 1284
149 1333
149 1338
149 1279
149 1376
149 1398
149 1397
149 1395
149 1394
149 1393
149 1389
149 1381
149 1380
149 1379
149 1378
149 1370
149 1340
149 1369
149 1368
149 1366
149 1355
149 1354
149 1350
149 1348
149 1346
149 1345
149 1341
149 1282
149 1272
149 1151
149 1184
149 1205
149 1203
149 1202
149 1197
149 1196
149 1194
149 1193
149 1189
149 1186
149 1185
149 1181
149 1211
149 1176
149 1168
149 1167
149 1166
149 1165
149 1164
149 1158
149 1156
149 1155
149 1152
149 1210
149 1212
149 1270
149 1240
149 1269
149 1260
149 1258
149 1257
149 1255
149 1253
149 1251
149 1249
149 1247
149 1245
149 1238
149 1213
149 1236
149 1234
149 1233
149 1229
149 1228
149 1227
149 1221
149 1218
149 1217
149 1214
149 876
149 868
149 424
149 866
149 558
149 557
149 556
149 555
149 554
149 552
149 549
149 547
149 546
149 545
149 544
149 542
149 541
149 539
149 536
149 535
149 532
149 529
149 526
149 524
149 523
149 521
149 519
149 559
149 564
149 566
149 604
149 615
149 614
149 613
149 612
149 611
149 610
149 609
149 608
149 607
149 606
149 602
149 568
149 598
149 597
149 594
149 592
149 584
149 582
149 577
149 574
149 571
149 570
149 518
149 517
149 512
149 452
149 471
149 470
149 469
149 468
149 465
149 463
149 460
149 457
149 456
149 453
149 451
149 473
149 450
149 449
149 447
149 442
149 441
149 440
149 439
149 438
149 431
149 430
149 472
149 474
149 510
149 493
149 507
149 505
149 504
149 503
149 502
149 501
149 499
149 498
149 495
149 494
149 492
149 475
149 491
149 490
149 489
149 488
149 487
149 485
149 482
149 480
149 479
149 478
149 616
149 621
149 629
149 768
149 782
149 780
149 778
149 777
149 776
149 775
149 774
149 772
149 771
149 770
149 759
149 790
149 752
149 751
149 750
149 749
149 748
149 747
149 738
149 736
149 735
149 732
149 787
149 791
149 729
149 832
149 864
149 861
149 860
149 858
149 857
149 856
149 855
149 842
149 835
149 834
149 818
149 795
149 817
149 812
149 810
149 809
149 807
149 806
149 805
149 801
149 800
149 797
149 731
149 728
149 632
149 664
149 678
149 677
149 676
149 674
149 672
149 670
149 669
149 668
149 667
149 665
149 663
149 684
149 662
149 660
149 659
149 655
149 654
149 651
149 645
149 637
149 636
149 635
149 679
149 686
149 727
149 704
149 722
149 720
149 718
149 714
149 713
149 712
149 711
149 710
149 708
149 706
149 702
149 689
149 699
149 698
149 697
149 696
149 695
149 694
149 693
149 692
149 691
149 690
149 1
