150 1062
150 1074
150 1075
150 1243
150 791
150 923
150 970
150 924
150 124
150 1108
150 1259
150 663
150 672
150 799
150 1202
150 814
150 231
150 803
150 431
150 696
150 1239
150 1272
150 993
150 234
150 430
150 188
150 179
150 52
150 232
150 230
150 610
150 223
150 708
150 360
150 204
150 252
150 991
150 205
150 60
150 593
150 1339
150 971
150 1341
150 681
150 225
150 229
150 200
150 793
150 520
150 146
150 687
150 571
150 808
150 1115
150 384
150 694
150 809
150 1188
150 201
150 896
150 519
150 695
150 920
150 927
150 816
150 161
150 226
150 306
150 122
150 1153
150 918
150 1197
150 273
150 770
150 284
150 266
150 433
150 700
150 921
150 429
150 1105
150 141
150 1300
150 1350
150 346
150 747
150 434
150 1229
150 969
150 186
150 69
150 629
150 285
150 233
150 1354
150 997
150 227
150 683
150 599
150 31
150 1328
150 1002
150 369
150 248
150 1353
150 1247
150 685
150 14
150 316
150 748
150 794
150 464
150 604
150 189
150 504
150 1343
150 1233
150 1337
150 1248
150 1218
150 1147
150 1211
150 513
150 516
150 279
150 922
150 946
150 372
150 1263
150 349
150 406
150 214
150 1157
150 994
150 193
150 197
150 93
150 160
150 903
150 674
150 272
150 795
150 432
150 1355
150 1212
150 174
150 811
150 676
150 466
150 1089
150 1338
150 1381
150 657
150 391
150 235
150 1292
150 1140
150 182
150 1367
150 1151
150 755
150 860
150 567
150 1228
150 465
150 815
150 1104
150 1112
150 608
150 1222
150 48
150 80
150 511
150 474
150 56
150 1111
150 1159
150 998
150 370
150 800
150 798
150 1110
150 373
150 41
150 880
150 247
150 288
150 662
150 697
150 1006
150 633
150 326
150 1349
150 1352
150 1179
150 1319
150 689
150 792
150 420
150 1225
150 556
150 1342
150 901
150 1262
150 626
150 94
150 566
150 780
150 213
150 1154
150 996
150 680
150 439
150 1280
150 714
150 171
150 497
150 1092
150 992
150 53
150 1124
150 97
150 612
150 356
150 1290
150 797
150 712
150 1393
150 979
150 40
150 318
150 251
150 779
150 147
150 1040
150 876
150 1258
150 413
150 690
150 1066
150 783
150 1246
150 410
150 757
150 36
150 597
150 1114
150 625
150 801
150 127
150 345
150 1266
150 1007
150 916
150 636
150 259
150 1237
150 962
150 711
150 600
150 1210
150 264
150 709
150 175
150 79
150 1310
150 1106
150 1351
150 826
150 1158
150 216
150 806
150 110
150 89
150 1227
150 484
150 1155
150 915
150 218
150 1313
150 802
150 304
150 917
150 1143
150 1270
150 1005
150 312
150 1186
150 528
150 1274
150 456
150 1255
150 688
150 1336
150 315
150 70
150 302
150 973
150 752
150 1170
150 1362
150 637
150 187
150 919
150 987
150 195
150 719
150 328
150 289
150 693
150 522
150 243
150 902
150 250
150 347
150 173
150 534
150 487
150 1315
150 428
150 1191
150 1309
150 123
150 1335
150 421
150 446
150 545
150 1301
150 546
150 638
150 666
150 1086
150 1271
150 686
150 701
150 469
150 778
150 673
150 675
150 13
150 467
150 45
150 976
150 807
150 703
150 211
150 661
150 577
150 576
150 293
150 1304
150 1373
150 678
150 38
150 1378
150 665
150 532
150 717
150 134
150 35
150 151
150 268
150 88
150 1284
150 145
150 1064
150 1289
150 670
150 192
150 27
150 76
150 340
150 222
150 768
150 796
150 1269
150 947
150 877
150 125
150 371
150 1169
150 776
150 19
150 746
150 101
150 74
150 1
150 84
150 632
150 448
150 1216
150 495
150 73
150 287
150 435
150 355
150 710
150 692
150 1184
150 514
150 925
150 1152
150 569
150 606
150 503
150 133
150 1366
150 570
150 702
150 352
150 1065
150 630
150 573
150 85
150 1377
150 699
150 256
150 705
150 57
150 1277
150 441
150 95
150 1252
150 470
150 395
150 1250
150 309
150 224
150 354
150 1098
150 50
150 329
150 749
150 473
150 553
150 282
150 196
150 49
150 1340
150 574
150 512
150 547
150 1036
150 698
150 559
150 283
150 498
150 1090
150 1207
150 753
150 486
150 781
150 601
150 1076
150 319
150 671
150 336
150 759
150 297
150 416
150 1380
150 812
150 561
150 1231
150 294
150 1264
150 1230
150 704
150 7
150 280
150 530
150 1390
150 314
150 106
150 1306
150 359
150 23
150 1398
150 1226
150 756
150 447
150 37
150 959
150 63
150 565
150 904
150 564
150 423
150 572
150 39
150 1395
150 1214
150 427
150 501
150 646
150 1334
150 1162
150 1364
150 975
150 177
150 1201
150 414
150 212
150 483
150 1273
150 1187
150 343
150 203
150 1091
150 1107
150 126
150 361
150 1081
150 341
150 643
150 131
150 1195
150 981
150 301
150 172
150 805
150 1001
150 10
150 1144
150 228
150 333
150 523
150 986
150 1267
150 62
150 861
150 886
150 682
150 931
150 426
150 1000
150 767
150 1302
150 215
150 9
150 773
150 378
150 1332
150 30
150 1268
150 1394
150 242
150 628
150 198
150 12
150 33
150 342
150 78
150 1161
150 334
150 972
150 367
150 713
150 55
150 472
150 1063
150 143
150 1078
150 278
150 1039
150 1009
150 58
150 1200
150 1333
150 1149
150 642
150 364
150 537
150 531
150 181
150 1297
150 634
150 1096
150 199
150 1282
150 25
150 1320
150 605
150 505
150 142
150 1193
150 1314
150 786
150 493
150 926
150 482
150 1088
150 2
150 677
150 609
150 415
150 454
150 542
150 1208
150 999
150 390
150 1079
150 978
150 1224
150 536
150 822
150 1163
150 1281
150 442
150 178
150 668
150 1388
150 627
150 575
150 102
150 941
150 281
150 1093
150 1371
150 1061
150 1308
150 939
150 170
150 411
150 154
150 721
150 246
150 1374
150 948
150 658
150 164
150 119
150 1276
150 1215
150 1331
150 529
150 176
150 20
150 654
150 879
150 1032
150 24
150 409
150 43
150 54
150 967
150 934
150 857
150 1094
150 555
150 209
150 92
150 1257
150 1213
150 1256
150 453
150 1223
150 335
150 337
150 330
150 451
150 894
150 267
150 476
150 303
150 1041
150 115
150 858
150 332
150 401
150 1035
150 307
150 481
150 494
150 139
150 949
150 589
150 895
150 849
150 1386
150 1240
150 1303
150 825
150 296
150 240
150 1008
150 500
150 1307
150 1249
150 1095
150 774
150 535
150 1196
150 44
150 1164
150 1010
150 1180
150 1356
150 375
150 313
150 255
150 42
150 253
150 1051
150 440
150 468
150 244
150 108
150 771
150 338
150 1312
150 165
150 766
150 221
150 502
150 730
150 568
150 669
150 1168
150 1327
150 834
150 1183
150 679
150 1015
150 455
150 874
150 158
150 1067
150 540
150 82
150 114
150 402
150 311
150 929
150 775
150 1391
150 261
150 1204
150 362
150 492
150 292
150 641
150 652
150 1072
150 966
150 77
150 1241
150 899
150 1044
150 856
150 1037
150 554
150 982
150 107
150 813
150 1198
150 1294
150 118
150 1299
150 1004
150 1077
150 951
150 438
150 865
150 1392
150 1082
150 1321
150 541
150 348
150 549
150 878
150 265
150 965
150 838
150 1287
150 731
150 499
150 1059
150 1316
150 1054
150 64
150 977
150 310
150 552
150 525
150 323
150 1209
150 873
150 1029
150 1042
150 1251
150 1396
150 144
150 785
150 526
150 162
150 321
150 1305
150 83
150 300
150 859
150 185
150 655
150 930
150 810
150 249
150 983
150 790
150 578
150 1119
150 1279
150 945
150 623
150 726
150 1175
150 1156
150 615
150 67
150 1253
150 1260
150 65
150 1071
150 1384
150 11
150 1192
150 1318
150 635
150 613
150 624
150 1221
150 732
150 238
150 295
150 417
150 210
150 29
150 836
150 907
150 206
150 1101
150 47
150 262
150 1288
150 1122
150 1047
150 202
150 398
150 1199
150 1379
150 787
150 964
150 117
150 1347
150 777
150 149
150 389
150 883
150 1020
150 167
150 351
150 936
150 21
150 1357
150 1087
150 1012
150 169
150 136
150 263
150 1003
150 87
150 496
150 585
150 985
150 379
150 105
150 121
150 588
150 100
150 1296
150 98
150 374
150 1128
150 290
150 928
150 548
150 353
150 129
150 1181
150 254
150 684
150 910
150 846
150 236
150 1043
150 557
150 488
150 184
150 1295
150 1326
150 1265
150 521
150 96
150 913
150 1236
150 508
150 867
150 17
150 408
150 614
150 458
150 191
150 155
150 1238
150 870
150 943
150 881
150 1245
150 1399
150 691
150 740
150 152
150 580
150 707
150 1220
150 724
150 1369
150 804
150 1019
150 1085
150 764
150 460
150 782
150 51
150 34
150 277
150 847
150 168
150 908
150 59
150 884
150 276
150 383
150 1194
150 649
150 1080
150 1206
150 1322
150 46
150 769
150 914
150 449
150 22
150 603
150 667
150 889
150 157
150 422
150 718
150 317
150 299
150 1132
150 491
150 81
150 550
150 269
150 1400
150 611
150 1325
150 1134
150 452
150 843
150 8
150 208
150 640
150 738
150 103
150 872
150 784
150 538
150 443
150 1324
150 990
150 128
150 828
150 562
150 1372
150 163
150 257
150 1278
150 1244
150 1113
150 656
150 325
150 1382
150 1205
150 560
150 1242
150 1097
150 837
150 827
150 132
150 271
150 1286
150 6
150 153
150 156
150 159
150 1345
150 1344
150 1285
150 1383
150 166
150 1283
150 245
150 298
150 61
150 241
150 66
150 113
150 112
150 1397
150 239
150 116
150 1346
150 180
150 5
150 258
150 130
150 1387
150 305
150 1360
150 1358
150 3
150 135
150 137
150 138
150 4
150 140
150 1361
150 1363
150 120
150 1385
150 1348
150 148
150 150
150 111
150 1365
150 15
150 86
150 1317
150 207
150 26
150 71
150 28
150 90
150 32
150 1311
150 1389
150 72
150 1376
150 217
150 219
150 75
150 270
150 275
150 274
150 220
150 1275
150 1375
150 91
150 1370
150 286
150 1298
150 109
150 1330
150 237
150 183
150 1329
150 16
150 104
150 68
150 190
150 1261
150 1291
150 18
150 291
150 1323
150 194
150 1293
150 1359
150 99
150 1368
150 260
150 1013
150 308
150 1057
150 823
150 821
150 820
150 819
150 818
150 817
150 1056
150 1058
150 855
150 1060
150 1068
150 1069
150 1070
150 1073
150 789
150 788
150 824
150 1055
150 829
150 830
150 853
150 852
150 851
150 850
150 848
150 845
150 844
150 842
150 841
150 840
150 839
150 835
150 833
150 832
150 831
150 1083
150 1084
150 772
150 734
150 729
150 728
150 727
150 725
150 723
150 722
150 720
150 1099
150 716
150 715
150 1100
150 1102
150 1103
150 706
150 1109
150 733
150 735
150 765
150 736
150 763
150 762
150 761
150 760
150 758
150 754
150 751
150 750
150 745
150 744
150 743
150 742
150 741
150 739
150 737
150 854
150 862
150 1254
150 957
150 1030
150 1031
150 968
150 963
150 961
150 960
150 958
150 956
150 863
150 955
150 954
150 953
150 952
150 950
150 1033
150 1034
150 1028
150 974
150 1027
150 1026
150 1011
150 1014
150 1016
150 1017
150 1018
150 995
150 1021
150 1022
150 1023
150 1024
150 989
150 988
150 1025
150 984
150 980
150 944
150 942
150 940
150 1050
150 892
150 891
150 890
150 888
150 887
150 885
150 882
150 1052
150 1053
150 875
150 871
150 869
150 868
150 866
150 864
150 893
150 897
150 938
150 898
150 937
150 935
150 933
150 932
150 1038
150 1045
150 1046
150 912
150 911
150 909
150 906
150 905
150 1048
150 1049
150 900
150 1116
150 1117
150 1118
150 444
150 463
150 462
150 461
150 459
150 457
150 450
150 445
150 437
150 1120
150 436
150 425
150 424
150 1217
150 1219
150 419
150 418
150 1203
150 471
150 475
150 477
150 1185
150 518
150 517
150 515
150 1189
150 1190
150 510
150 509
150 506
150 490
150 489
150 485
150 480
150 479
150 478
150 412
150 407
150 405
150 1232
150 1235
150 368
150 366
150 365
150 363
150 358
150 357
150 350
150 344
150 339
150 331
150 327
150 324
150 322
150 320
150 1234
150 376
150 404
150 377
150 403
150 400
150 399
150 397
150 396
150 394
150 393
150 392
150 388
150 387
150 386
150 385
150 382
150 381
150 380
150 524
150 527
150 1182
150 660
150 1145
150 653
150 651
150 650
150 648
150 647
150 645
150 644
150 639
150 1146
150 1148
150 1150
150 631
150 1160
150 622
150 659
150 1142
150 620
150 1141
150 1121
150 1123
150 1125
150 1126
150 1127
150 1129
150 1130
150 1131
150 1133
150 1135
150 1136
150 1137
150 1138
150 1139
150 664
150 621
150 619
150 533
150 583
150 581
150 579
150 1171
150 1172
150 1173
150 1174
150 563
150 558
150 1176
150 551
150 1177
150 1178
150 544
150 543
150 539
150 582
150 584
150 618
150 586
150 617
150 616
150 607
150 602
150 1165
150 1166
150 598
150 1167
150 596
150 595
150 594
150 592
150 591
150 590
150 587
150 507
