151 1062
151 676
151 678
151 465
151 250
151 492
151 287
151 1246
151 52
151 470
151 671
151 924
151 1074
151 222
151 247
151 652
151 464
151 1306
151 1289
151 1229
151 1333
151 748
151 1075
151 289
151 432
151 839
151 206
151 498
151 1231
151 632
151 525
151 1188
151 1262
151 147
151 1311
151 1386
151 230
151 783
151 1366
151 1332
151 781
151 677
151 698
151 336
151 971
151 1334
151 1362
151 409
151 1021
151 121
151 612
151 794
151 680
151 991
151 752
151 433
151 1266
151 809
151 545
151 917
151 1331
151 919
151 1339
151 923
151 1006
151 1051
151 1076
151 1384
151 307
151 921
151 1355
151 675
151 693
151 288
151 692
151 1192
151 1342
151 557
151 891
151 1243
151 1185
151 97
151 770
151 655
151 694
151 1182
151 122
151 626
151 808
151 395
151 950
151 224
151 877
151 443
151 229
151 292
151 512
151 1290
151 227
151 547
151 1234
151 1340
151 435
151 60
151 954
151 704
151 605
151 633
151 803
151 453
151 345
151 1200
151 13
151 1090
151 784
151 1039
151 699
151 1009
151 240
151 1337
151 601
151 1352
151 202
151 513
151 1248
151 120
151 248
151 681
151 696
151 142
151 593
151 674
151 1151
151 497
151 662
151 1381
151 811
151 584
151 58
151 761
151 369
151 945
151 39
151 63
151 49
151 10
151 970
151 1121
151 352
151 427
151 1367
151 1261
151 193
151 1108
151 246
151 556
151 399
151 474
151 1227
151 1225
151 420
151 901
151 37
151 1133
151 695
151 683
151 1343
151 749
151 305
151 791
151 673
151 1046
151 266
151 54
151 600
151 814
151 203
151 514
151 927
151 279
151 235
151 637
151 133
151 311
151 200
151 1341
151 428
151 546
151 225
151 173
151 1382
151 779
151 916
151 241
151 1066
151 434
151 1239
151 861
151 1277
151 379
151 251
151 205
151 1237
151 503
151 14
151 1280
151 148
151 1003
151 599
151 101
151 415
151 1166
151 461
151 638
151 364
151 413
151 938
151 624
151 1183
151 466
151 473
151 929
151 920
151 793
151 1198
151 232
151 55
151 454
151 195
151 990
151 318
151 284
151 231
151 1207
151 1336
151 1080
151 1320
151 980
151 860
151 643
151 74
151 337
151 378
151 1356
151 373
151 780
151 76
151 1175
151 1233
151 986
151 798
151 569
151 1145
151 1125
151 1199
151 1304
151 391
151 1091
151 574
151 714
151 509
151 194
151 1
151 805
151 265
151 1222
151 775
151 186
151 636
151 1092
151 1276
151 78
151 273
151 189
151 1235
151 687
151 38
151 838
151 1250
151 703
151 197
151 943
151 370
151 1397
151 782
151 843
151 902
151 187
151 689
151 1317
151 952
151 31
151 79
151 421
151 35
151 1197
151 762
151 757
151 520
151 165
151 442
151 955
151 767
151 1107
151 48
151 1168
151 95
151 1271
151 1084
151 283
151 1390
151 1385
151 755
151 274
151 768
151 80
151 918
151 539
151 1064
151 277
151 234
151 1077
151 1116
151 712
151 984
151 1135
151 609
151 159
151 688
151 30
151 192
151 85
151 11
151 493
151 1147
151 922
151 1111
151 226
151 797
151 708
151 375
151 70
151 758
151 467
151 459
151 731
151 1045
151 416
151 686
151 1281
151 904
151 249
151 997
151 1371
151 747
151 1380
151 276
151 1360
151 62
151 697
151 1190
151 1089
151 411
151 1294
151 1162
151 1312
151 896
151 57
151 1082
151 1314
151 458
151 1378
151 789
151 700
151 468
151 1010
151 15
151 1310
151 491
151 564
151 315
151 720
151 109
151 962
151 82
151 449
151 721
151 977
151 204
151 282
151 1338
151 665
151 1365
151 889
151 126
151 926
151 663
151 1170
151 431
151 1099
151 324
151 1043
151 140
151 333
151 110
151 1186
151 1240
151 672
151 1267
151 400
151 199
151 1254
151 979
151 1321
151 264
151 1169
151 84
151 610
151 212
151 543
151 209
151 1313
151 988
151 300
151 1004
151 580
151 1137
151 654
151 217
151 745
151 845
151 585
151 972
151 25
151 304
151 123
151 571
151 983
151 176
151 360
151 294
151 978
151 290
151 785
151 91
151 196
151 1230
151 989
151 602
151 1184
151 606
151 1324
151 1315
151 722
151 1377
151 56
151 1205
151 1011
151 827
151 869
151 191
151 310
151 946
151 595
151 36
151 1375
151 801
151 852
151 1087
151 679
151 1146
151 1301
151 329
151 519
151 1298
151 558
151 452
151 423
151 1054
151 188
151 128
151 455
151 521
151 1287
151 146
151 1088
151 522
151 1160
151 353
151 1328
151 535
151 1202
151 487
151 285
151 743
151 334
151 1163
151 1130
151 47
151 540
151 1144
151 730
151 1307
151 135
151 641
151 259
151 1106
151 1179
151 1073
151 314
151 480
151 1093
151 183
151 544
151 894
151 179
151 308
151 330
151 1100
151 709
151 406
151 538
151 1213
151 1400
151 911
151 657
151 1303
151 763
151 1055
151 773
151 213
151 111
151 131
151 346
151 114
151 985
151 567
151 879
151 1115
151 930
151 559
151 1017
151 381
151 987
151 1094
151 211
151 800
151 486
151 592
151 739
151 1309
151 262
151 301
151 548
151 691
151 873
151 331
151 69
151 586
151 1119
151 1349
151 1083
151 174
151 1128
151 1221
151 1326
151 974
151 796
151 795
151 883
151 1208
151 40
151 1129
151 734
151 3
151 572
151 1109
151 1136
151 496
151 1364
151 895
151 830
151 947
151 993
151 1124
151 806
151 1285
151 701
151 1171
151 127
151 851
151 27
151 961
151 1095
151 50
151 410
151 252
151 59
151 1322
151 1164
151 1000
151 640
151 907
151 1300
151 1052
151 313
151 958
151 1257
151 155
151 42
151 532
151 1218
151 386
151 542
151 445
151 537
151 792
151 647
151 508
151 956
151 994
151 239
151 1157
151 682
151 635
151 1241
151 685
151 1232
151 1374
151 72
151 365
151 934
151 898
151 1063
151 339
151 1114
151 746
151 836
151 485
151 501
151 518
151 561
151 829
151 616
151 1212
151 242
151 312
151 1086
151 579
151 404
151 43
151 1224
151 1392
151 363
151 1070
151 494
151 774
151 756
151 846
151 1296
151 1053
151 966
151 506
151 263
151 733
151 362
151 1156
151 178
151 489
151 291
151 949
151 90
151 996
151 460
151 1238
151 1127
151 833
151 566
151 1191
151 73
151 1216
151 1071
151 560
151 198
151 644
151 160
151 451
151 948
151 328
151 711
151 964
151 280
151 341
151 1318
151 1258
151 258
151 844
151 139
151 134
151 729
151 447
151 1193
151 357
151 660
151 1050
151 325
151 439
151 777
151 1061
151 1187
151 642
151 1369
151 1019
151 322
151 20
151 1373
151 551
151 145
151 648
151 181
151 32
151 5
151 309
151 216
151 335
151 1206
151 754
151 1219
151 297
151 753
151 223
151 316
151 228
151 910
151 1117
151 1292
151 1260
151 717
151 99
151 1359
151 256
151 705
151 388
151 243
151 469
151 115
151 1032
151 355
151 407
151 1068
151 656
151 628
151 661
151 245
151 1236
151 1042
151 1272
151 723
151 295
151 327
151 863
151 106
151 398
151 29
151 857
151 831
151 976
151 1122
151 1274
151 425
151 823
151 347
151 1167
151 495
151 385
151 1165
151 1161
151 504
151 340
151 876
151 575
151 1319
151 1195
151 64
151 810
151 1110
151 933
151 1047
151 1033
151 619
151 1103
151 865
151 354
151 1098
151 441
151 1263
151 1383
151 1308
151 651
151 92
151 931
151 154
151 975
151 1104
151 856
151 24
151 1335
151 1396
151 1325
151 1398
151 1196
151 925
151 939
151 233
151 397
151 583
151 367
151 19
151 89
151 750
151 326
151 1132
151 1376
151 563
151 482
151 175
151 528
151 100
151 1040
151 150
151 1140
151 702
151 523
151 536
151 735
151 1348
151 1350
151 33
151 484
151 874
151 1138
151 707
151 376
151 967
151 361
151 108
151 478
151 725
151 981
151 430
151 113
151 344
151 169
151 1242
151 260
151 653
151 510
151 667
151 664
151 629
151 1210
151 1143
151 841
151 94
151 1029
151 261
151 959
151 736
151 475
151 392
151 568
151 765
151 527
151 1302
151 587
151 171
151 878
151 1316
151 1215
151 1368
151 366
151 481
151 210
151 93
151 1393
151 1204
151 1327
151 868
151 650
151 912
151 597
151 573
151 815
151 591
151 138
151 631
151 1002
151 414
151 668
151 1112
151 158
151 900
151 848
151 185
151 884
151 278
151 760
151 424
151 358
151 788
151 1067
151 124
151 1283
151 268
151 446
151 86
151 448
151 1372
151 1148
151 790
151 622
151 1044
151 740
151 582
151 915
151 221
151 744
151 257
151 472
151 634
151 1353
151 1220
151 1387
151 627
151 1388
151 208
151 529
151 1065
151 552
151 666
151 68
151 1105
151 1025
151 1217
151 1201
151 422
151 6
151 1273
151 531
151 554
151 847
151 1118
151 1268
151 372
151 1134
151 299
151 936
151 244
151 1149
151 867
151 383
151 1081
151 1363
151 105
151 356
151 88
151 1008
151 1223
151 576
151 659
151 321
151 645
151 941
151 553
151 1249
151 456
151 1126
151 215
151 799
151 982
151 825
151 555
151 293
151 479
151 272
151 772
151 1354
151 1255
151 727
151 807
151 578
151 151
151 1178
151 1155
151 957
151 1329
151 766
151 613
151 690
151 973
151 390
151 463
151 603
151 897
151 488
151 51
151 141
151 1252
151 168
151 1031
151 296
151 368
151 1389
151 813
151 905
151 12
151 1391
151 1351
151 614
151 1001
151 1131
151 1245
151 1139
151 1097
151 129
151 75
151 1059
151 16
151 738
151 118
151 1323
151 403
151 1173
151 1361
151 1295
151 1265
151 163
151 1344
151 207
151 893
151 1297
151 302
151 1209
151 937
151 267
151 719
151 348
151 588
151 1180
151 1259
151 9
151 237
151 1270
151 201
151 112
151 116
151 236
151 342
151 928
151 1172
151 1113
151 220
151 426
151 1247
151 903
151 1347
151 822
151 732
151 1370
151 1291
151 317
151 53
151 804
151 562
151 332
151 152
151 166
151 1264
151 1154
151 565
151 858
151 177
151 1034
151 1072
151 710
151 1035
151 826
151 1056
151 96
151 44
151 992
151 164
151 401
151 859
151 1226
151 589
151 625
151 417
151 77
151 1020
151 182
151 1037
151 7
151 180
151 1038
151 8
151 913
151 914
151 969
151 81
151 1036
151 968
151 83
151 1022
151 34
151 1060
151 1358
151 87
151 965
151 172
151 963
151 909
151 184
151 170
151 71
151 999
151 998
151 995
151 899
151 2
151 1379
151 1030
151 46
151 61
151 45
151 65
151 1024
151 4
151 66
151 190
151 1005
151 906
151 908
151 67
151 1330
151 41
151 1007
151 1023
151 1028
151 1012
151 935
151 1027
151 153
151 1018
151 18
151 1394
151 149
151 1345
151 1346
151 951
151 1049
151 117
151 119
151 944
151 144
151 942
151 125
151 940
151 130
151 143
151 1048
151 132
151 136
151 932
151 137
151 1395
151 21
151 22
151 104
151 960
151 167
151 1357
151 1013
151 98
151 28
151 1014
151 102
151 103
151 1058
151 107
151 953
151 162
151 26
151 1015
151 161
151 1057
151 1016
151 1041
151 23
151 157
151 156
151 17
151 821
151 892
151 437
151 440
151 706
151 444
151 1399
151 450
151 457
151 1141
151 1142
151 462
151 1214
151 684
151 1211
151 471
151 476
151 477
151 1150
151 483
151 1152
151 1153
151 490
151 670
151 438
151 436
151 387
151 1228
151 389
151 393
151 394
151 1251
151 396
151 402
151 405
151 728
151 408
151 726
151 412
151 1244
151 418
151 419
151 724
151 718
151 716
151 715
151 1123
151 429
151 713
151 669
151 499
151 500
151 658
151 618
151 1189
151 617
151 615
151 549
151 550
151 611
151 1181
151 608
151 607
151 604
151 1174
151 570
151 1176
151 598
151 596
151 577
151 594
151 1177
151 581
151 590
151 620
151 621
151 541
151 516
151 502
151 1203
151 505
151 1158
151 507
151 649
151 511
151 646
151 515
151 517
151 623
151 1159
151 1194
151 639
151 524
151 526
151 530
151 630
151 533
151 534
151 737
151 384
151 890
151 853
151 850
151 849
151 253
151 254
151 255
151 842
151 840
151 1288
151 1078
151 269
151 270
151 271
151 1286
151 837
151 275
151 1284
151 1282
151 835
151 281
151 834
151 1279
151 1293
151 854
151 382
151 855
151 888
151 887
151 886
151 885
151 882
151 214
151 881
151 880
151 218
151 219
151 1069
151 875
151 872
151 871
151 870
151 1305
151 866
151 864
151 238
151 862
151 1299
151 1278
151 832
151 286
151 1275
151 338
151 776
151 771
151 343
151 769
151 349
151 350
151 351
151 764
151 759
151 359
151 751
151 1120
151 371
151 1256
151 374
151 377
151 742
151 1253
151 380
151 741
151 778
151 1102
151 1101
151 1269
151 828
151 824
151 820
151 298
151 819
151 818
151 303
151 817
151 306
151 816
151 786
151 1079
151 812
151 1085
151 319
151 320
151 802
151 323
151 1096
151 787
151 1026
