152 671
152 336
152 1076
152 3
152 326
152 1225
152 1355
152 547
152 1311
152 250
152 4
152 678
152 1062
152 652
152 406
152 333
152 1386
152 899
152 655
152 664
152 189
152 672
152 23
152 1188
152 324
152 1364
152 1366
152 696
152 346
152 1382
152 924
152 794
152 798
152 205
152 133
152 192
152 335
152 76
152 256
152 632
152 465
152 339
152 1362
152 334
152 291
152 304
152 1339
152 1229
152 345
152 1075
152 1064
152 74
152 1074
152 52
152 573
152 358
152 1215
152 676
152 316
152 1381
152 749
152 970
152 629
152 458
152 147
152 55
152 1365
152 972
152 783
152 569
152 610
152 80
152 959
152 1261
152 240
152 94
152 435
152 63
152 247
152 1106
152 971
152 1383
152 337
152 1192
152 62
152 1154
152 54
152 1289
152 545
152 1341
152 484
152 601
152 1301
152 1281
152 513
152 413
152 311
152 1384
152 376
152 646
152 1237
152 21
152 683
152 977
152 242
152 698
152 1222
152 308
152 134
152 347
152 375
152 559
152 306
152 188
152 37
152 1220
152 1263
152 287
152 1334
152 1331
152 1155
152 329
152 565
152 1107
152 1
152 673
152 784
152 943
152 919
152 661
152 917
152 896
152 504
152 16
152 272
152 222
152 1332
152 1009
152 961
152 252
152 179
152 254
152 209
152 284
152 697
152 79
152 789
152 36
152 355
152 307
152 826
152 1198
152 525
152 974
152 43
152 1185
152 315
152 289
152 464
152 105
152 53
152 227
152 796
152 142
152 568
152 600
152 123
152 781
152 1149
152 809
152 991
152 135
152 1371
152 811
152 528
152 1080
152 1241
152 761
152 1213
152 364
152 1182
152 1090
152 923
152 803
152 699
152 1205
152 1100
152 340
152 145
152 191
152 1243
152 173
152 443
152 754
152 562
152 680
152 679
152 378
152 612
152 921
152 1092
152 174
152 808
152 457
152 170
152 95
152 271
152 1337
152 460
152 996
152 310
152 674
152 292
152 24
152 686
152 383
152 377
152 187
152 1115
152 366
152 362
152 393
152 662
152 1266
152 72
152 348
152 1235
152 799
152 433
152 309
152 1274
152 979
152 1091
152 1211
152 2
152 318
152 71
152 1254
152 527
152 125
152 261
152 492
152 180
152 288
152 695
152 1319
152 276
152 694
152 791
152 124
152 1142
152 282
152 448
152 1111
152 692
152 752
152 461
152 1246
152 693
152 279
152 637
152 992
152 520
152 1342
152 416
152 487
152 1184
152 200
152 1273
152 1109
152 431
152 1310
152 633
152 675
152 902
152 9
152 365
152 636
152 459
152 1395
152 1300
152 556
152 328
152 89
152 343
152 779
152 529
152 570
152 395
152 121
152 8
152 973
152 230
152 489
152 498
152 479
152 564
152 58
152 934
152 1351
152 1264
152 322
152 939
152 1352
152 60
152 260
152 186
152 1157
152 912
152 1003
152 382
152 599
152 363
152 13
152 1200
152 1234
152 625
152 938
152 96
152 255
152 572
152 857
152 1227
152 353
152 920
152 432
152 305
152 1004
152 126
152 700
152 1323
152 925
152 7
152 1239
152 111
152 1260
152 314
152 474
152 1338
152 903
152 540
152 1307
152 877
152 966
152 265
152 397
152 409
152 860
152 481
152 49
152 439
152 182
152 1094
152 1343
152 155
152 927
152 933
152 763
152 623
152 666
152 563
152 681
152 246
152 40
152 535
152 325
152 1233
152 197
152 241
152 714
152 470
152 475
152 1385
152 293
152 194
152 780
152 442
152 948
152 1278
152 165
152 667
152 342
152 721
152 59
152 576
152 478
152 643
152 839
152 1276
152 107
152 1356
152 352
152 677
152 349
152 381
152 176
152 689
152 748
152 1199
152 321
152 1262
152 773
152 204
152 420
152 593
152 223
152 1322
152 1394
152 434
152 1324
152 225
152 1002
152 1302
152 1240
152 1290
152 50
152 31
152 712
152 1228
152 1223
152 663
152 1191
152 168
152 1309
152 1187
152 668
152 388
152 1333
152 17
152 1340
152 445
152 1277
152 1271
152 1039
152 1349
152 822
152 39
152 229
152 493
152 918
152 344
152 327
152 892
152 258
152 762
152 993
152 518
152 797
152 128
152 97
152 901
152 519
152 638
152 299
152 150
152 962
152 788
152 770
152 45
152 140
152 710
152 929
152 1232
152 861
152 1268
152 78
152 1006
152 1216
152 792
152 303
152 268
152 117
152 1282
152 1055
152 1251
152 226
152 708
152 1045
152 14
152 904
152 207
152 262
152 1226
152 203
152 766
152 1306
152 645
152 1095
152 1207
152 997
152 785
152 1183
152 148
152 503
152 1163
152 1089
152 411
152 42
152 526
152 249
152 1082
152 1041
152 1040
152 965
152 399
152 838
152 1162
152 1398
152 57
152 235
152 1375
152 1292
152 239
152 245
152 1280
152 1053
152 300
152 734
152 496
152 1169
152 1010
152 793
152 73
152 1372
152 34
152 266
152 131
152 1126
152 220
152 244
152 630
152 1036
152 193
152 195
152 231
152 1008
152 88
152 1144
152 926
152 650
152 1170
152 267
152 557
152 1164
152 1186
152 1257
152 449
152 611
152 101
152 112
152 1231
152 1218
152 25
152 1147
152 704
152 964
152 1212
152 975
152 1304
152 453
152 1326
152 1336
152 61
152 685
152 711
152 604
152 115
152 553
152 1125
152 502
152 11
152 846
152 1197
152 690
152 421
152 543
152 560
152 916
152 294
152 269
152 642
152 477
152 1021
152 1230
152 248
152 1248
152 151
152 35
152 1315
152 1390
152 994
152 1011
152 10
152 251
152 22
152 1370
152 595
152 602
152 801
152 1236
152 1221
152 701
152 574
152 495
152 872
152 1321
152 537
152 1252
152 1350
152 558
152 703
152 538
152 1201
152 139
152 571
152 208
152 146
152 566
152 494
152 1079
152 206
152 1165
152 954
152 1193
152 497
152 757
152 1156
152 1250
152 48
152 183
152 394
152 782
152 341
152 806
152 983
152 651
152 768
152 84
152 709
152 1145
152 296
152 1354
152 259
152 466
152 807
152 1325
152 624
152 1368
152 1093
152 338
152 858
152 1133
152 969
152 859
152 626
152 1259
152 213
152 1108
152 1059
152 897
152 976
152 567
152 879
152 1032
152 634
152 455
152 1313
152 1005
152 1209
152 456
152 687
152 905
152 218
152 691
152 114
152 855
152 876
152 1132
152 514
152 85
152 848
152 505
152 1131
152 452
152 814
152 1035
152 1139
152 415
152 795
152 386
152 946
152 1208
152 210
152 1136
152 895
152 805
152 1124
152 217
152 1172
152 1353
152 69
152 1285
152 1312
152 500
152 955
152 536
152 1173
152 1171
152 891
152 935
152 620
152 38
152 1195
152 468
152 30
152 605
152 1288
152 755
152 1000
152 628
152 1066
152 313
152 320
152 815
152 856
152 1051
152 508
152 944
152 653
152 450
152 26
152 800
152 682
152 104
152 747
152 1294
152 379
152 847
152 753
152 1180
152 546
152 978
152 297
152 659
152 765
152 1128
152 1168
152 1114
152 1061
152 290
152 199
152 561
152 56
152 1084
152 312
152 608
152 91
152 1097
152 1151
152 1400
152 941
152 1249
152 823
152 122
152 109
152 1056
152 665
152 1070
152 224
152 423
152 589
152 273
152 120
152 722
152 960
152 119
152 1347
152 512
152 257
152 657
152 163
152 263
152 172
152 454
152 1224
152 733
152 830
152 940
152 949
152 1244
152 1247
152 1238
152 141
152 373
152 1071
152 1031
152 12
152 211
152 1177
152 1284
152 391
152 1258
152 201
152 1245
152 731
152 417
152 1001
152 1298
152 47
152 370
152 473
152 491
152 1116
152 44
152 867
152 550
152 1166
152 852
152 1296
152 331
152 1378
152 467
152 1189
152 775
152 854
152 1204
152 928
152 981
152 403
152 1072
152 531
152 181
152 216
152 580
152 551
152 555
152 648
152 90
152 910
152 1210
152 506
152 987
152 1043
152 705
152 444
152 277
152 232
152 956
152 422
152 407
152 1167
152 369
152 825
152 1068
152 609
152 587
152 1202
152 1042
152 1272
152 723
152 196
152 162
152 585
152 198
152 831
152 410
152 1279
152 688
152 539
152 486
152 127
152 1214
152 286
152 870
152 425
152 517
152 1317
152 64
152 603
152 810
152 1344
152 1033
152 1103
152 354
152 1380
152 5
152 264
152 92
152 418
152 922
152 298
152 154
152 1314
152 607
152 1335
152 739
152 1303
152 720
152 1030
152 371
152 907
152 583
152 319
152 441
152 19
152 234
152 1119
152 750
152 1083
152 81
152 952
152 874
152 401
152 152
152 202
152 166
152 175
152 360
152 729
152 380
152 1096
152 110
152 541
152 323
152 1348
152 883
152 1299
152 70
152 1137
152 1129
152 660
152 967
152 361
152 746
152 1153
152 1135
152 743
152 430
152 875
152 1130
152 274
152 1267
152 588
152 751
152 845
152 169
152 1242
152 594
152 480
152 510
152 1047
152 715
152 1143
152 658
152 1360
152 1391
152 586
152 1367
152 285
152 392
152 1253
152 736
152 1069
152 1361
152 428
152 1265
152 827
152 591
152 283
152 138
152 631
152 909
152 414
152 590
152 1112
152 1320
152 953
152 900
152 275
152 598
152 185
152 1046
152 228
152 102
152 1377
152 911
152 156
152 865
152 542
152 1098
152 278
152 437
152 1067
152 1190
152 1283
152 86
152 82
152 592
152 732
152 424
152 915
152 6
152 836
152 744
152 616
152 534
152 404
152 472
152 584
152 1099
152 654
152 597
152 476
152 889
152 771
152 869
152 635
152 149
152 737
152 554
152 1118
152 372
152 359
152 132
152 1134
152 649
152 717
152 1287
152 1081
152 356
152 1328
152 849
152 894
152 769
152 215
152 851
152 1159
152 1054
152 887
152 772
152 1255
152 212
152 727
152 578
152 68
152 615
152 957
152 945
152 1329
152 27
152 1396
152 980
152 1196
152 1160
152 488
152 32
152 427
152 233
152 641
152 87
152 18
152 930
152 843
152 1181
152 15
152 656
152 129
152 1179
152 33
152 1316
152 75
152 548
152 1110
152 1127
152 606
152 447
152 613
152 390
152 575
152 893
152 1052
152 1077
152 302
152 937
152 1219
152 190
152 998
152 758
152 986
152 1217
152 1013
152 1018
152 171
152 522
152 1117
152 184
152 1270
152 644
152 984
152 511
152 99
152 116
152 236
152 1346
152 1295
152 713
152 942
152 1297
152 618
152 985
152 947
152 1057
152 767
152 20
152 426
152 760
152 828
152 1291
152 804
152 999
152 51
152 332
152 730
152 614
152 66
152 1387
152 177
152 764
152 1034
152 707
152 29
152 317
152 1203
152 160
152 270
152 837
152 1019
152 219
152 1104
152 100
152 1175
152 77
152 83
152 968
152 1397
152 1086
152 167
152 1065
152 1087
152 161
152 1088
152 164
152 1078
152 159
152 1020
152 67
152 1025
152 1024
152 1369
152 1023
152 1022
152 1363
152 158
152 28
152 1017
152 963
152 1016
152 93
152 1359
152 65
152 1026
152 1373
152 1027
152 1374
152 1050
152 1028
152 1029
152 1376
152 1379
152 1049
152 1048
152 1037
152 46
152 1038
152 41
152 1044
152 1358
152 1357
152 1015
152 989
152 157
152 1085
152 153
152 1393
152 982
152 144
152 143
152 1063
152 137
152 136
152 1345
152 1392
152 988
152 130
152 990
152 98
152 995
152 1060
152 118
152 113
152 1007
152 1058
152 1389
152 108
152 1073
152 106
152 1012
152 103
152 1388
152 1014
152 178
152 640
152 1330
152 523
152 756
152 745
152 482
152 483
152 485
152 1206
152 490
152 742
152 741
152 740
152 499
152 738
152 501
152 735
152 507
152 509
152 515
152 516
152 728
152 471
152 469
152 759
152 438
152 802
152 1121
152 429
152 1122
152 1123
152 790
152 787
152 436
152 786
152 463
152 440
152 446
152 778
152 777
152 451
152 776
152 774
152 462
152 521
152 524
152 958
152 726
152 579
152 581
152 582
152 1146
152 1148
152 596
152 1174
152 1150
152 1152
152 1158
152 670
152 669
152 617
152 619
152 621
152 622
152 1161
152 627
152 647
152 577
152 684
152 1176
152 544
152 725
152 1194
152 724
152 530
152 532
152 533
152 719
152 718
152 716
152 1178
152 549
152 552
152 706
152 702
152 1399
152 1138
152 1140
152 1141
152 419
152 1120
152 412
152 408
152 1113
152 1305
152 890
152 888
152 886
152 885
152 884
152 280
152 281
152 882
152 881
152 1293
152 880
152 878
152 295
152 873
152 871
152 301
152 868
152 898
152 1308
152 253
152 1101
152 1327
152 951
152 950
152 936
152 932
152 931
152 214
152 221
152 1102
152 906
152 1318
152 1105
152 237
152 238
152 914
152 913
152 243
152 908
152 1286
152 866
152 864
152 818
152 824
152 821
152 384
152 385
152 820
152 387
152 819
152 389
152 817
152 368
152 816
152 396
152 813
152 398
152 812
152 400
152 402
152 405
152 374
152 367
152 863
152 841
152 862
152 639
152 850
152 844
152 1275
152 330
152 1269
152 842
152 840
152 829
152 835
152 834
152 833
152 832
152 1256
152 350
152 351
152 357
152 853
