154 832
154 1088
154 1054
154 1087
154 1063
154 1086
154 111
154 1055
154 1262
154 1108
154 1053
154 15
154 785
154 833
154 584
154 159
154 730
154 479
154 1389
154 987
154 351
154 1370
154 1085
154 1382
154 1362
154 266
154 916
154 827
154 451
154 1222
154 1377
154 300
154 470
154 1375
154 349
154 32
154 551
154 1368
154 656
154 367
154 863
154 777
154 703
154 1294
154 943
154 575
154 537
154 422
154 684
154 1392
154 1231
154 454
154 530
154 225
154 299
154 150
154 390
154 217
154 922
154 1210
154 1073
154 1384
154 731
154 570
154 1366
154 281
154 318
154 659
154 940
154 719
154 1182
154 1390
154 1240
154 585
154 739
154 693
154 627
154 1043
154 692
154 59
154 475
154 1361
154 699
154 931
154 50
154 410
154 1233
154 145
154 1371
154 285
154 93
154 1061
154 47
154 1056
154 1082
154 677
154 395
154 980
154 521
154 383
154 694
154 1267
154 457
154 681
154 734
154 644
154 476
154 1301
154 19
154 173
154 1019
154 485
154 917
154 72
154 264
154 614
154 657
154 1265
154 962
154 1235
154 115
154 1312
154 956
154 565
154 775
154 1184
154 1084
154 1194
154 830
154 977
154 1317
154 608
154 1067
154 592
154 522
154 474
154 941
154 278
154 580
154 918
154 515
154 449
154 802
154 13
154 118
154 248
154 1385
154 861
154 507
154 1129
154 813
154 1246
154 767
154 448
154 276
154 116
154 459
154 385
154 1224
154 1266
154 1076
154 1219
154 1154
154 831
154 945
154 733
154 527
154 167
154 1077
154 1259
154 117
154 163
154 232
154 48
154 1216
154 1178
154 283
154 425
154 851
154 341
154 157
154 626
154 985
154 1036
154 1192
154 1270
154 1386
154 1230
154 752
154 1341
154 801
154 68
154 538
154 756
154 896
154 376
154 853
154 1297
154 680
154 488
154 1383
154 1258
154 1255
154 28
154 1320
154 1260
154 844
154 331
154 735
154 35
154 1137
154 164
154 873
154 364
154 1047
154 246
154 24
154 131
154 1208
154 103
154 920
154 369
154 637
154 155
154 435
154 133
154 247
154 846
154 750
154 1286
154 788
154 523
154 835
154 162
154 1033
154 654
154 850
154 510
154 878
154 1070
154 460
154 1250
154 981
154 872
154 467
154 1121
154 967
154 670
154 1261
154 951
154 937
154 169
154 1391
154 432
154 889
154 1068
154 461
154 1146
154 1079
154 1275
154 1276
154 290
154 352
154 803
154 359
154 166
154 557
154 745
154 613
154 14
154 1
154 1175
154 357
154 548
154 498
154 936
154 424
154 468
154 779
154 1273
154 112
154 213
154 974
154 458
154 682
154 1020
154 579
154 771
154 33
154 1185
154 428
154 1282
154 593
154 781
154 596
154 842
154 375
154 417
154 3
154 978
154 389
154 738
154 292
154 11
154 325
154 1112
154 58
154 446
154 784
154 1343
154 499
154 841
154 754
154 413
154 890
154 192
154 630
154 1356
154 101
154 1365
154 473
154 824
154 923
154 180
154 744
154 1280
154 1306
154 786
154 869
154 109
154 377
154 1298
154 1248
154 1191
154 1336
154 313
154 819
154 1201
154 94
154 5
154 62
154 1144
154 211
154 1279
154 379
154 314
154 10
154 618
154 1225
154 1372
154 506
154 356
154 866
154 843
154 1352
154 494
154 122
154 1133
154 1199
154 874
154 1245
154 1271
154 342
154 280
154 1117
154 1141
154 240
154 1123
154 52
154 712
154 1263
154 1200
154 382
154 616
154 301
154 315
154 273
154 990
154 404
154 1295
154 683
154 1148
154 540
154 1083
154 333
154 783
154 921
154 1156
154 913
154 594
154 1388
154 1380
154 307
154 371
154 975
154 177
154 128
154 814
154 666
154 328
154 1289
154 1399
154 319
154 168
154 206
154 234
154 930
154 251
154 964
154 252
154 1116
154 1364
154 394
154 532
154 727
154 639
154 1000
154 493
154 407
154 647
154 1342
154 676
154 1360
154 105
154 1114
154 871
154 204
154 195
154 336
154 539
154 652
154 701
154 672
154 761
154 274
154 661
154 130
154 469
154 282
154 501
154 881
154 193
154 704
154 160
154 1035
154 1299
154 1044
154 1309
154 387
154 54
154 778
154 737
154 257
154 305
154 1081
154 1066
154 838
154 894
154 563
154 946
154 255
154 674
154 992
154 91
154 317
154 368
154 854
154 337
154 423
154 156
154 542
154 798
154 289
154 1166
154 309
154 421
154 170
154 287
154 678
154 1071
154 1340
154 633
154 1027
154 1186
154 1318
154 346
154 119
154 1197
154 316
154 294
154 589
154 227
154 370
154 553
154 505
154 365
154 587
154 1131
154 1310
154 104
154 81
154 984
154 73
154 929
154 361
154 1339
154 496
154 185
154 322
154 120
154 1119
154 663
154 924
154 452
154 1179
154 535
154 648
154 393
154 649
154 968
154 267
154 99
154 901
154 223
154 95
154 23
154 1207
154 1180
154 403
154 298
154 1032
154 806
154 4
154 1196
154 1181
154 397
154 398
154 49
154 818
154 826
154 762
154 685
154 561
154 190
154 998
154 1074
154 705
154 1187
154 934
154 1060
154 63
154 1110
154 304
154 360
154 619
154 381
154 765
154 1091
154 755
154 606
154 1023
154 492
154 641
154 235
154 60
154 732
154 373
154 925
154 743
154 1190
154 399
154 224
154 140
154 453
154 1236
154 1193
154 519
154 135
154 408
154 852
154 92
154 512
154 230
154 591
154 1333
154 1332
154 566
154 414
154 203
154 497
154 482
154 509
154 401
154 1284
154 477
154 241
154 556
154 323
154 1367
154 848
154 431
154 411
154 1140
154 702
154 258
154 1355
154 559
154 419
154 965
154 82
154 84
154 828
154 1283
154 1138
154 562
154 1171
154 1050
154 1188
154 311
154 478
154 576
154 443
154 113
154 143
154 1281
154 1037
154 763
154 1029
154 400
154 736
154 1006
154 1024
154 2
154 329
154 1205
154 29
154 560
154 416
154 355
154 1316
154 1328
154 655
154 132
154 740
154 433
154 202
154 321
154 1252
154 849
154 1338
154 70
154 700
154 1322
154 741
154 868
154 1397
154 597
154 1145
154 1165
154 623
154 601
154 552
154 503
154 1038
154 1319
154 668
154 1234
154 22
154 887
154 384
154 1028
154 564
154 465
154 884
154 902
154 636
154 149
154 615
154 986
154 1078
154 231
154 671
154 718
154 1080
154 856
154 944
154 789
154 888
154 790
154 622
154 582
154 768
154 583
154 472
154 1353
154 87
154 284
154 1005
154 61
154 799
154 1387
154 1381
154 770
154 525
154 96
154 780
154 466
154 151
154 16
154 1105
154 269
154 586
154 6
154 165
154 1221
154 277
154 158
154 989
154 543
154 988
154 148
154 55
154 1183
154 500
154 665
154 447
154 1104
154 675
154 1223
154 127
154 249
154 1147
154 660
154 108
154 86
154 952
154 809
154 218
154 1254
154 1374
154 1004
154 263
154 17
154 293
154 415
154 958
154 546
154 489
154 129
154 1238
154 1354
154 208
154 348
154 811
154 748
154 829
154 757
154 1268
154 374
154 345
154 1304
154 69
154 1394
154 859
154 1217
154 189
154 57
154 1106
154 171
154 463
154 883
154 1009
154 746
154 602
154 366
154 836
154 1291
154 1007
154 236
154 308
154 758
154 1363
154 698
154 12
154 43
154 691
154 42
154 620
154 297
154 1334
154 1202
154 760
154 186
154 388
154 191
154 259
154 332
154 1325
154 207
154 1324
154 927
154 1244
154 56
154 966
154 1198
154 114
154 673
154 288
154 237
154 1034
154 201
154 1127
154 455
154 1113
154 344
154 628
154 97
154 1040
154 1290
154 486
154 721
154 822
154 720
154 44
154 434
154 907
154 187
154 229
154 845
154 991
154 1296
154 782
154 85
154 427
154 520
154 1321
154 1300
154 100
154 25
154 947
154 1134
154 441
154 662
154 198
154 1373
154 717
154 928
154 262
154 792
154 244
154 1203
154 1204
154 1213
154 243
154 242
154 1212
154 1378
154 31
154 226
154 20
154 239
154 238
154 1211
154 228
154 21
154 1376
154 1209
154 759
154 707
154 222
154 1359
154 1206
154 233
154 1214
154 194
154 221
154 220
154 196
154 197
154 199
154 200
154 30
154 1226
154 711
154 710
154 205
154 1220
154 1228
154 1369
154 709
154 209
154 210
154 1218
154 212
154 1229
154 214
154 215
154 27
154 216
154 1215
154 18
154 26
154 1227
154 219
154 708
154 64
154 245
154 749
154 9
154 793
154 1163
154 8
154 279
154 1162
154 1161
154 1160
154 1159
154 7
154 1158
154 286
154 1157
154 1155
154 275
154 1395
154 1153
154 291
154 1152
154 697
154 1151
154 295
154 296
154 1396
154 1398
154 1150
154 1149
154 696
154 1164
154 1167
154 1195
154 1379
154 742
154 1189
154 706
154 34
154 250
154 1177
154 1176
154 253
154 254
154 1174
154 256
154 1173
154 1172
154 260
154 1393
154 261
154 787
154 1170
154 265
154 1169
154 753
154 751
154 1168
154 268
154 791
154 270
154 271
154 272
154 1232
154 184
154 188
154 1358
154 769
154 98
154 726
154 102
154 1315
154 1314
154 1313
154 106
154 107
154 725
154 1349
154 1311
154 110
154 1308
154 1307
154 1305
154 53
154 1350
154 1303
154 1302
154 1293
154 121
154 1292
154 123
154 124
154 125
154 126
154 724
154 51
154 774
154 728
154 1323
154 78
154 66
154 67
154 1337
154 1344
154 1335
154 1345
154 71
154 772
154 1331
154 74
154 75
154 76
154 77
154 79
154 1348
154 80
154 1330
154 1329
154 83
154 1327
154 1346
154 773
154 729
154 88
154 89
154 90
154 1326
154 1347
154 723
154 1351
154 1288
154 174
154 1253
154 1251
154 1249
154 715
154 1247
154 41
154 40
154 1243
154 1242
154 1241
154 39
154 172
154 1239
154 175
154 161
154 176
154 714
154 178
154 179
154 1237
154 181
154 182
154 183
154 65
154 713
154 38
154 37
154 36
154 45
154 716
154 1287
154 1272
154 1285
154 134
154 1278
154 136
154 137
154 138
154 139
154 1277
154 141
154 766
154 142
154 1274
154 144
154 146
154 1256
154 147
154 722
154 764
154 1357
154 1269
154 46
154 152
154 153
154 302
154 154
154 776
154 1264
154 1257
154 695
154 1124
154 303
154 911
154 536
154 914
154 534
154 533
154 915
154 531
154 919
154 529
154 528
154 926
154 526
154 817
154 524
154 932
154 933
154 912
154 910
154 517
154 909
154 903
154 904
154 555
154 554
154 905
154 821
154 906
154 550
154 549
154 547
154 820
154 545
154 544
154 908
154 541
154 518
154 516
154 970
154 954
154 955
154 957
154 815
154 491
154 490
154 812
154 959
154 487
154 960
154 484
154 483
154 961
154 481
154 480
154 963
154 495
154 953
154 935
154 669
154 514
154 513
154 938
154 511
154 939
154 942
154 508
154 664
154 948
154 504
154 816
154 502
154 949
154 667
154 950
154 558
154 658
154 900
154 860
154 617
154 864
154 646
154 865
154 867
154 612
154 611
154 610
154 609
154 839
154 607
154 870
154 605
154 604
154 603
154 862
154 621
154 899
154 645
154 847
154 638
154 855
154 642
154 635
154 634
154 643
154 632
154 631
154 857
154 629
154 858
154 625
154 624
154 840
154 837
154 600
154 599
154 598
154 577
154 823
154 891
154 574
154 573
154 572
154 571
154 892
154 569
154 568
154 567
154 893
154 895
154 897
154 898
154 578
154 825
154 886
154 590
154 875
154 595
154 876
154 877
154 879
154 880
154 882
154 581
154 588
154 650
154 651
154 885
154 834
154 653
154 969
154 971
154 1143
154 1089
154 1092
154 1093
154 363
154 362
154 1094
154 1095
154 1096
154 358
154 1097
154 1098
154 1099
154 354
154 353
154 1100
154 1101
154 1090
154 690
154 1102
154 1075
154 386
154 1052
154 689
154 1057
154 1058
154 1059
154 380
154 1062
154 378
154 1064
154 1065
154 1069
154 747
154 1072
154 372
154 350
154 796
154 972
154 324
154 1122
154 640
154 320
154 1125
154 1126
154 1128
154 1130
154 1132
154 312
154 1135
154 310
154 1136
154 1139
154 306
154 1142
154 1120
154 1118
154 347
154 326
154 1103
154 343
154 795
154 794
154 340
154 339
154 338
154 1107
154 335
154 334
154 1109
154 1111
154 330
154 1115
154 327
154 1051
154 1049
154 1048
154 996
154 450
154 999
154 1001
154 804
154 1002
154 445
154 444
154 1003
154 442
154 440
154 439
154 438
154 437
154 436
154 800
154 997
154 995
154 391
154 994
154 973
154 471
154 976
154 979
154 982
154 983
154 810
154 808
154 464
154 462
154 679
154 807
154 805
154 993
154 456
154 797
154 1008
154 430
154 429
154 1026
154 687
154 406
154 405
154 1030
154 1031
154 402
154 688
154 1039
154 1041
154 396
154 1042
154 1045
154 1046
154 392
154 409
154 1025
154 1022
154 420
154 426
154 1010
154 1011
154 1012
154 1013
154 1014
154 1015
154 412
154 418
154 1016
154 1017
154 686
154 1018
154 1021
154 1400
