155 1101
155 1065
155 553
155 1099
155 1100
155 806
155 1097
155 805
155 1096
155 1241
155 804
155 1098
155 76
155 781
155 516
155 1007
155 1318
155 900
155 431
155 1090
155 968
155 82
155 1226
155 1163
155 141
155 1004
155 809
155 755
155 480
155 705
155 1279
155 1011
155 905
155 587
155 275
155 689
155 1006
155 1028
155 606
155 679
155 372
155 594
155 274
155 610
155 749
155 813
155 293
155 810
155 1162
155 1270
155 1299
155 714
155 505
155 1008
155 57
155 1379
155 1170
155 1002
155 1169
155 791
155 1161
155 1285
155 439
155 16
155 706
155 1000
155 574
155 12
155 776
155 597
155 1005
155 668
155 602
155 748
155 1157
155 1331
155 513
155 619
155 346
155 595
155 438
155 794
155 1263
155 969
155 614
155 812
155 934
155 456
155 1009
155 194
155 807
155 84
155 1155
155 1003
155 1147
155 558
155 1337
155 77
155 808
155 631
155 554
155 1010
155 598
155 1355
155 230
155 609
155 291
155 1191
155 191
155 311
155 443
155 1324
155 427
155 1115
155 1303
155 758
155 1264
155 715
155 1116
155 877
155 529
155 1395
155 876
155 172
155 564
155 343
155 544
155 196
155 524
155 341
155 337
155 671
155 1107
155 1150
155 125
155 120
155 1042
155 354
155 1082
155 649
155 1287
155 165
155 213
155 238
155 413
155 790
155 271
155 1306
155 1158
155 143
155 270
155 173
155 217
155 436
155 237
155 608
155 175
155 185
155 1377
155 1102
155 546
155 581
155 330
155 216
155 441
155 233
155 63
155 73
155 202
155 960
155 182
155 127
155 199
155 1380
155 214
155 797
155 700
155 725
155 981
155 1301
155 681
155 1286
155 126
155 803
155 162
155 1243
155 545
155 657
155 345
155 1400
155 1066
155 261
155 278
155 893
155 60
155 305
155 743
155 85
155 390
155 108
155 1258
155 605
155 150
155 1095
155 843
155 860
155 1183
155 998
155 58
155 1256
155 319
155 404
155 1204
155 697
155 135
155 1022
155 36
155 942
155 1335
155 9
155 220
155 41
155 416
155 728
155 168
155 652
155 33
155 101
155 246
155 366
155 239
155 222
155 365
155 186
155 74
155 867
155 53
155 929
155 1106
155 1291
155 746
155 414
155 919
155 904
155 662
155 25
155 1077
155 263
155 188
155 1092
155 37
155 1114
155 1156
155 1269
155 335
155 976
155 750
155 556
155 374
155 623
155 1217
155 1113
155 801
155 636
155 678
155 847
155 179
155 290
155 1290
155 1352
155 870
155 612
155 572
155 1307
155 1188
155 1295
155 294
155 347
155 1229
155 363
155 656
155 1144
155 646
155 1089
155 205
155 764
155 252
155 1040
155 772
155 1247
155 1033
155 253
155 899
155 948
155 1333
155 1205
155 1294
155 229
155 187
155 369
155 799
155 51
155 244
155 729
155 1330
155 397
155 675
155 1387
155 1154
155 889
155 139
155 167
155 218
155 491
155 1001
155 432
155 1139
155 759
155 1074
155 947
155 129
155 989
155 395
155 1316
155 726
155 1213
155 13
155 296
155 677
155 1342
155 189
155 1257
155 911
155 69
155 30
155 1020
155 39
155 1296
155 453
155 1344
155 1343
155 773
155 1392
155 826
155 169
155 377
155 308
155 1381
155 8
155 800
155 245
155 566
155 24
155 959
155 1394
155 1310
155 210
155 45
155 624
155 212
155 1104
155 103
155 917
155 694
155 1300
155 933
155 338
155 872
155 88
155 204
155 1325
155 207
155 1222
155 970
155 645
155 1356
155 1230
155 1281
155 1268
155 371
155 1271
155 1336
155 1320
155 625
155 1075
155 433
155 49
155 1160
155 962
155 571
155 1165
155 1220
155 164
155 170
155 198
155 722
155 155
155 401
155 721
155 682
155 14
155 569
155 434
155 1064
155 622
155 78
155 289
155 727
155 83
155 1225
155 459
155 563
155 1019
155 1246
155 1292
155 815
155 792
155 1164
155 80
155 1351
155 423
155 1250
155 99
155 798
155 536
155 163
155 140
155 1239
155 869
155 640
155 928
155 927
155 272
155 262
155 344
155 426
155 55
155 1341
155 56
155 1396
155 59
155 430
155 429
155 61
155 428
155 62
155 1369
155 54
155 424
155 64
155 65
155 422
155 421
155 420
155 419
155 66
155 418
155 417
155 67
155 425
155 52
155 415
155 50
155 452
155 451
155 450
155 40
155 449
155 448
155 447
155 42
155 446
155 445
155 444
155 43
155 442
155 44
155 46
155 440
155 1338
155 1339
155 437
155 47
155 1340
155 435
155 48
155 68
155 70
155 454
155 71
155 89
155 90
155 392
155 391
155 91
155 389
155 388
155 387
155 386
155 385
155 384
155 383
155 382
155 381
155 380
155 92
155 379
155 378
155 93
155 94
155 376
155 375
155 95
155 87
155 86
155 393
155 75
155 412
155 411
155 410
155 72
155 1393
155 409
155 408
155 407
155 406
155 405
155 403
155 394
155 402
155 1391
155 400
155 399
155 398
155 79
155 396
155 81
155 1390
155 1389
155 38
155 35
155 373
155 518
155 10
155 1329
155 11
155 1398
155 515
155 514
155 15
155 512
155 511
155 510
155 509
155 508
155 1397
155 507
155 506
155 1332
155 504
155 503
155 502
155 501
155 500
155 499
155 498
155 517
155 7
155 34
155 519
155 538
155 537
155 2
155 3
155 535
155 534
155 533
155 532
155 531
155 530
155 1327
155 528
155 527
155 526
155 4
155 525
155 5
155 1328
155 523
155 522
155 521
155 6
155 520
155 497
155 496
155 495
155 494
155 22
155 23
155 26
155 27
155 470
155 469
155 468
155 467
155 466
155 28
155 465
155 464
155 463
155 462
155 29
155 461
155 460
155 31
155 32
155 458
155 457
155 1334
155 455
155 471
155 472
155 473
155 484
155 493
155 492
155 17
155 490
155 489
155 488
155 18
155 487
155 486
155 485
155 483
155 474
155 482
155 19
155 481
155 20
155 21
155 479
155 478
155 477
155 476
155 475
155 96
155 98
155 97
155 260
155 259
155 258
155 257
155 153
155 256
155 255
155 254
155 154
155 156
155 157
155 158
155 251
155 250
155 249
155 159
155 160
155 248
155 247
155 161
155 1382
155 166
155 171
155 243
155 152
155 151
155 200
155 149
155 281
155 280
155 279
155 142
155 277
155 1383
155 276
155 144
155 145
155 146
155 147
155 1357
155 273
155 540
155 1358
155 148
155 1359
155 269
155 268
155 267
155 266
155 265
155 264
155 242
155 241
155 240
155 1378
155 219
155 184
155 1364
155 1365
155 1373
155 190
155 215
155 1366
155 1367
155 1372
155 211
155 192
155 209
155 208
155 193
155 206
155 1371
155 195
155 1370
155 197
155 203
155 1368
155 201
155 183
155 1374
155 221
155 1375
155 1376
155 1360
155 174
155 1361
155 236
155 235
155 234
155 1362
155 232
155 231
155 176
155 181
155 177
155 1363
155 178
155 228
155 180
155 227
155 226
155 225
155 224
155 223
155 282
155 1384
155 283
155 122
155 349
155 348
155 112
155 1346
155 1347
155 1348
155 342
155 1349
155 340
155 339
155 113
155 114
155 1350
155 336
155 115
155 334
155 116
155 117
155 118
155 119
155 333
155 332
155 1388
155 350
155 351
155 352
155 109
155 100
155 370
155 102
155 368
155 104
155 367
155 105
155 106
155 364
155 107
155 362
155 353
155 361
155 360
155 359
155 358
155 357
155 110
155 111
155 356
155 355
155 1345
155 121
155 331
155 284
155 123
155 131
155 304
155 303
155 302
155 301
155 300
155 299
155 298
155 132
155 297
155 133
155 295
155 134
155 136
155 1353
155 292
155 1354
155 137
155 138
155 288
155 287
155 286
155 285
155 306
155 307
155 130
155 320
155 329
155 328
155 327
155 326
155 325
155 324
155 124
155 323
155 322
155 321
155 1386
155 309
155 318
155 317
155 316
155 315
155 314
155 1385
155 313
155 312
155 128
155 310
155 539
155 1210
155 541
155 983
155 999
155 997
155 996
155 995
155 994
155 993
155 992
155 991
155 990
155 988
155 987
155 986
155 985
155 984
155 982
155 1248
155 1251
155 980
155 979
155 978
155 977
155 975
155 974
155 973
155 972
155 971
155 1252
155 1253
155 967
155 966
155 1249
155 1245
155 1045
155 1027
155 1043
155 1236
155 1041
155 1039
155 1038
155 1037
155 1036
155 1035
155 1034
155 1032
155 1031
155 1030
155 1029
155 1237
155 1026
155 1244
155 1025
155 1024
155 1023
155 1021
155 1018
155 1017
155 1016
155 1015
155 1014
155 1013
155 1012
155 1238
155 1240
155 1242
155 965
155 964
155 963
155 898
155 918
155 916
155 915
155 914
155 913
155 912
155 910
155 909
155 908
155 907
155 906
155 903
155 902
155 901
155 897
155 961
155 896
155 895
155 894
155 892
155 891
155 890
155 888
155 887
155 886
155 885
155 884
155 883
155 882
155 881
155 920
155 921
155 922
155 923
155 1254
155 958
155 957
155 956
155 955
155 954
155 953
155 952
155 951
155 950
155 949
155 946
155 945
155 944
155 943
155 941
155 940
155 939
155 938
155 937
155 936
155 935
155 1255
155 932
155 931
155 930
155 926
155 925
155 924
155 1044
155 1046
155 879
155 1148
155 1212
155 1168
155 1167
155 1166
155 1214
155 1215
155 1216
155 1159
155 1218
155 1219
155 1153
155 1152
155 1151
155 1149
155 1221
155 1172
155 1146
155 1145
155 1143
155 1142
155 1141
155 1140
155 1138
155 1137
155 1136
155 1135
155 1134
155 1133
155 1132
155 1131
155 1171
155 1173
155 1047
155 1192
155 1208
155 1207
155 1206
155 1203
155 1202
155 1201
155 1200
155 1199
155 1198
155 1197
155 1196
155 1195
155 1194
155 1193
155 1211
155 1174
155 1190
155 1189
155 1187
155 1186
155 1185
155 1184
155 1182
155 1181
155 1180
155 1179
155 1178
155 1177
155 1176
155 1175
155 1130
155 1129
155 1128
155 1063
155 1234
155 1081
155 1080
155 1079
155 1078
155 1076
155 1073
155 1072
155 1071
155 1070
155 1069
155 1068
155 1067
155 1235
155 1062
155 1127
155 1061
155 1060
155 1059
155 1058
155 1057
155 1056
155 1055
155 1054
155 1053
155 1052
155 1051
155 1050
155 1049
155 1048
155 1083
155 1084
155 1085
155 1086
155 1126
155 1125
155 1124
155 1123
155 1122
155 1121
155 1120
155 1119
155 1118
155 1117
155 1223
155 1112
155 1111
155 1110
155 1109
155 1108
155 1224
155 1105
155 1103
155 1227
155 1228
155 1231
155 1232
155 1094
155 1093
155 1091
155 1233
155 1088
155 1087
155 880
155 878
155 542
155 644
155 663
155 661
155 660
155 659
155 658
155 1297
155 655
155 654
155 653
155 651
155 650
155 1298
155 648
155 647
155 643
155 665
155 642
155 641
155 639
155 638
155 637
155 635
155 634
155 633
155 632
155 630
155 629
155 628
155 627
155 626
155 664
155 666
155 711
155 691
155 709
155 708
155 707
155 704
155 703
155 702
155 701
155 1399
155 699
155 698
155 696
155 695
155 693
155 692
155 690
155 667
155 688
155 687
155 686
155 685
155 684
155 683
155 1293
155 680
155 676
155 674
155 673
155 672
155 670
155 669
155 621
155 620
155 1302
155 561
155 580
155 579
155 578
155 577
155 576
155 575
155 1317
155 573
155 570
155 568
155 567
155 565
155 1319
155 562
155 560
155 618
155 559
155 557
155 555
155 1321
155 1322
155 552
155 551
155 550
155 549
155 548
155 547
155 1323
155 1326
155 543
155 582
155 583
155 584
155 585
155 617
155 616
155 615
155 1304
155 613
155 611
155 1305
155 1308
155 607
155 1309
155 1209
155 604
155 603
155 601
155 600
155 599
155 1311
155 1312
155 596
155 1313
155 1314
155 593
155 592
155 591
155 590
155 589
155 588
155 1315
155 586
155 710
155 712
155 1259
155 819
155 834
155 833
155 832
155 831
155 830
155 829
155 828
155 827
155 825
155 824
155 823
155 822
155 821
155 820
155 818
155 836
155 817
155 816
155 814
155 1260
155 1261
155 811
155 1262
155 1265
155 1266
155 1267
155 1272
155 802
155 1273
155 796
155 835
155 837
155 713
155 856
155 875
155 874
155 873
155 871
155 868
155 866
155 865
155 864
155 863
155 862
155 861
155 859
155 858
155 857
155 855
155 838
155 854
155 853
155 852
155 851
155 850
155 849
155 848
155 846
155 845
155 844
155 842
155 841
155 840
155 839
155 795
155 1274
155 793
155 735
155 752
155 751
155 1282
155 1283
155 747
155 745
155 744
155 742
155 741
155 740
155 739
155 738
155 737
155 736
155 734
155 1275
155 733
155 732
155 731
155 730
155 1284
155 724
155 723
155 720
155 719
155 718
155 717
155 716
155 1288
155 1289
155 753
155 754
155 756
155 757
155 1276
155 789
155 788
155 787
155 786
155 785
155 784
155 783
155 782
155 1277
155 780
155 779
155 778
155 777
155 1278
155 775
155 774
155 771
155 770
155 769
155 768
155 767
155 766
155 765
155 763
155 762
155 761
155 760
155 1280
155 1
