156 1099
156 553
156 1096
156 1065
156 1097
156 1100
156 1098
156 761
156 1279
156 1117
156 1101
156 534
156 1302
156 866
156 818
156 82
156 295
156 1015
156 204
156 1241
156 906
156 1025
156 462
156 274
156 403
156 463
156 1340
156 829
156 509
156 191
156 1043
156 1004
156 185
156 127
156 1226
156 1322
156 592
156 1209
156 753
156 1024
156 542
156 119
156 12
156 1103
156 955
156 1042
156 1127
156 1160
156 879
156 242
156 707
156 981
156 587
156 455
156 817
156 1250
156 1019
156 804
156 766
156 1214
156 840
156 1057
156 1071
156 1027
156 1353
156 708
156 952
156 1111
156 1392
156 19
156 819
156 1232
156 836
156 37
156 316
156 343
156 198
156 890
156 1257
156 849
156 39
156 449
156 870
156 77
156 892
156 254
156 982
156 1369
156 1349
156 974
156 543
156 640
156 1158
156 609
156 291
156 1040
156 1169
156 103
156 796
156 762
156 740
156 51
156 728
156 202
156 522
156 718
156 195
156 1136
156 1109
156 500
156 11
156 1171
156 878
156 251
156 433
156 265
156 1181
156 822
156 856
156 658
156 141
156 646
156 1359
156 1330
156 905
156 14
156 544
156 1051
156 1212
156 867
156 1167
156 820
156 1145
156 1192
156 294
156 1092
156 1224
156 1091
156 96
156 1281
156 1331
156 1174
156 262
156 727
156 1105
156 1310
156 837
156 115
156 562
156 739
156 1000
156 1104
156 859
156 1284
156 1321
156 182
156 797
156 536
156 809
156 773
156 184
156 554
156 441
156 330
156 694
156 42
156 697
156 1213
156 329
156 69
156 30
156 1170
156 1298
156 220
156 1211
156 363
156 616
156 17
156 1185
156 8
156 1125
156 828
156 53
156 421
156 1072
156 237
156 219
156 876
156 724
156 9
156 673
156 344
156 1296
156 902
156 1290
156 720
156 1336
156 907
156 1064
156 124
156 453
156 651
156 1294
156 799
156 49
156 270
156 122
156 1391
156 125
156 552
156 1313
156 588
156 244
156 187
156 810
156 34
156 1205
156 292
156 317
156 622
156 710
156 416
156 541
156 33
156 529
156 417
156 476
156 277
156 701
156 576
156 1061
156 315
156 272
156 1248
156 164
156 792
156 798
156 397
156 611
156 399
156 438
156 439
156 443
156 442
156 398
156 381
156 396
156 440
156 395
156 610
156 394
156 378
156 452
156 607
156 376
156 451
156 390
156 450
156 608
156 377
156 379
156 380
156 448
156 447
156 391
156 446
156 392
156 445
156 444
156 393
156 612
156 627
156 613
156 407
156 426
156 387
156 425
156 424
156 423
156 626
156 422
156 405
156 406
156 420
156 385
156 620
156 382
156 621
156 419
156 418
156 386
156 408
156 415
156 414
156 413
156 412
156 411
156 410
156 427
156 384
156 389
156 428
156 437
156 400
156 388
156 436
156 401
156 614
156 383
156 409
156 625
156 615
156 435
156 624
156 434
156 402
156 432
156 431
156 617
156 618
156 623
156 430
156 404
156 619
156 429
156 563
156 470
156 454
156 531
156 574
156 528
156 527
156 526
156 525
156 524
156 523
156 575
156 521
156 520
156 519
156 518
156 577
156 578
156 517
156 516
156 515
156 579
156 514
156 513
156 512
156 511
156 510
156 580
156 508
156 507
156 506
156 505
156 504
156 530
156 532
156 502
156 533
156 561
156 564
156 560
156 565
156 559
156 558
156 557
156 556
156 555
156 566
156 551
156 550
156 549
156 548
156 547
156 567
156 568
156 546
156 545
156 569
156 570
156 540
156 539
156 538
156 537
156 571
156 535
156 572
156 573
156 503
156 501
156 606
156 475
156 591
156 593
156 473
156 472
156 594
156 471
156 469
156 468
156 595
156 596
156 467
156 597
156 466
156 598
156 599
156 600
156 601
156 602
156 603
156 465
156 464
156 604
156 461
156 460
156 605
156 459
156 458
156 457
156 456
156 474
156 477
156 581
156 478
156 499
156 498
156 497
156 496
156 374
156 582
156 495
156 494
156 493
156 492
156 583
156 491
156 584
156 585
156 586
156 490
156 489
156 488
156 589
156 487
156 486
156 485
156 484
156 483
156 482
156 481
156 480
156 590
156 479
156 375
156 1400
156 373
156 133
156 123
156 126
156 128
156 129
156 130
156 131
156 132
156 134
156 144
156 135
156 136
156 137
156 138
156 139
156 140
156 142
156 121
156 120
156 118
156 117
156 100
156 101
156 102
156 104
156 105
156 106
156 107
156 108
156 109
156 110
156 111
156 112
156 113
156 114
156 116
156 143
156 145
156 98
156 174
156 167
156 168
156 169
156 170
156 171
156 172
156 173
156 175
156 146
156 176
156 177
156 178
156 179
156 180
156 181
156 183
156 166
156 165
156 163
156 162
156 147
156 148
156 149
156 150
156 151
156 152
156 153
156 154
156 155
156 156
156 157
156 158
156 159
156 160
156 161
156 99
156 97
156 188
156 40
156 28
156 29
156 31
156 32
156 35
156 36
156 38
156 41
156 54
156 43
156 44
156 45
156 46
156 47
156 48
156 50
156 27
156 26
156 25
156 24
156 2
156 3
156 4
156 5
156 6
156 7
156 10
156 13
156 15
156 16
156 18
156 20
156 21
156 22
156 23
156 52
156 55
156 95
156 86
156 78
156 79
156 80
156 81
156 83
156 84
156 85
156 87
156 56
156 88
156 89
156 90
156 91
156 92
156 93
156 94
156 76
156 75
156 74
156 73
156 57
156 58
156 59
156 60
156 61
156 62
156 63
156 64
156 65
156 66
156 67
156 68
156 70
156 71
156 72
156 186
156 189
156 372
156 319
156 309
156 310
156 311
156 312
156 313
156 314
156 318
156 320
156 331
156 321
156 322
156 323
156 324
156 325
156 326
156 327
156 308
156 629
156 307
156 306
156 287
156 288
156 289
156 290
156 293
156 296
156 297
156 298
156 299
156 300
156 301
156 302
156 303
156 304
156 305
156 328
156 332
156 285
156 362
156 355
156 356
156 357
156 358
156 359
156 360
156 361
156 364
156 333
156 365
156 366
156 367
156 368
156 369
156 370
156 371
156 354
156 353
156 352
156 351
156 334
156 335
156 336
156 337
156 338
156 339
156 340
156 341
156 342
156 345
156 346
156 347
156 348
156 349
156 350
156 286
156 284
156 190
156 224
156 215
156 216
156 217
156 218
156 221
156 222
156 223
156 225
156 234
156 226
156 227
156 228
156 229
156 230
156 231
156 232
156 214
156 213
156 212
156 211
156 192
156 193
156 194
156 196
156 197
156 199
156 200
156 201
156 203
156 205
156 206
156 207
156 208
156 209
156 210
156 233
156 235
156 283
156 271
156 261
156 263
156 264
156 266
156 267
156 268
156 269
156 273
156 236
156 275
156 276
156 278
156 279
156 280
156 281
156 282
156 260
156 259
156 258
156 257
156 238
156 239
156 240
156 241
156 243
156 245
156 246
156 247
156 248
156 249
156 250
156 252
156 253
156 255
156 256
156 628
156 700
156 630
156 1149
156 1141
156 1142
156 1143
156 1144
156 1146
156 1147
156 1148
156 1150
156 1139
156 1151
156 1152
156 1153
156 1154
156 1155
156 1156
156 1157
156 1140
156 1138
156 1115
156 1126
156 1118
156 1119
156 1120
156 1121
156 1122
156 1123
156 1124
156 1128
156 1137
156 1129
156 1130
156 1131
156 1132
156 1133
156 1134
156 1135
156 1159
156 1161
156 1162
156 1198
156 1190
156 1191
156 1193
156 1194
156 1195
156 1196
156 1197
156 1199
156 1163
156 1200
156 1201
156 1202
156 1203
156 1204
156 1206
156 1207
156 1189
156 1188
156 1187
156 1186
156 1164
156 1165
156 1166
156 1168
156 1172
156 1173
156 1175
156 1176
156 1177
156 1178
156 1179
156 1180
156 1182
156 1183
156 1184
156 1116
156 1114
156 1008
156 1045
156 1035
156 1036
156 1037
156 1038
156 1039
156 1041
156 1044
156 1046
156 1033
156 1047
156 1048
156 1049
156 1050
156 1052
156 1053
156 1054
156 1034
156 1032
156 1113
156 1018
156 1010
156 1011
156 1012
156 1013
156 1014
156 1016
156 1017
156 1020
156 1031
156 1021
156 1022
156 1023
156 1026
156 1028
156 1029
156 1030
156 1055
156 1056
156 1058
156 1093
156 1084
156 1085
156 1086
156 1087
156 1088
156 1089
156 1090
156 1094
156 1059
156 1095
156 1102
156 1106
156 1107
156 1108
156 1110
156 1112
156 1083
156 1082
156 1081
156 1080
156 1060
156 1062
156 1063
156 1066
156 1067
156 1068
156 1069
156 1070
156 1073
156 1074
156 1075
156 1076
156 1077
156 1078
156 1079
156 1208
156 1210
156 1215
156 1345
156 1337
156 1338
156 1339
156 1341
156 1342
156 1343
156 1344
156 1346
156 1334
156 1347
156 1348
156 1350
156 1351
156 1352
156 1354
156 1355
156 1335
156 1333
156 1216
156 1319
156 1311
156 1312
156 1314
156 1315
156 1316
156 1317
156 1318
156 1320
156 1332
156 1323
156 1324
156 1325
156 1326
156 1327
156 1328
156 1329
156 1356
156 1357
156 1358
156 1388
156 1381
156 1382
156 1383
156 1384
156 1385
156 1386
156 1387
156 1389
156 1360
156 1390
156 1393
156 1394
156 1395
156 1396
156 1397
156 1398
156 1380
156 1379
156 1378
156 1377
156 1361
156 1362
156 1363
156 1364
156 1365
156 1366
156 1367
156 1368
156 1370
156 1371
156 1372
156 1373
156 1374
156 1375
156 1376
156 1309
156 1308
156 1307
156 1247
156 1239
156 1240
156 1242
156 1243
156 1244
156 1245
156 1246
156 1249
156 1260
156 1251
156 1252
156 1253
156 1254
156 1255
156 1256
156 1258
156 1238
156 1237
156 1236
156 1235
156 1217
156 1218
156 1219
156 1220
156 1221
156 1222
156 1223
156 1225
156 1227
156 1228
156 1229
156 1230
156 1231
156 1233
156 1234
156 1259
156 1261
156 1306
156 1293
156 1285
156 1286
156 1287
156 1288
156 1289
156 1291
156 1292
156 1295
156 1262
156 1297
156 1299
156 1300
156 1301
156 1303
156 1304
156 1305
156 1283
156 1282
156 1280
156 1278
156 1263
156 1264
156 1265
156 1266
156 1267
156 1268
156 1269
156 1270
156 1271
156 1272
156 1273
156 1274
156 1275
156 1276
156 1277
156 1009
156 1007
156 631
156 757
156 749
156 750
156 751
156 752
156 754
156 755
156 756
156 758
156 747
156 759
156 760
156 763
156 764
156 765
156 767
156 768
156 748
156 746
156 722
156 734
156 725
156 726
156 729
156 730
156 731
156 732
156 733
156 735
156 745
156 736
156 737
156 738
156 741
156 742
156 743
156 744
156 769
156 770
156 771
156 806
156 794
156 795
156 800
156 801
156 802
156 803
156 805
156 807
156 772
156 808
156 811
156 812
156 813
156 814
156 815
156 816
156 793
156 791
156 790
156 789
156 774
156 775
156 776
156 777
156 778
156 779
156 780
156 781
156 782
156 783
156 784
156 785
156 786
156 787
156 788
156 723
156 721
156 1006
156 663
156 655
156 656
156 657
156 659
156 660
156 661
156 662
156 664
156 653
156 665
156 666
156 667
156 668
156 669
156 670
156 671
156 654
156 652
156 719
156 639
156 632
156 633
156 634
156 635
156 636
156 637
156 638
156 641
156 650
156 642
156 643
156 644
156 645
156 647
156 648
156 649
156 672
156 674
156 675
156 706
156 698
156 699
156 1399
156 702
156 703
156 704
156 705
156 709
156 676
156 711
156 712
156 713
156 714
156 715
156 716
156 717
156 696
156 695
156 693
156 692
156 677
156 678
156 679
156 680
156 681
156 682
156 683
156 684
156 685
156 686
156 687
156 688
156 689
156 690
156 691
156 821
156 823
156 824
156 951
156 944
156 945
156 946
156 947
156 948
156 949
156 950
156 953
156 942
156 954
156 956
156 957
156 958
156 959
156 960
156 961
156 943
156 941
156 825
156 931
156 924
156 925
156 926
156 927
156 928
156 929
156 930
156 932
156 940
156 933
156 934
156 935
156 936
156 937
156 938
156 939
156 962
156 963
156 964
156 995
156 988
156 989
156 990
156 991
156 992
156 993
156 994
156 996
156 965
156 997
156 998
156 999
156 1001
156 1002
156 1003
156 1005
156 987
156 986
156 985
156 984
156 966
156 967
156 968
156 969
156 970
156 971
156 972
156 973
156 975
156 976
156 977
156 978
156 979
156 980
156 983
156 923
156 922
156 921
156 860
156 851
156 852
156 853
156 854
156 855
156 857
156 858
156 861
156 873
156 862
156 863
156 864
156 865
156 868
156 869
156 871
156 850
156 848
156 847
156 846
156 826
156 827
156 830
156 831
156 832
156 833
156 834
156 835
156 838
156 839
156 841
156 842
156 843
156 844
156 845
156 872
156 874
156 920
156 911
156 900
156 901
156 903
156 904
156 908
156 909
156 910
156 912
156 875
156 913
156 914
156 915
156 916
156 917
156 918
156 919
156 899
156 898
156 897
156 896
156 877
156 880
156 881
156 882
156 883
156 884
156 885
156 886
156 887
156 888
156 889
156 891
156 893
156 894
156 895
156 1
