157 1006
157 160
157 25
157 318
157 1393
157 626
157 421
157 498
157 372
157 556
157 332
157 1377
157 456
157 666
157 994
157 44
157 1391
157 1105
157 1234
157 370
157 1151
157 947
157 688
157 273
157 1179
157 493
157 369
157 690
157 161
157 574
157 1274
157 946
157 211
157 482
157 993
157 1224
157 979
157 234
157 1319
157 1253
157 1107
157 1112
157 1198
157 122
157 608
157 816
157 575
157 572
157 295
157 20
157 231
157 85
157 423
157 1281
157 1075
157 541
157 625
157 1356
157 465
157 469
157 179
157 93
157 56
157 544
157 373
157 801
157 473
157 1213
157 410
157 566
157 1373
157 294
157 1005
157 1066
157 27
157 188
157 232
157 63
157 531
157 356
157 557
157 992
157 571
157 1262
157 540
157 1104
157 808
157 266
157 1292
157 2
157 186
157 36
157 192
157 79
157 1074
157 1248
157 360
157 35
157 105
157 1106
157 559
157 662
157 775
157 522
157 37
157 1124
157 576
157 196
157 597
157 1238
157 146
157 1243
157 523
157 438
157 1062
157 976
157 1301
157 89
157 1225
157 1002
157 447
157 283
157 536
157 508
157 1204
157 175
157 1247
157 815
157 494
157 433
157 1284
157 802
157 358
157 1153
157 173
157 668
157 657
157 401
157 991
157 605
157 1149
157 656
157 357
157 781
157 1282
157 94
157 106
157 1040
157 174
157 1263
157 247
157 101
157 124
157 759
157 467
157 1255
157 812
157 803
157 435
157 927
157 664
157 516
157 1231
157 470
157 70
157 1304
157 248
157 84
157 97
157 1239
157 1161
157 553
157 1214
157 966
157 1201
157 198
157 1328
157 1009
157 233
157 468
157 1065
157 1306
157 268
157 267
157 990
157 1297
157 1273
157 609
157 1303
157 593
157 1381
157 1188
157 269
157 197
157 58
157 811
157 1082
157 717
157 19
157 973
157 381
157 329
157 139
157 325
157 1309
157 655
157 1159
157 689
157 407
157 34
157 601
157 670
157 298
157 501
157 297
157 112
157 474
157 999
157 713
157 1318
157 1390
157 1157
157 916
157 409
157 1084
157 569
157 41
157 1000
157 428
157 270
157 69
157 194
157 519
157 1184
157 39
157 10
157 261
157 1080
157 375
157 1241
157 943
157 1310
157 1222
157 239
157 1289
157 537
157 1003
157 1307
157 784
157 974
157 300
157 443
157 983
157 967
157 1218
157 371
157 1364
157 1111
157 1394
157 487
157 1001
157 1351
157 1180
157 190
157 599
157 413
157 235
157 1147
157 88
157 1187
157 1193
157 142
157 969
157 107
157 1109
157 721
157 814
157 907
157 1108
157 205
157 665
157 924
157 1287
157 514
157 970
157 183
157 339
157 1348
157 317
157 707
157 123
157 411
157 134
157 452
157 1296
157 354
157 972
157 555
157 962
157 213
157 341
157 289
157 420
157 634
157 1093
157 1
157 193
157 1368
157 830
157 1232
157 632
157 1209
157 1352
157 971
157 272
157 127
157 181
157 829
157 528
157 912
157 505
157 1315
157 210
157 786
157 349
157 1302
157 1229
157 217
157 131
157 500
157 415
157 1158
157 434
157 1236
157 52
157 1378
157 1194
157 279
157 1046
157 1181
157 121
157 918
157 901
157 431
157 1010
157 898
157 680
157 661
157 483
157 1370
157 77
157 296
157 1210
157 1285
157 1259
157 323
157 893
157 206
157 630
157 977
157 128
157 921
157 997
157 797
157 928
157 1264
157 611
157 636
157 809
157 535
157 612
157 336
157 59
157 307
157 313
157 1183
157 228
157 1366
157 167
157 1230
157 187
157 87
157 335
157 1288
157 1305
157 1290
157 208
157 225
157 554
157 1336
157 866
157 1384
157 800
157 61
157 18
157 545
157 676
157 849
157 240
157 782
157 922
157 798
157 653
157 917
157 939
157 154
157 1114
157 432
157 773
157 439
157 224
157 1258
157 696
157 490
157 377
157 624
157 770
157 328
157 114
157 191
157 310
157 1197
157 646
157 1371
157 1300
157 472
157 1221
157 579
157 1139
157 659
157 923
157 315
157 395
157 1211
157 660
157 216
157 981
157 292
157 693
157 577
157 757
157 674
157 880
157 985
157 573
157 129
157 326
157 48
157 475
157 45
157 125
157 17
157 704
157 1245
157 503
157 1286
157 628
157 647
157 695
157 189
157 692
157 229
157 600
157 1313
157 694
157 578
157 1154
157 334
157 686
157 1150
157 1068
157 1228
157 359
157 458
157 492
157 441
157 274
157 455
157 747
157 348
157 71
157 104
157 779
157 1382
157 754
157 484
157 1349
157 758
157 987
157 33
157 1311
157 324
157 277
157 736
157 158
157 230
157 250
157 1097
157 316
157 1250
157 1191
157 366
157 278
157 550
157 450
157 583
157 687
157 818
157 365
157 109
157 1291
157 538
157 853
157 203
157 76
157 1254
157 49
157 1034
157 945
157 26
157 414
157 678
157 525
157 116
157 172
157 384
157 347
157 607
157 512
157 40
157 1098
157 1268
157 1227
157 1385
157 54
157 915
157 929
157 262
157 978
157 1083
157 504
157 444
157 176
157 964
157 1295
157 845
157 604
157 62
157 933
157 342
157 633
157 241
157 683
157 22
157 825
157 959
157 314
157 481
157 547
157 170
157 416
157 1331
157 11
157 920
157 888
157 1367
157 820
157 739
157 133
157 1061
157 652
157 562
157 1199
157 1269
157 677
157 252
157 43
157 1163
157 249
157 699
157 860
157 1215
157 212
157 280
157 564
157 1235
157 449
157 1059
157 171
157 402
157 1339
157 533
157 718
157 892
157 563
157 29
157 561
157 7
157 352
157 685
157 50
157 644
157 178
157 1260
157 1267
157 590
157 96
157 30
157 440
157 1343
157 986
157 422
157 1205
157 595
157 546
157 165
157 1195
157 222
157 1359
157 430
157 147
157 86
157 1011
157 698
157 1337
157 1164
157 719
157 149
157 1143
157 378
157 60
157 243
157 396
157 824
157 495
157 408
157 110
157 940
157 23
157 567
157 1073
157 1192
157 135
157 306
157 805
157 1212
157 1261
157 752
157 1332
157 445
157 960
157 1322
157 1355
157 543
157 404
157 448
157 1190
157 157
157 204
157 1379
157 794
157 1334
157 526
157 236
157 1067
157 1395
157 282
157 836
157 227
157 259
157 527
157 322
157 638
157 643
157 1275
157 998
157 1279
157 363
157 1242
157 1189
157 258
157 740
157 92
157 1372
157 486
157 585
157 207
157 1072
157 1365
157 1237
157 989
157 734
157 518
157 1251
157 299
157 542
157 1354
157 1341
157 9
157 1162
157 119
157 464
157 491
157 580
157 1380
157 807
157 1110
157 795
157 477
157 209
157 682
157 64
157 28
157 1132
157 1246
157 1342
157 710
157 663
157 256
157 610
157 13
157 539
157 766
157 78
157 1100
157 1240
157 748
157 340
157 304
157 697
157 1350
157 466
157 82
157 640
157 99
157 872
157 74
157 489
157 3
157 276
157 424
157 843
157 446
157 1028
157 714
157 793
157 926
157 902
157 783
157 1047
157 789
157 950
157 1252
157 364
157 1375
157 837
157 442
157 15
157 813
157 202
157 321
157 1007
157 100
157 319
157 117
157 771
157 591
157 288
157 47
157 1054
157 827
157 1182
157 73
157 57
157 480
157 1266
157 889
157 1076
157 476
157 1216
157 530
157 459
157 1140
157 1278
157 658
157 103
157 725
157 667
157 95
157 876
157 246
157 722
157 1166
157 586
157 602
157 497
157 874
157 671
157 1056
157 1374
157 1386
157 975
157 529
157 163
157 925
157 388
157 911
157 1127
157 1312
157 166
157 152
157 320
157 691
157 1325
157 330
157 1029
157 460
157 873
157 919
157 453
157 701
157 403
157 1233
157 938
157 844
157 182
157 589
157 462
157 587
157 478
157 344
157 200
157 996
157 785
157 242
157 302
157 1004
157 988
157 1052
157 201
157 774
157 679
157 287
157 141
157 1347
157 1055
157 488
157 767
157 743
157 327
157 886
157 1165
157 723
157 700
157 1081
157 1053
157 1185
157 1051
157 1400
157 291
157 393
157 941
157 479
157 903
157 750
157 1085
157 374
157 303
157 729
157 616
157 1200
157 1362
157 4
157 900
157 905
157 796
157 823
157 762
157 1057
157 1122
157 185
157 148
157 126
157 1128
157 361
157 869
157 896
157 780
157 675
157 454
157 16
157 255
157 379
157 792
157 1156
157 1383
157 437
157 627
157 1125
157 221
157 629
157 878
157 745
157 226
157 251
157 286
157 118
157 1115
157 819
157 551
157 603
157 115
157 1113
157 406
157 1160
157 426
157 944
157 343
157 293
157 942
157 822
157 169
157 1202
157 391
157 831
157 1294
157 984
157 386
157 565
157 254
157 728
157 53
157 848
157 776
157 1042
157 649
157 144
157 965
157 398
157 138
157 856
157 394
157 24
157 1271
157 1138
157 425
157 346
157 651
157 980
157 499
157 244
157 32
157 385
157 389
157 935
157 1024
157 764
157 847
157 534
157 151
157 1265
157 1144
157 507
157 305
157 749
157 669
157 1298
157 180
157 706
157 397
157 934
157 399
157 1207
157 1018
157 877
157 257
157 730
157 309
157 98
157 331
157 751
157 594
157 417
157 383
157 726
157 753
157 588
157 1033
157 150
157 1099
157 1008
157 418
157 910
157 509
157 345
157 1249
157 1137
157 1021
157 1142
157 637
157 177
157 1353
157 382
157 951
157 1118
157 1256
157 155
157 333
157 949
157 932
157 806
157 376
157 1327
157 1092
157 1280
157 618
157 108
157 427
157 746
157 164
157 1277
157 260
157 524
157 894
157 1320
157 387
157 1388
157 162
157 1326
157 14
157 1314
157 635
157 955
157 1283
157 716
157 218
157 904
157 1226
157 1398
157 338
157 592
157 549
157 132
157 390
157 111
157 1369
157 38
157 1323
157 1324
157 1196
157 513
157 143
157 265
157 881
157 199
157 930
157 761
157 787
157 1117
157 821
157 136
157 1064
157 308
157 958
157 1155
157 1203
157 140
157 732
157 521
157 253
157 1257
157 790
157 1148
157 1272
157 861
157 613
157 584
157 1220
157 1169
157 1130
157 510
157 772
157 1360
157 1101
157 1131
157 485
157 1186
157 412
157 392
157 568
157 1078
157 720
157 765
157 1027
157 1096
157 1091
157 851
157 952
157 1223
157 908
157 1041
157 463
157 1244
157 81
157 963
157 1077
157 895
157 1172
157 1321
157 742
157 8
157 219
157 982
157 351
157 21
157 744
157 263
157 552
157 558
157 1012
157 936
157 245
157 1345
157 705
157 1014
157 1219
157 312
157 1170
157 113
157 799
157 1270
157 906
157 290
157 275
157 1330
157 867
157 511
157 852
157 961
157 839
157 1141
157 311
157 1335
157 645
157 672
157 1035
157 91
157 195
157 709
157 1329
157 865
157 102
157 733
157 968
157 1086
157 570
157 858
157 237
157 1338
157 1392
157 1136
157 168
157 42
157 623
157 461
157 914
157 1333
157 731
157 1344
157 560
157 159
157 727
157 1387
157 120
157 817
157 145
157 1039
157 6
157 1095
157 55
157 80
157 712
157 457
157 826
157 1119
157 496
157 380
157 83
157 606
157 214
157 620
157 702
157 184
157 899
157 51
157 857
157 72
157 1357
157 1389
157 5
157 1299
157 1308
157 1316
157 1317
157 1126
157 12
157 1396
157 46
157 1376
157 1363
157 1340
157 1361
157 1123
157 31
157 1358
157 1346
157 1145
157 1276
157 1293
157 1133
157 1152
157 1167
157 1168
157 1171
157 1173
157 1174
157 1175
157 1176
157 130
157 1135
157 1177
157 1134
157 1178
157 1146
157 1397
157 90
157 1206
157 1208
157 137
157 1217
157 153
157 68
157 67
157 1129
157 66
157 65
157 75
157 548
157 1121
157 777
157 810
157 405
157 804
157 791
157 788
157 419
157 778
157 769
157 156
157 768
157 429
157 763
157 760
157 436
157 756
157 755
157 400
157 828
157 832
157 833
157 353
157 855
157 355
157 854
157 850
157 362
157 846
157 842
157 841
157 367
157 368
157 840
157 838
157 835
157 834
157 741
157 738
157 737
157 631
157 622
157 506
157 621
157 619
157 515
157 517
157 617
157 520
157 615
157 614
157 598
157 596
157 532
157 582
157 581
157 502
157 639
157 451
157 641
157 735
157 724
157 715
157 711
157 471
157 708
157 703
157 1399
157 684
157 681
157 673
157 654
157 650
157 648
157 642
157 350
157 859
157 862
157 1049
157 1045
157 1044
157 1043
157 1038
157 215
157 1037
157 1036
157 220
157 223
157 1032
157 1031
157 1030
157 1026
157 1025
157 1023
157 1048
157 1050
157 1020
157 1058
157 1120
157 1116
157 1103
157 1102
157 1094
157 1090
157 1089
157 1088
157 1087
157 1079
157 1071
157 1070
157 1069
157 1063
157 1060
157 1022
157 238
157 863
157 909
157 897
157 891
157 890
157 887
157 885
157 884
157 883
157 882
157 879
157 875
157 871
157 870
157 868
157 337
157 864
157 301
157 913
157 1019
157 931
157 1017
157 1016
157 1015
157 1013
157 995
157 264
157 957
157 956
157 271
157 954
157 948
157 281
157 937
157 284
157 285
157 953
