158 302
158 949
158 691
158 552
158 1011
158 1230
158 378
158 1335
158 328
158 1157
158 1269
158 405
158 1199
158 1010
158 1009
158 982
158 69
158 1161
158 586
158 876
158 481
158 1043
158 283
158 421
158 630
158 1015
158 259
158 82
158 609
158 524
158 463
158 462
158 185
158 169
158 1185
158 616
158 1314
158 59
158 193
158 1298
158 542
158 1263
158 364
158 1336
158 195
158 1003
158 108
158 12
158 628
158 966
158 1143
158 34
158 110
158 1004
158 615
158 352
158 1098
158 262
158 55
158 622
158 413
158 355
158 762
158 981
158 776
158 878
158 1096
158 91
158 260
158 1007
158 50
158 348
158 502
158 14
158 572
158 1158
158 541
158 865
158 1027
158 583
158 998
158 474
158 30
158 1315
158 890
158 606
158 1258
158 429
158 236
158 580
158 1386
158 1214
158 292
158 125
158 1226
158 1318
158 834
158 68
158 635
158 131
158 353
158 646
158 576
158 1110
158 340
158 687
158 1149
158 571
158 330
158 695
158 962
158 159
158 593
158 95
158 19
158 592
158 1147
158 49
158 435
158 485
158 1051
158 1224
158 1101
158 383
158 96
158 505
158 624
158 1159
158 980
158 309
158 1337
158 529
158 661
158 325
158 549
158 584
158 387
158 1355
158 617
158 1312
158 518
158 158
158 430
158 637
158 753
158 81
158 1303
158 789
158 316
158 578
158 991
158 975
158 171
158 1104
158 522
158 1115
158 836
158 466
158 767
158 285
158 142
158 254
158 906
158 342
158 862
158 90
158 414
158 441
158 365
158 651
158 291
158 546
158 1290
158 216
158 29
158 710
158 416
158 582
158 240
158 728
158 804
158 1063
158 872
158 621
158 360
158 343
158 407
158 366
158 408
158 1150
158 122
158 1171
158 978
158 319
158 251
158 888
158 1061
158 265
158 585
158 602
158 406
158 293
158 533
158 603
158 1072
158 773
158 483
158 1359
158 238
158 154
158 550
158 1020
158 564
158 370
158 565
158 172
158 544
158 1205
158 1282
158 869
158 868
158 559
158 456
158 700
158 877
158 476
158 268
158 1305
158 1145
158 1192
158 958
158 663
158 1316
158 380
158 645
158 1368
158 707
158 1100
158 1331
158 1155
158 566
158 1174
158 701
158 614
158 1105
158 613
158 436
158 1268
158 1099
158 223
158 1310
158 486
158 1376
158 141
158 79
158 1025
158 461
158 1349
158 686
158 493
158 66
158 573
158 914
158 665
158 242
158 300
158 480
158 182
158 22
158 887
158 1103
158 548
158 127
158 809
158 1287
158 31
158 62
158 1123
158 48
158 1054
158 104
158 588
158 860
158 264
158 403
158 280
158 817
158 282
158 1313
158 101
158 304
158 1056
158 338
158 604
158 716
158 1248
158 214
158 970
158 1385
158 1111
158 53
158 306
158 23
158 9
158 1211
158 866
158 25
158 528
158 389
158 17
158 8
158 170
158 747
158 13
158 798
158 1216
158 24
158 299
158 102
158 87
158 1274
158 997
158 351
158 829
158 167
158 203
158 611
158 500
158 52
158 437
158 1227
158 1117
158 915
158 1319
158 187
158 1302
158 640
158 117
158 596
158 488
158 1140
158 98
158 1156
158 315
158 420
158 72
158 625
158 43
158 497
158 439
158 204
158 303
158 498
158 536
158 886
158 959
158 560
158 213
158 410
158 447
158 209
158 509
158 672
158 1367
158 1057
158 1089
158 243
158 84
158 1021
158 1340
158 1299
158 146
158 85
158 333
158 124
158 1019
158 711
158 1124
158 1361
158 792
158 784
158 88
158 766
158 1294
158 927
158 1065
158 1022
158 912
158 721
158 1300
158 1353
158 38
158 838
158 168
158 1062
158 183
158 267
158 1204
158 1391
158 103
158 595
158 948
158 27
158 712
158 703
158 810
158 1144
158 837
158 212
158 579
158 905
158 272
158 992
158 983
158 1042
158 1237
158 1081
158 71
158 139
158 873
158 896
158 1053
158 1001
158 337
158 334
158 321
158 941
158 317
158 460
158 1254
158 623
158 1373
158 1191
158 215
158 947
158 858
158 129
158 835
158 1198
158 1253
158 799
158 986
158 1028
158 395
158 97
158 581
158 885
158 737
158 1151
158 200
158 717
158 329
158 911
158 629
158 945
158 341
158 863
158 67
158 1260
158 277
158 495
158 1071
158 1374
158 656
158 1024
158 558
158 37
158 675
158 861
158 627
158 92
158 307
158 822
158 1127
158 36
158 1074
158 1322
158 6
158 1392
158 575
158 1343
158 587
158 944
158 1379
158 554
158 547
158 391
158 202
158 1215
158 73
158 345
158 61
158 499
158 151
158 952
158 553
158 746
158 1301
158 274
158 44
158 519
158 16
158 1209
158 269
158 1087
158 1012
158 263
158 126
158 662
158 1342
158 1178
158 816
158 1109
158 374
158 164
158 1277
158 967
158 557
158 332
158 442
158 234
158 188
158 702
158 1264
158 1278
158 916
158 511
158 58
158 540
158 1165
158 1279
158 620
158 1295
158 1265
158 433
158 754
158 943
158 1297
158 1217
158 919
158 94
158 1018
158 83
158 1255
158 894
158 2
158 132
158 1393
158 867
158 211
158 1180
158 288
158 1222
158 942
158 740
158 152
158 574
158 201
158 845
158 724
158 727
158 255
158 1366
158 874
158 144
158 1292
158 601
158 1339
158 1240
158 138
158 562
158 764
158 51
158 173
158 54
158 1351
158 1088
158 230
158 908
158 100
158 658
158 987
158 1296
158 349
158 1166
158 1229
158 229
158 375
158 33
158 205
158 946
158 805
158 252
158 1225
158 1246
158 1195
158 815
158 244
158 296
158 638
158 520
158 1381
158 1380
158 1201
158 270
158 667
158 1218
158 1250
158 373
158 189
158 80
158 589
158 1321
158 1325
158 1347
158 1134
158 198
158 1202
158 401
158 673
158 976
158 1244
158 1040
158 4
158 477
158 479
158 464
158 432
158 478
158 434
158 41
158 484
158 431
158 510
158 42
158 422
158 482
158 21
158 424
158 45
158 423
158 20
158 425
158 11
158 507
158 426
158 18
158 492
158 506
158 508
158 3
158 428
158 427
158 468
158 5
158 465
158 448
158 35
158 467
158 449
158 471
158 7
158 470
158 487
158 450
158 32
158 451
158 452
158 453
158 494
158 469
158 454
158 489
158 10
158 490
158 39
158 496
158 28
158 501
158 504
158 459
158 438
158 440
158 503
158 491
158 455
158 40
158 458
158 446
158 26
158 457
158 15
158 443
158 473
158 444
158 445
158 472
158 475
158 123
158 419
158 208
158 224
158 222
158 221
158 99
158 220
158 219
158 218
158 217
158 210
158 207
158 226
158 206
158 199
158 197
158 196
158 194
158 192
158 191
158 190
158 186
158 225
158 227
158 418
158 245
158 257
158 256
158 253
158 513
158 250
158 249
158 248
158 247
158 246
158 241
158 228
158 86
158 239
158 89
158 237
158 235
158 233
158 93
158 232
158 231
158 184
158 181
158 180
158 137
158 147
158 145
158 143
158 112
158 140
158 113
158 114
158 115
158 116
158 136
158 179
158 135
158 118
158 119
158 134
158 120
158 133
158 130
158 128
158 121
158 148
158 149
158 150
158 153
158 178
158 177
158 176
158 175
158 174
158 105
158 106
158 107
158 166
158 165
158 109
158 163
158 162
158 161
158 160
158 111
158 157
158 156
158 155
158 258
158 261
158 266
158 363
158 381
158 379
158 377
158 376
158 372
158 371
158 369
158 368
158 367
158 362
158 60
158 361
158 359
158 358
158 56
158 357
158 356
158 354
158 57
158 350
158 382
158 384
158 385
158 386
158 417
158 46
158 415
158 47
158 412
158 411
158 409
158 404
158 402
158 400
158 399
158 398
158 397
158 396
158 394
158 393
158 392
158 390
158 388
158 347
158 346
158 271
158 290
158 301
158 298
158 297
158 75
158 295
158 294
158 76
158 77
158 78
158 289
158 344
158 287
158 286
158 284
158 281
158 279
158 278
158 276
158 275
158 273
158 74
158 305
158 70
158 308
158 63
158 339
158 336
158 335
158 331
158 64
158 65
158 327
158 326
158 324
158 323
158 322
158 320
158 318
158 314
158 313
158 312
158 311
158 310
158 512
158 1400
158 514
158 515
158 1113
158 1112
158 1108
158 1107
158 1106
158 1102
158 1097
158 1095
158 1094
158 1093
158 1092
158 1091
158 1090
158 1086
158 1085
158 1084
158 1083
158 1082
158 1080
158 1079
158 1078
158 1077
158 1076
158 1075
158 1073
158 1070
158 1069
158 1068
158 1067
158 1114
158 1116
158 1118
158 1138
158 1167
158 1164
158 1163
158 1162
158 1160
158 1154
158 1153
158 1152
158 1148
158 1146
158 1142
158 1141
158 1139
158 1137
158 1119
158 1136
158 1135
158 1133
158 1132
158 1131
158 1130
158 1129
158 1128
158 1126
158 1125
158 1122
158 1121
158 1120
158 1066
158 1064
158 1060
158 974
158 1000
158 999
158 996
158 995
158 994
158 993
158 990
158 989
158 988
158 985
158 984
158 979
158 977
158 973
158 1005
158 972
158 971
158 969
158 968
158 965
158 964
158 963
158 961
158 960
158 957
158 956
158 955
158 954
158 1002
158 1006
158 1059
158 1037
158 1058
158 1055
158 1052
158 1050
158 1049
158 1048
158 1047
158 1046
158 1045
158 1044
158 1041
158 1039
158 1038
158 1036
158 1008
158 1035
158 1034
158 1033
158 1032
158 1031
158 1030
158 1029
158 1026
158 1023
158 1017
158 1016
158 1014
158 1013
158 1168
158 1169
158 1170
158 1323
158 1345
158 1344
158 1341
158 1338
158 1334
158 1333
158 1332
158 1330
158 1329
158 1328
158 1327
158 1326
158 1324
158 1320
158 1348
158 1317
158 1311
158 1309
158 1308
158 1307
158 1306
158 1304
158 1293
158 1291
158 1289
158 1288
158 1286
158 1285
158 1346
158 1350
158 1283
158 1377
158 1398
158 1397
158 1396
158 1395
158 1394
158 1390
158 1389
158 1388
158 1387
158 1384
158 1383
158 1382
158 1378
158 1375
158 1352
158 1372
158 1371
158 1370
158 1369
158 1365
158 1364
158 1363
158 1362
158 1360
158 1358
158 1357
158 1356
158 1354
158 1284
158 1281
158 1172
158 1193
158 1220
158 1219
158 1213
158 1212
158 1210
158 1208
158 1207
158 1206
158 1203
158 1200
158 1197
158 1196
158 1194
158 1190
158 1223
158 1189
158 1188
158 1187
158 1186
158 1184
158 1183
158 1182
158 1181
158 1179
158 1177
158 1176
158 1175
158 1173
158 1221
158 1228
158 1280
158 1252
158 1276
158 1275
158 1273
158 1272
158 1271
158 1270
158 1267
158 1266
158 1262
158 1261
158 1259
158 1257
158 1256
158 1251
158 1231
158 1249
158 1247
158 1245
158 1243
158 1242
158 1241
158 1239
158 1238
158 1236
158 1235
158 1234
158 1233
158 1232
158 953
158 951
158 950
158 684
158 704
158 1399
158 699
158 698
158 697
158 696
158 694
158 693
158 692
158 690
158 689
158 688
158 685
158 683
158 706
158 682
158 681
158 680
158 679
158 678
158 677
158 676
158 674
158 671
158 670
158 669
158 668
158 666
158 705
158 708
158 660
158 733
158 750
158 749
158 748
158 745
158 744
158 743
158 742
158 741
158 739
158 738
158 736
158 735
158 734
158 732
158 709
158 731
158 730
158 729
158 726
158 725
158 723
158 722
158 720
158 719
158 718
158 715
158 714
158 713
158 664
158 659
158 752
158 539
158 590
158 577
158 570
158 569
158 568
158 567
158 563
158 561
158 556
158 555
158 551
158 545
158 543
158 538
158 594
158 537
158 535
158 534
158 532
158 531
158 530
158 527
158 526
158 525
158 523
158 521
158 517
158 516
158 591
158 597
158 657
158 636
158 655
158 654
158 653
158 652
158 650
158 649
158 648
158 647
158 644
158 643
158 642
158 641
158 639
158 634
158 598
158 633
158 632
158 631
158 626
158 619
158 618
158 612
158 610
158 608
158 607
158 605
158 600
158 599
158 751
158 755
158 940
158 871
158 897
158 895
158 893
158 892
158 891
158 889
158 884
158 883
158 882
158 881
158 880
158 879
158 875
158 870
158 899
158 864
158 859
158 857
158 856
158 855
158 854
158 853
158 852
158 851
158 850
158 849
158 848
158 847
158 898
158 900
158 844
158 925
158 939
158 938
158 937
158 936
158 935
158 934
158 933
158 932
158 931
158 930
158 929
158 928
158 926
158 924
158 901
158 923
158 922
158 921
158 920
158 918
158 917
158 913
158 910
158 909
158 907
158 904
158 903
158 902
158 846
158 843
158 756
158 777
158 793
158 791
158 790
158 788
158 787
158 786
158 785
158 783
158 782
158 781
158 780
158 779
158 778
158 775
158 795
158 774
158 772
158 771
158 770
158 769
158 768
158 765
158 763
158 761
158 760
158 759
158 758
158 757
158 794
158 796
158 842
158 821
158 841
158 840
158 839
158 833
158 832
158 831
158 830
158 828
158 827
158 826
158 825
158 824
158 823
158 820
158 797
158 819
158 818
158 814
158 813
158 812
158 811
158 808
158 807
158 806
158 803
158 802
158 801
158 800
158 1
