159 1066
159 1197
159 1112
159 1259
159 801
159 1339
159 1115
159 846
159 1287
159 849
159 958
159 716
159 273
159 802
159 42
159 52
159 1293
159 248
159 922
159 723
159 544
159 749
159 494
159 969
159 895
159 432
159 803
159 192
159 844
159 326
159 1321
159 1005
159 598
159 1379
159 231
159 498
159 410
159 728
159 815
159 708
159 1301
159 643
159 67
159 106
159 25
159 1035
159 360
159 1322
159 468
159 146
159 919
159 781
159 625
159 927
159 1393
159 69
159 902
159 717
159 925
159 1305
159 78
159 688
159 847
159 225
159 1362
159 916
159 791
159 899
159 719
159 390
159 627
159 421
159 983
159 100
159 753
159 1289
159 685
159 1036
159 599
159 287
159 160
159 154
159 634
159 1114
159 1213
159 499
159 1252
159 77
159 528
159 1347
159 233
159 515
159 161
159 27
159 747
159 384
159 141
159 1352
159 234
159 1124
159 425
159 939
159 1106
159 1345
159 204
159 1243
159 56
159 722
159 911
159 1108
159 272
159 1245
159 921
159 746
159 718
159 908
159 1001
159 642
159 516
159 541
159 279
159 247
159 764
159 289
159 577
159 434
159 232
159 845
159 1310
159 124
159 790
159 671
159 44
159 197
159 816
159 1111
159 332
159 557
159 114
159 428
159 205
159 1248
159 624
159 142
159 469
159 792
159 783
159 465
159 441
159 576
159 729
159 435
159 1043
159 1141
159 923
159 901
159 1006
159 166
159 110
159 414
159 808
159 826
159 662
159 992
159 196
159 229
159 999
159 979
159 1262
159 600
159 1274
159 720
159 1263
159 1328
159 1320
159 230
159 359
159 1319
159 1298
159 1335
159 1149
159 978
159 259
159 372
159 1065
159 941
159 567
159 1147
159 1294
159 1333
159 947
159 752
159 336
159 707
159 1363
159 60
159 1304
159 632
159 86
159 57
159 982
159 556
159 638
159 137
159 896
159 658
159 164
159 780
159 1344
159 1002
159 1348
159 553
159 235
159 1336
159 1391
159 284
159 924
159 353
159 814
159 1162
159 329
159 1113
159 813
159 774
159 163
159 23
159 36
159 875
159 123
159 1220
159 689
159 297
159 1177
159 453
159 464
159 296
159 856
159 712
159 274
159 589
159 862
159 223
159 1270
159 637
159 739
159 714
159 639
159 991
159 168
159 988
159 1163
159 266
159 1104
159 683
159 207
159 1392
159 73
159 433
159 307
159 545
159 14
159 1157
159 518
159 1186
159 1062
159 456
159 910
159 1010
159 11
159 918
159 179
159 1373
159 199
159 1380
159 268
159 147
159 32
159 193
159 509
159 1069
159 886
159 1217
159 17
159 1135
159 37
159 1207
159 447
159 1279
159 591
159 318
159 909
159 188
159 373
159 848
159 860
159 569
159 711
159 953
159 1225
159 1222
159 1164
159 356
159 1247
159 590
159 1039
159 1219
159 1087
159 877
159 981
159 1381
159 601
159 1201
159 1231
159 391
159 1299
159 88
159 915
159 1105
159 93
159 523
159 1012
159 1037
159 657
159 1239
159 122
159 606
159 406
159 33
159 369
159 547
159 605
159 250
159 798
159 172
159 1042
159 448
159 1074
159 51
159 715
159 1034
159 531
159 181
159 1206
159 917
159 1300
159 1272
159 186
159 66
159 1193
159 13
159 1064
159 673
159 1038
159 769
159 968
159 766
159 609
159 94
159 317
159 666
159 1079
159 713
159 493
159 1342
159 822
159 185
159 1255
159 1089
159 933
159 1179
159 543
159 1075
159 401
159 319
159 566
159 1212
159 653
159 1040
159 48
159 559
159 670
159 944
159 588
159 15
159 442
159 415
159 1286
159 993
159 252
159 283
159 748
159 1271
159 704
159 54
159 1101
159 971
159 20
159 342
159 35
159 452
159 709
159 174
159 1032
159 70
159 513
159 976
159 967
159 759
159 214
159 301
159 1223
159 216
159 218
159 1377
159 883
159 725
159 946
159 1041
159 572
159 1137
159 930
159 775
159 5
159 1332
159 649
159 674
159 203
159 202
159 12
159 117
159 1240
159 354
159 506
159 1210
159 1214
159 217
159 1334
159 1374
159 1194
159 1356
159 777
159 500
159 1117
159 626
159 370
159 913
159 134
159 201
159 236
159 650
159 857
159 536
159 975
159 82
159 1188
159 1170
159 812
159 1057
159 1202
159 1268
159 19
159 1346
159 346
159 665
159 1273
159 63
159 292
159 592
159 1020
159 994
159 809
159 1314
159 760
159 651
159 1383
159 892
159 697
159 129
159 522
159 275
159 997
159 970
159 859
159 158
159 133
159 85
159 1338
159 1151
159 337
159 1350
159 504
159 552
159 341
159 349
159 492
159 357
159 446
159 966
159 903
159 1218
159 461
159 97
159 503
159 1290
159 1008
159 1398
159 29
159 438
159 571
159 431
159 560
159 1394
159 334
159 1122
159 120
159 861
159 1353
159 1387
159 1140
159 1224
159 1331
159 934
159 772
159 1390
159 578
159 1059
159 95
159 537
159 138
159 595
159 530
159 1209
159 1297
159 191
159 897
159 213
159 427
159 555
159 987
159 323
159 481
159 55
159 799
159 646
159 825
159 501
159 1029
159 2
159 167
159 1327
159 1132
159 127
159 211
159 162
159 608
159 209
159 151
159 546
159 574
159 550
159 655
159 126
159 101
159 811
159 742
159 1354
159 1092
159 1097
159 1173
159 960
159 1
159 989
159 80
159 1291
159 62
159 893
159 1184
159 1253
159 228
159 696
159 1340
159 119
159 744
159 698
159 1181
159 1318
159 998
159 245
159 379
159 1309
159 295
159 787
159 907
159 294
159 495
159 1161
159 640
159 520
159 972
159 1007
159 540
159 1282
159 690
159 973
159 985
159 1366
159 87
159 585
159 173
159 267
159 1351
159 105
159 473
159 1098
159 237
159 1296
159 1386
159 293
159 928
159 83
159 1000
159 1156
159 1264
159 635
159 1211
159 1153
159 794
159 1244
159 508
159 43
159 894
159 1238
159 261
159 1343
159 943
159 710
159 1241
159 157
159 84
159 554
159 580
159 727
159 1246
159 79
159 486
159 1195
159 131
159 721
159 573
159 277
159 1303
159 1235
159 1281
159 675
159 484
159 416
159 661
159 757
159 300
159 542
159 827
159 986
159 575
159 24
159 328
159 417
159 423
159 364
159 962
159 244
159 1047
159 89
159 111
159 98
159 115
159 102
159 426
159 103
159 399
159 116
159 413
159 104
159 109
159 90
159 418
159 412
159 400
159 408
159 407
159 96
159 113
159 405
159 112
159 92
159 108
159 91
159 420
159 422
159 404
159 419
159 424
159 403
159 411
159 402
159 99
159 409
159 107
159 64
159 81
159 76
159 34
159 31
159 30
159 454
159 455
159 28
159 457
159 458
159 26
159 459
159 22
159 21
159 18
159 460
159 16
159 10
159 9
159 8
159 462
159 463
159 7
159 466
159 467
159 6
159 4
159 3
159 470
159 471
159 472
159 38
159 451
159 450
159 58
159 429
159 75
159 74
159 430
159 72
159 71
159 68
159 65
159 398
159 436
159 61
159 437
159 59
159 53
159 39
159 50
159 439
159 440
159 49
159 47
159 46
159 443
159 444
159 45
159 445
159 41
159 449
159 40
159 118
159 387
159 397
159 327
159 241
159 242
159 333
159 243
159 331
159 330
159 246
159 249
159 396
159 325
159 251
159 324
159 253
159 254
159 322
159 255
159 335
159 240
159 239
159 238
159 220
159 348
159 347
159 345
159 344
159 221
159 343
159 222
159 224
159 226
159 340
159 227
159 475
159 339
159 338
159 256
159 321
159 257
159 308
159 278
159 306
159 280
159 281
159 282
159 285
159 286
159 288
159 305
159 304
159 303
159 302
159 290
159 291
159 299
159 276
159 309
159 320
159 310
159 258
159 260
159 316
159 262
159 263
159 264
159 315
159 314
159 313
159 312
159 265
159 311
159 269
159 270
159 271
159 350
159 351
159 352
159 298
159 386
159 148
159 385
159 149
159 150
159 383
159 152
159 382
159 381
159 153
159 155
159 380
159 378
159 156
159 377
159 145
159 144
159 165
159 143
159 395
159 394
159 121
159 393
159 125
159 128
159 130
159 392
159 132
159 135
159 136
159 139
159 389
159 388
159 140
159 159
159 376
159 219
159 182
159 358
159 184
159 187
159 355
159 189
159 190
159 194
159 195
159 198
159 200
159 206
159 208
159 210
159 212
159 215
159 183
159 361
159 375
159 180
159 374
159 169
159 170
159 371
159 171
159 175
159 176
159 368
159 367
159 177
159 178
159 366
159 365
159 363
159 362
159 474
159 1400
159 476
159 1080
159 1095
159 1094
159 1093
159 1091
159 1090
159 1088
159 1086
159 1085
159 1084
159 1083
159 1082
159 1081
159 1078
159 1099
159 1077
159 1076
159 1073
159 1072
159 1071
159 1070
159 1068
159 1067
159 1063
159 1061
159 1060
159 1058
159 1096
159 1100
159 1148
159 1128
159 1145
159 1144
159 1143
159 1142
159 1139
159 1138
159 1136
159 1134
159 1133
159 1131
159 1130
159 1129
159 1127
159 1102
159 1126
159 1125
159 1123
159 1121
159 1120
159 1119
159 1118
159 1116
159 1110
159 1109
159 1107
159 1103
159 1056
159 1055
159 1054
159 959
159 1003
159 996
159 995
159 990
159 984
159 980
159 977
159 974
159 965
159 964
159 963
159 961
159 957
159 1053
159 956
159 955
159 954
159 952
159 951
159 950
159 949
159 948
159 945
159 942
159 940
159 938
159 1004
159 1009
159 1011
159 1013
159 1052
159 1051
159 1050
159 1049
159 1048
159 1046
159 1045
159 1044
159 1033
159 1031
159 1030
159 1028
159 1027
159 1026
159 1025
159 1024
159 1023
159 1022
159 1021
159 1019
159 1018
159 1017
159 1016
159 1015
159 1014
159 1146
159 1150
159 477
159 1306
159 1326
159 1325
159 1324
159 1323
159 1317
159 1316
159 1315
159 1313
159 1312
159 1311
159 1308
159 1307
159 1302
159 1330
159 1295
159 1292
159 1288
159 1285
159 1284
159 1283
159 1280
159 1278
159 1277
159 1276
159 1275
159 1269
159 1329
159 1337
159 1152
159 1371
159 1397
159 1396
159 1395
159 1389
159 1388
159 1385
159 1384
159 1382
159 1378
159 1376
159 1375
159 1372
159 1370
159 1341
159 1369
159 1368
159 1367
159 1365
159 1364
159 1361
159 1360
159 1359
159 1358
159 1357
159 1355
159 1349
159 1267
159 1266
159 1265
159 1175
159 1196
159 1192
159 1191
159 1190
159 1189
159 1187
159 1185
159 1183
159 1182
159 1180
159 1178
159 1176
159 1174
159 1261
159 1172
159 1171
159 1169
159 1168
159 1167
159 1166
159 1165
159 1160
159 1159
159 1158
159 1155
159 1154
159 1198
159 1199
159 1200
159 1203
159 1260
159 1258
159 1257
159 1256
159 1254
159 1251
159 1250
159 1249
159 1242
159 1237
159 1236
159 1234
159 1233
159 1232
159 1230
159 1229
159 1228
159 1227
159 1226
159 1221
159 1216
159 1215
159 1208
159 1205
159 1204
159 937
159 936
159 935
159 622
159 648
159 647
159 645
159 644
159 641
159 636
159 633
159 631
159 630
159 629
159 628
159 623
159 621
159 654
159 620
159 619
159 618
159 617
159 616
159 615
159 614
159 613
159 612
159 611
159 610
159 607
159 652
159 656
159 932
159 682
159 702
159 701
159 1399
159 699
159 695
159 694
159 693
159 692
159 691
159 687
159 686
159 684
159 681
159 659
159 680
159 679
159 678
159 677
159 676
159 672
159 669
159 668
159 667
159 664
159 663
159 660
159 604
159 603
159 602
159 502
159 526
159 525
159 524
159 521
159 519
159 517
159 514
159 512
159 511
159 510
159 507
159 505
159 497
159 597
159 496
159 491
159 490
159 489
159 488
159 487
159 485
159 483
159 482
159 480
159 479
159 478
159 527
159 529
159 532
159 533
159 596
159 594
159 593
159 587
159 586
159 584
159 583
159 582
159 581
159 579
159 570
159 568
159 565
159 564
159 563
159 562
159 561
159 558
159 551
159 549
159 548
159 539
159 538
159 535
159 534
159 703
159 705
159 706
159 851
159 869
159 868
159 867
159 866
159 865
159 864
159 863
159 858
159 855
159 854
159 853
159 852
159 850
159 830
159 843
159 842
159 841
159 840
159 839
159 838
159 837
159 836
159 835
159 834
159 833
159 832
159 870
159 871
159 872
159 873
159 931
159 929
159 926
159 920
159 914
159 912
159 906
159 905
159 904
159 900
159 898
159 891
159 890
159 889
159 888
159 887
159 885
159 884
159 882
159 881
159 880
159 879
159 878
159 876
159 874
159 831
159 829
159 724
159 745
159 768
159 767
159 765
159 763
159 762
159 761
159 758
159 756
159 755
159 754
159 751
159 750
159 743
159 828
159 741
159 740
159 738
159 737
159 736
159 735
159 734
159 733
159 732
159 731
159 730
159 726
159 770
159 771
159 773
159 776
159 824
159 823
159 821
159 820
159 819
159 818
159 817
159 810
159 807
159 806
159 805
159 804
159 800
159 797
159 796
159 795
159 793
159 789
159 788
159 786
159 785
159 784
159 782
159 779
159 778
159 700
