16 498
16 106
16 231
16 248
16 494
16 1255
16 1112
16 1328
16 326
16 1301
16 1006
16 814
16 803
16 161
16 93
16 927
16 410
16 259
16 528
16 849
16 279
16 1259
16 468
16 192
16 447
16 154
16 266
16 360
16 802
16 435
16 1108
16 336
16 922
16 1043
16 1124
16 372
16 85
16 1393
16 652
16 801
16 553
16 25
16 234
16 669
16 443
16 318
16 216
16 1390
16 1304
16 1005
16 421
16 1383
16 233
16 273
16 976
16 1193
16 983
16 384
16 1221
16 197
16 869
16 918
16 269
16 196
16 771
16 1243
16 1188
16 61
16 1356
16 920
16 1358
16 537
16 325
16 94
16 160
16 992
16 179
16 146
16 556
16 188
16 1037
16 433
16 662
16 1297
16 124
16 770
16 1062
16 682
16 1149
16 382
16 1380
16 363
16 1195
16 261
16 208
16 349
16 1352
16 592
16 924
16 916
16 56
16 1159
16 607
16 774
16 1197
16 270
16 1253
16 901
16 1286
16 375
16 211
16 278
16 446
16 426
16 1074
16 1098
16 232
16 1213
16 1280
16 36
16 775
16 414
16 1399
16 808
16 981
16 87
16 1246
16 988
16 493
16 412
16 559
16 142
16 247
16 1400
16 122
16 704
16 1248
16 557
16 257
16 1019
16 148
16 1262
16 88
16 395
16 834
16 917
16 986
16 373
16 1271
16 1397
16 35
16 1092
16 27
16 1323
16 714
16 23
16 921
16 677
16 919
16 826
16 324
16 1071
16 1179
16 452
16 181
16 322
16 969
16 225
16 666
16 878
16 1084
16 1009
16 632
16 60
16 427
16 945
16 203
16 112
16 578
16 1183
16 1105
16 609
16 1263
16 1210
16 44
16 249
16 551
16 1281
16 469
16 1113
16 86
16 332
16 574
16 1239
16 1310
16 1151
16 465
16 966
16 530
16 926
16 1242
16 57
16 296
16 531
16 552
16 1234
16 1396
16 213
16 1072
16 523
16 601
16 599
16 1377
16 186
16 1080
16 1275
16 569
16 967
16 1114
16 968
16 205
16 111
16 1387
16 48
16 19
16 1194
16 543
16 97
16 369
16 1063
16 1247
16 947
16 626
16 133
16 653
16 383
16 577
16 134
16 1231
16 37
16 1274
16 127
16 689
16 665
16 688
16 500
16 1036
16 1048
16 117
16 268
16 637
16 457
16 1319
16 1391
16 492
16 762
16 1106
16 118
16 1003
16 292
16 49
16 1010
16 657
16 317
16 1298
16 1225
16 1075
16 1238
16 1222
16 289
16 378
16 456
16 206
16 235
16 1087
16 489
16 240
16 370
16 943
16 283
16 744
16 1332
16 307
16 445
16 108
16 404
16 816
16 836
16 1135
16 993
16 341
16 1296
16 1289
16 1334
16 1040
16 783
16 487
16 980
16 547
16 359
16 949
16 977
16 1394
16 1245
16 1233
16 2
16 923
16 63
16 1110
16 1007
16 470
16 1388
16 1184
16 541
16 407
16 1385
16 676
16 1157
16 1342
16 1343
16 644
16 1306
16 92
16 52
16 1212
16 217
16 1201
16 818
16 539
16 297
16 1137
16 1
16 340
16 328
16 1002
16 1012
16 989
16 84
16 991
16 74
16 173
16 784
16 3
16 107
16 172
16 1041
16 979
16 425
16 1373
16 1198
16 1339
16 1202
16 39
16 789
16 432
16 575
16 994
16 1199
16 1224
16 174
16 1235
16 428
16 987
16 499
16 525
16 1147
16 782
16 228
16 262
16 588
16 1042
16 779
16 329
16 171
16 424
16 77
16 745
16 1182
16 1266
16 1309
16 1204
16 1076
16 105
16 356
16 1058
16 678
16 1107
16 59
16 1265
16 194
16 17
16 1089
16 66
16 1088
16 1273
16 600
16 495
16 602
16 193
16 1038
16 811
16 671
16 458
16 1386
16 978
16 474
16 250
16 24
16 1261
16 1023
16 522
16 1251
16 684
16 58
16 422
16 9
16 323
16 593
16 660
16 16
16 1104
16 964
16 781
16 691
16 690
16 1331
16 104
16 229
16 501
16 1381
16 545
16 1153
16 670
16 625
16 701
16 938
16 504
16 183
16 698
16 683
16 1083
16 606
16 135
16 191
16 655
16 785
16 242
16 848
16 417
16 563
16 1294
16 287
16 20
16 1061
16 827
16 32
16 13
16 463
16 1081
16 109
16 1094
16 230
16 300
16 754
16 393
16 946
16 1130
16 941
16 536
16 119
16 1100
16 747
16 227
16 930
16 750
16 1318
16 150
16 686
16 956
16 64
16 295
16 14
16 1214
16 765
16 4
16 900
16 1351
16 294
16 43
16 1190
16 985
16 1229
16 567
16 815
16 455
16 409
16 464
16 974
16 656
16 526
16 361
16 304
16 187
16 896
16 554
16 661
16 321
16 1371
16 472
16 310
16 576
16 572
16 891
16 912
16 717
16 379
16 434
16 1192
16 1123
16 786
16 449
16 306
16 440
16 1315
16 629
16 674
16 699
16 339
16 648
16 54
16 998
16 809
16 413
16 439
16 633
16 459
16 719
16 131
16 1365
16 1237
16 158
16 1366
16 18
16 907
16 1230
16 1363
16 984
16 386
16 167
16 1350
16 491
16 69
16 1300
16 1375
16 1181
16 222
16 110
16 550
16 1111
16 624
16 965
16 1055
16 398
16 1218
16 1382
16 748
16 394
16 651
16 535
16 1354
16 508
16 527
16 121
16 1175
16 490
16 385
16 813
16 892
16 401
16 389
16 1302
16 571
16 1384
16 534
16 45
16 438
16 507
16 305
16 1228
16 749
16 298
16 640
16 431
16 89
16 732
16 335
16 634
16 180
16 706
16 236
16 583
16 1241
16 506
16 399
16 423
16 1140
16 313
16 430
16 1290
16 1209
16 26
16 1232
16 162
16 1267
16 309
16 773
16 1139
16 98
16 751
16 204
16 1187
16 374
16 673
16 1303
16 1217
16 418
16 1039
16 910
16 555
16 1249
16 1021
16 793
16 1142
16 246
16 1367
16 540
16 1353
16 872
16 1336
16 1029
16 1011
16 1295
16 579
16 28
16 929
16 1256
16 1097
16 1236
16 147
16 1305
16 333
16 1341
16 377
16 376
16 113
16 314
16 1143
16 371
16 101
16 1392
16 1189
16 352
16 411
16 514
16 288
16 590
16 388
16 299
16 1279
16 34
16 733
16 488
16 886
16 258
16 604
16 387
16 1326
16 1252
16 659
16 1314
16 1283
16 739
16 1000
16 904
16 1398
16 420
16 467
16 549
16 1282
16 38
16 975
16 757
16 1324
16 610
16 564
16 990
16 265
16 364
16 962
16 282
16 1161
16 761
16 1216
16 252
16 277
16 503
16 1180
16 1348
16 308
16 562
16 1203
16 189
16 544
16 973
16 612
16 521
16 1268
16 790
16 730
16 959
16 1287
16 450
16 272
16 1148
16 1154
16 1272
16 861
16 845
16 1220
16 585
16 663
16 480
16 476
16 510
16 33
16 466
16 772
16 1312
16 95
16 103
16 473
16 100
16 22
16 1360
16 116
16 902
16 586
16 485
16 794
16 820
16 533
16 1186
16 484
16 293
16 392
16 797
16 568
16 165
16 1078
16 675
16 860
16 483
16 1215
16 680
16 1073
16 128
16 274
16 710
16 873
16 481
16 903
16 319
16 767
16 1223
16 1211
16 209
16 1082
16 795
16 546
16 667
16 1254
16 81
16 963
16 175
16 895
16 166
16 1321
16 566
16 1144
16 200
16 911
16 1065
16 280
16 351
16 21
16 1165
16 50
16 605
16 1004
16 263
16 616
16 580
16 1362
16 558
16 1185
16 1374
16 79
16 123
16 190
16 185
16 573
16 705
16 1014
16 312
16 1205
16 241
16 799
16 1270
16 1200
16 906
16 1330
16 867
16 366
16 972
16 511
16 852
16 961
16 224
16 1240
16 365
16 839
16 1141
16 311
16 687
16 591
16 970
16 942
16 7
16 734
16 672
16 239
16 91
16 1125
16 73
16 1329
16 102
16 1086
16 358
16 696
16 144
16 1370
16 570
16 475
16 542
16 115
16 1160
16 53
16 1227
16 237
16 915
16 1338
16 221
16 1325
16 718
16 1368
16 1136
16 1349
16 201
16 315
16 1264
16 276
16 529
16 1158
16 589
16 1269
16 342
16 722
16 70
16 565
16 1085
16 381
16 125
16 460
16 597
16 303
16 623
16 461
16 798
16 1313
16 668
16 176
16 243
16 1127
16 444
16 316
16 1333
16 940
16 163
16 1344
16 327
16 1307
16 78
16 560
16 700
16 347
16 805
16 159
16 561
16 646
16 120
16 817
16 212
16 595
16 96
16 145
16 1288
16 149
16 996
16 1260
16 6
16 138
16 587
16 944
16 939
16 55
16 99
16 182
16 933
16 1250
16 1066
16 685
16 608
16 806
16 1119
16 415
16 496
16 126
16 1379
16 792
16 391
16 380
16 244
16 1347
16 402
16 960
16 1291
16 214
16 210
16 1093
16 169
16 630
16 800
16 627
16 132
16 1047
16 348
16 1284
16 477
16 198
16 346
16 1128
16 702
16 184
16 82
16 697
16 538
16 207
16 1207
16 267
16 899
16 442
16 693
16 152
16 51
16 1278
16 406
16 857
16 1156
16 334
16 692
16 344
16 170
16 155
16 177
16 635
16 1024
16 1244
16 72
16 856
16 894
16 658
16 1064
16 1322
16 453
16 825
16 157
16 486
16 603
16 1164
16 62
16 1277
16 1166
16 199
16 143
16 1122
16 156
16 914
16 1121
16 1345
16 136
16 153
16 137
16 140
16 1120
16 913
16 151
16 909
16 139
16 141
16 1126
16 1346
16 893
16 908
16 863
16 874
16 871
16 195
16 870
16 868
16 866
16 865
16 202
16 864
16 862
16 875
16 1327
16 859
16 858
16 215
16 855
16 218
16 219
16 220
16 854
16 1335
16 876
16 905
16 887
16 1340
16 164
16 898
16 897
16 168
16 129
16 890
16 889
16 888
16 885
16 877
16 178
16 884
16 883
16 882
16 881
16 880
16 1337
16 879
16 1129
16 130
16 950
16 1118
16 31
16 1079
16 1035
16 1034
16 1033
16 1032
16 1031
16 1030
16 40
16 41
16 42
16 1028
16 1027
16 46
16 47
16 1378
16 1376
16 1026
16 1025
16 1022
16 1020
16 1018
16 1017
16 1016
16 1077
16 30
16 1015
16 29
16 1069
16 5
16 1070
16 8
16 1060
16 10
16 11
16 12
16 1059
16 1057
16 15
16 1056
16 1054
16 1053
16 1395
16 1052
16 1051
16 1050
16 1049
16 1389
16 1046
16 1045
16 1044
16 1372
16 1013
16 925
16 958
16 955
16 954
16 953
16 952
16 951
16 223
16 948
16 1361
16 1109
16 1115
16 1359
16 1357
16 937
16 114
16 936
16 935
16 1355
16 934
16 932
16 931
16 928
16 1116
16 1117
16 957
16 1364
16 1008
16 1103
16 65
16 1001
16 67
16 68
16 999
16 997
16 71
16 995
16 75
16 76
16 1090
16 1091
16 80
16 1095
16 83
16 982
16 1369
16 1096
16 1099
16 971
16 1101
16 90
16 1102
16 853
16 1311
16 851
16 647
16 654
16 396
16 397
16 1168
16 1169
16 400
16 650
16 403
16 649
16 405
16 408
16 645
16 390
16 1170
16 643
16 416
16 642
16 641
16 419
16 639
16 638
16 1171
16 636
16 1172
16 1167
16 664
16 628
16 708
16 355
16 721
16 357
16 720
16 716
16 715
16 713
16 362
16 712
16 711
16 709
16 367
16 1163
16 368
16 707
16 703
16 1155
16 695
16 694
16 1258
16 1257
16 681
16 679
16 1162
16 631
16 429
16 1320
16 520
16 1191
16 1219
16 548
16 1196
16 471
16 1067
16 532
16 524
16 1206
16 478
16 479
16 519
16 582
16 482
16 518
16 517
16 516
16 515
16 513
16 512
16 509
16 505
16 502
16 1208
16 581
16 584
16 1173
16 613
16 622
16 621
16 620
16 619
16 436
16 437
16 618
16 617
16 615
16 441
16 614
16 611
16 462
16 1174
16 448
16 1176
16 451
16 1226
16 454
16 1177
16 598
16 596
16 594
16 1178
16 354
16 353
16 723
16 819
16 255
16 256
16 1308
16 828
16 1134
16 260
16 824
16 823
16 264
16 822
16 821
16 1299
16 253
16 271
16 1138
16 812
16 810
16 275
16 807
16 1293
16 804
16 281
16 1292
16 284
16 254
16 829
16 724
16 840
16 226
16 850
16 1131
16 847
16 846
16 844
16 1317
16 1316
16 843
16 842
16 841
16 238
16 251
16 838
16 837
16 1132
16 835
16 1133
16 245
16 833
16 832
16 497
16 831
16 830
16 285
16 286
16 796
16 736
16 320
16 1152
16 743
16 742
16 741
16 740
16 738
16 737
16 330
16 331
16 1276
16 735
16 290
16 731
16 337
16 338
16 729
16 728
16 727
16 726
16 343
16 345
16 725
16 350
16 746
16 752
16 753
16 755
16 291
16 791
16 788
16 787
16 780
16 778
16 777
16 776
16 1145
16 301
16 302
16 1146
16 769
16 768
16 766
16 1285
16 764
16 763
16 1150
16 760
16 759
16 758
16 756
16 1068
