160 1071
160 885
160 887
160 741
160 769
160 1134
160 890
160 1172
160 763
160 1146
160 1126
160 1173
160 888
160 953
160 740
160 897
160 1037
160 743
160 1052
160 1068
160 739
160 926
160 839
160 1118
160 830
160 1131
160 1145
160 1171
160 889
160 1039
160 848
160 826
160 412
160 765
160 843
160 1051
160 1070
160 838
160 1116
160 935
160 831
160 1117
160 1123
160 841
160 1038
160 828
160 760
160 822
160 400
160 928
160 1012
160 930
160 886
160 1177
160 31
160 846
160 894
160 1042
160 1178
160 1053
160 1174
160 1067
160 820
160 1400
160 853
160 891
160 761
160 1044
160 852
160 823
160 1122
160 951
160 1121
160 764
160 1043
160 766
160 863
160 1175
160 862
160 827
160 742
160 929
160 932
160 956
160 957
160 954
160 1013
160 1059
160 1031
160 1362
160 1322
160 851
160 1119
160 938
160 1387
160 847
160 898
160 642
160 1129
160 1034
160 1136
160 858
160 1035
160 1041
160 1036
160 934
160 1133
160 936
160 971
160 854
160 857
160 30
160 744
160 1024
160 915
160 102
160 540
160 1027
160 726
160 825
160 870
160 1023
160 1060
160 1026
160 1399
160 1055
160 955
160 66
160 859
160 462
160 937
160 836
160 1046
160 1009
160 818
160 824
160 1127
160 1015
160 1227
160 133
160 1192
160 1050
160 1032
160 1359
160 29
160 1155
160 1138
160 197
160 874
160 833
160 1358
160 497
160 1030
160 658
160 864
160 767
160 748
160 1357
160 1018
160 856
160 1137
160 931
160 946
160 1349
160 1017
160 1056
160 397
160 1360
160 1029
160 57
160 1364
160 1048
160 948
160 720
160 1130
160 817
160 442
160 1132
160 819
160 232
160 1025
160 565
160 581
160 1135
160 131
160 661
160 1156
160 1003
160 135
160 993
160 1120
160 729
160 176
160 62
160 1281
160 1294
160 603
160 662
160 837
160 845
160 287
160 583
160 13
160 486
160 593
160 187
160 580
160 423
160 520
160 428
160 1307
160 1205
160 324
160 1058
160 419
160 1014
160 348
160 391
160 1103
160 1040
160 883
160 45
160 1022
160 736
160 528
160 63
160 173
160 1371
160 1356
160 216
160 84
160 1190
160 310
160 421
160 1144
160 1161
160 59
160 950
160 195
160 1386
160 350
160 796
160 844
160 276
160 325
160 712
160 605
160 881
160 627
160 737
160 95
160 909
160 94
160 128
160 200
160 198
160 986
160 139
160 952
160 255
160 19
160 991
160 1019
160 1366
160 1020
160 1228
160 1398
160 15
160 16
160 221
160 1293
160 850
160 914
160 89
160 1001
160 522
160 9
160 262
160 701
160 1091
160 1285
160 463
160 747
160 334
160 1225
160 54
160 467
160 1336
160 1021
160 1335
160 326
160 1313
160 508
160 1323
160 188
160 27
160 79
160 772
160 1309
160 174
160 338
160 762
160 1355
160 1397
160 279
160 707
160 1252
160 829
160 170
160 1028
160 1147
160 189
160 695
160 640
160 56
160 623
160 82
160 413
160 1353
160 562
160 179
160 168
160 329
160 92
160 465
160 1396
160 434
160 972
160 994
160 424
160 1222
160 165
160 377
160 1075
160 427
160 996
160 625
160 389
160 756
160 1066
160 53
160 513
160 727
160 961
160 1000
160 392
160 692
160 83
160 538
160 109
160 1237
160 667
160 1176
160 257
160 205
160 185
160 595
160 636
160 1125
160 516
160 563
160 441
160 592
160 590
160 502
160 34
160 1321
160 849
160 941
160 1093
160 815
160 280
160 880
160 366
160 448
160 1244
160 212
160 722
160 518
160 1047
160 55
160 721
160 186
160 710
160 1295
160 1392
160 1382
160 842
160 1363
160 302
160 169
160 1062
160 414
160 1250
160 381
160 1049
160 776
160 299
160 97
160 80
160 693
160 100
160 1381
160 807
160 1198
160 536
160 1207
160 376
160 228
160 1350
160 123
160 783
160 196
160 297
160 780
160 611
160 1114
160 566
160 687
160 792
160 1258
160 47
160 443
160 5
160 1191
160 751
160 184
160 966
160 126
160 917
160 907
160 300
160 571
160 110
160 896
160 99
160 307
160 150
160 364
160 696
160 226
160 1064
160 314
160 464
160 535
160 1230
160 415
160 72
160 1351
160 383
160 719
160 519
160 447
160 618
160 1241
160 1094
160 808
160 1128
160 869
160 1365
160 1212
160 285
160 867
160 801
160 372
160 460
160 433
160 208
160 214
160 11
160 1380
160 312
160 396
160 967
160 1352
160 714
160 75
160 494
160 770
160 809
160 505
160 403
160 435
160 81
160 775
160 758
160 388
160 365
160 1337
160 425
160 1292
160 294
160 237
160 650
160 1109
160 1300
160 628
160 992
160 943
160 417
160 663
160 877
160 612
160 1045
160 680
160 58
160 241
160 71
160 1372
160 1264
160 871
160 1163
160 160
160 35
160 466
160 1395
160 1261
160 1378
160 511
160 69
160 688
160 811
160 351
160 1274
160 1082
160 733
160 143
160 17
160 1238
160 637
160 315
160 781
160 213
160 1235
160 939
160 1104
160 674
160 1319
160 1239
160 591
160 192
160 1016
160 369
160 430
160 539
160 620
160 1107
160 976
160 175
160 210
160 373
160 50
160 444
160 236
160 436
160 39
160 470
160 124
160 816
160 112
160 655
160 561
160 1095
160 354
160 1162
160 782
160 177
160 76
160 1341
160 152
160 1243
160 492
160 924
160 1193
160 922
160 812
160 491
160 426
160 416
160 51
160 759
160 296
160 589
160 1231
160 577
160 1187
160 309
160 498
160 567
160 222
160 322
160 713
160 379
160 804
160 786
160 1004
160 1375
160 517
160 431
160 694
160 1361
160 668
160 37
160 248
160 1209
160 624
160 42
160 1262
160 1379
160 1186
160 346
160 1159
160 984
160 1166
160 686
160 689
160 1315
160 1343
160 201
160 970
160 166
160 840
160 798
160 1184
160 1061
160 679
160 495
160 118
160 635
160 10
160 1275
160 370
160 305
160 239
160 33
160 138
160 905
160 1077
160 73
160 639
160 445
160 317
160 730
160 569
160 596
160 1214
160 1164
160 385
160 1195
160 546
160 352
160 488
160 1204
160 1002
160 933
160 1010
160 876
160 244
160 245
160 653
160 272
160 151
160 243
160 163
160 46
160 64
160 771
160 643
160 673
160 1311
160 74
160 313
160 745
160 802
160 725
160 474
160 753
160 395
160 193
160 893
160 529
160 40
160 1074
160 1367
160 368
160 1266
160 621
160 271
160 1304
160 43
160 202
160 787
160 574
160 1373
160 975
160 754
160 49
160 1393
160 153
160 306
160 1303
160 1165
160 1301
160 206
160 225
160 1097
160 164
160 601
160 1291
160 609
160 77
160 25
160 1226
160 459
160 330
160 671
160 514
160 990
160 378
160 657
160 1081
160 537
160 211
160 757
160 88
160 1346
160 70
160 901
160 1115
160 2
160 908
160 1312
160 1170
160 1318
160 805
160 3
160 282
160 690
160 1249
160 572
160 180
160 1305
160 215
160 527
160 1326
160 1374
160 1124
160 734
160 549
160 304
160 234
160 525
160 998
160 404
160 456
160 489
160 120
160 1247
160 129
160 38
160 8
160 149
160 328
160 1271
160 698
160 20
160 1157
160 921
160 564
160 1270
160 576
160 240
160 125
160 484
160 1278
160 983
160 509
160 1069
160 1339
160 1269
160 1236
160 1232
160 554
160 246
160 107
160 1151
160 665
160 1248
160 332
160 1282
160 1099
160 266
160 597
160 997
160 409
160 985
160 122
160 835
160 454
160 1277
160 342
160 1256
160 146
160 242
160 273
160 336
160 127
160 504
160 717
160 1265
160 178
160 795
160 78
160 220
160 608
160 362
160 250
160 649
160 610
160 732
160 339
160 1317
160 904
160 979
160 916
160 1240
160 582
160 472
160 493
160 291
160 949
160 219
160 861
160 999
160 1216
160 24
160 292
160 652
160 199
160 68
160 799
160 703
160 947
160 709
160 1188
160 411
160 632
160 258
160 1189
160 172
160 393
160 438
160 473
160 44
160 1092
160 455
160 482
160 1090
160 697
160 343
160 599
160 1354
160 1290
160 167
160 779
160 116
160 560
160 1263
160 855
160 121
160 773
160 638
160 552
160 964
160 1342
160 147
160 335
160 14
160 479
160 1316
160 380
160 1203
160 1106
160 789
160 875
160 145
160 452
160 229
160 1083
160 629
160 277
160 274
160 115
160 1234
160 114
160 308
160 558
160 803
160 268
160 1229
160 959
160 675
160 1331
160 22
160 374
160 723
160 746
160 669
160 556
160 1340
160 190
160 586
160 347
160 988
160 530
160 785
160 626
160 1284
160 183
160 810
160 1276
160 545
160 1202
160 1033
160 524
160 136
160 207
160 588
160 660
160 1233
160 794
160 401
160 1223
160 249
160 311
160 1224
160 1063
160 656
160 977
160 1320
160 1306
160 711
160 797
160 487
160 28
160 1089
160 288
160 85
160 490
160 878
160 1194
160 927
160 892
160 1150
160 575
160 446
160 251
160 252
160 1338
160 521
160 265
160 821
160 1310
160 515
160 344
160 12
160 217
160 1302
160 1253
160 1206
160 1377
160 1111
160 469
160 341
160 1267
160 256
160 194
160 1076
160 800
160 664
160 1143
160 700
160 1218
160 1272
160 1101
160 1108
160 784
160 284
160 1297
160 866
160 260
160 1286
160 1200
160 1096
160 360
160 1011
160 600
160 1078
160 253
160 1199
160 1330
160 573
160 283
160 631
160 140
160 104
160 672
160 233
160 87
160 630
160 900
160 616
160 105
160 182
160 791
160 1280
160 90
160 358
160 349
160 1283
160 293
160 1006
160 958
160 1169
160 705
160 209
160 101
160 1257
160 960
160 406
160 1345
160 654
160 1
160 390
160 204
160 788
160 1219
160 1211
160 1153
160 1201
160 113
160 634
160 1100
160 633
160 275
160 1242
160 261
160 1065
160 356
160 270
160 1008
160 1080
160 321
160 132
160 363
160 989
160 681
160 1054
160 578
160 912
160 945
160 553
160 973
160 1113
160 468
160 1179
160 141
160 1325
160 1183
160 1098
160 651
160 1383
160 1289
160 36
160 699
160 1139
160 1254
160 646
160 496
160 1208
160 1220
160 962
160 345
160 557
160 542
160 902
160 1213
160 602
160 506
160 263
160 1185
160 1333
160 987
160 1259
160 247
160 227
160 134
160 1390
160 432
160 7
160 259
160 439
160 691
160 814
160 974
160 903
160 1370
160 191
160 1182
160 1154
160 458
160 155
160 230
160 289
160 96
160 1072
160 1246
160 806
160 704
160 117
160 26
160 1088
160 1142
160 1347
160 422
160 461
160 1087
160 18
160 1348
160 130
160 1141
160 21
160 1344
160 1102
160 1105
160 1140
160 1110
160 1112
160 23
160 119
160 1334
160 398
160 137
160 1086
160 1085
160 1007
160 1394
160 1391
160 159
160 158
160 157
160 156
160 4
160 154
160 6
160 471
160 1389
160 1388
160 1057
160 1385
160 1384
160 148
160 1073
160 394
160 144
160 1079
160 142
160 1376
160 1369
160 1084
160 1368
160 1332
160 1148
160 1255
160 429
160 1217
160 1196
160 1197
160 405
160 407
160 41
160 1296
160 1288
160 1287
160 1210
160 437
160 48
160 440
160 1215
160 408
160 1298
160 1279
160 1273
160 52
160 1221
160 67
160 410
160 65
160 1268
160 1245
160 1251
160 61
160 1260
160 60
160 162
160 1299
160 111
160 1167
160 449
160 1149
160 1152
160 108
160 1329
160 106
160 399
160 457
160 103
160 453
160 1158
160 1160
160 98
160 1168
160 1308
160 1328
160 402
160 93
160 1327
160 91
160 451
160 1180
160 1181
160 450
160 86
160 32
160 1324
160 1314
160 161
160 367
160 475
160 318
160 645
160 644
160 298
160 641
160 301
160 303
160 375
160 503
160 622
160 619
160 617
160 615
160 614
160 613
160 607
160 606
160 604
160 295
160 501
160 647
160 485
160 269
160 683
160 682
160 678
160 677
160 676
160 278
160 670
160 648
160 281
160 666
160 499
160 659
160 286
160 500
160 290
160 316
160 319
160 1005
160 320
160 548
160 547
160 544
160 510
160 543
160 541
160 353
160 534
160 355
160 357
160 512
160 359
160 523
160 361
160 533
160 532
160 531
160 550
160 551
160 555
160 584
160 507
160 323
160 598
160 594
160 587
160 327
160 585
160 579
160 340
160 331
160 333
160 371
160 570
160 568
160 337
160 559
160 684
160 267
160 685
160 264
160 919
160 918
160 913
160 911
160 910
160 906
160 478
160 899
160 203
160 895
160 884
160 882
160 879
160 420
160 873
160 872
160 868
160 920
160 923
160 925
160 968
160 995
160 982
160 981
160 980
160 171
160 978
160 969
160 965
160 940
160 963
160 476
160 181
160 477
160 526
160 944
160 942
160 387
160 865
160 860
160 716
160 749
160 738
160 735
160 731
160 728
160 724
160 718
160 715
160 752
160 708
160 481
160 254
160 706
160 382
160 702
160 483
160 750
160 755
160 834
160 790
160 832
160 218
160 813
160 793
160 223
160 224
160 386
160 480
160 238
160 231
160 778
160 384
160 777
160 235
160 774
160 768
160 418
