162 55
162 559
162 460
162 959
162 1386
162 145
162 306
162 366
162 1182
162 461
162 240
162 376
162 4
162 54
162 365
162 1383
162 135
162 348
162 62
162 527
162 1366
162 1192
162 23
162 457
162 1185
162 326
162 565
162 562
162 292
162 98
162 661
162 21
162 489
162 16
162 111
162 72
162 784
162 651
162 81
162 1109
162 475
162 1393
162 320
162 364
162 1228
162 966
162 1394
162 662
162 1281
162 1382
162 352
162 754
162 24
162 1385
162 564
162 664
162 3
162 1213
162 323
162 50
162 71
162 260
162 343
162 458
162 305
162 336
162 45
162 142
162 1149
162 872
162 1301
162 629
162 1241
162 358
162 94
162 962
162 477
162 406
162 327
162 1355
162 1302
162 1236
162 553
162 539
162 17
162 1222
162 1395
162 283
162 899
162 459
162 382
162 435
162 789
162 49
162 668
162 555
162 378
162 307
162 333
162 291
162 324
162 398
162 375
162 155
162 101
162 996
162 300
162 294
162 479
162 350
162 1375
162 241
162 310
162 59
162 1384
162 134
162 124
162 1282
162 73
162 540
162 623
162 1215
162 303
162 131
162 655
162 963
162 377
162 570
162 180
162 339
162 666
162 394
162 383
162 1161
162 325
162 133
162 37
162 1381
162 404
162 1214
162 393
162 1364
162 689
162 528
162 387
162 493
162 347
162 1193
162 269
162 873
162 329
162 338
162 254
162 1311
162 798
162 611
162 560
162 912
162 399
162 1200
162 487
162 646
162 981
162 1278
162 187
162 572
162 342
162 1076
162 652
162 1264
162 522
162 671
162 1263
162 309
162 1040
162 89
162 1351
162 1106
162 645
162 979
162 28
162 1240
162 255
162 105
162 1226
162 554
162 1307
162 944
162 353
162 322
162 538
162 1104
162 940
162 1235
162 191
162 36
162 304
162 128
162 476
162 455
162 150
162 265
162 983
162 381
162 1260
162 980
162 546
162 524
162 1254
162 53
162 321
162 1348
162 328
162 314
162 438
162 1107
162 1258
162 355
162 537
162 1367
162 1370
162 5
162 256
162 977
162 943
162 84
162 941
162 610
162 123
162 1187
162 6
162 316
162 271
162 267
162 974
162 335
162 266
162 547
162 389
162 115
162 44
162 337
162 61
162 481
162 107
162 125
162 526
162 1212
162 502
162 96
162 1216
162 437
162 1257
162 734
162 1179
162 569
162 1268
162 1237
162 1250
162 961
162 1220
162 351
162 933
162 334
162 550
162 311
162 855
162 535
162 566
162 261
162 861
162 525
162 120
162 563
162 248
162 299
162 22
162 1210
162 978
162 74
162 701
162 667
162 1191
162 690
162 122
162 9
162 478
162 1073
162 1100
162 1099
162 344
162 773
162 148
162 585
162 934
162 1061
162 228
162 149
162 34
162 1171
162 1155
162 2
162 465
162 117
162 1219
162 497
162 1251
162 753
162 584
162 1357
162 988
162 1159
162 345
162 12
162 1002
162 982
162 274
162 1300
162 397
162 51
162 1365
162 189
162 380
162 1359
162 232
162 766
162 775
162 102
162 354
162 295
162 192
162 315
162 165
162 509
162 628
162 127
162 346
162 920
162 1043
162 87
162 972
162 1225
162 1248
162 534
162 273
162 705
162 1322
162 413
162 1184
162 1294
162 1198
162 272
162 424
162 639
162 1072
162 179
162 992
162 484
162 160
162 504
162 1199
162 182
162 119
162 349
162 144
162 207
162 1323
162 1180
162 439
162 1371
162 736
162 86
162 568
162 1053
162 27
162 989
162 318
162 168
162 1368
162 242
162 1246
162 1372
162 644
162 395
162 670
162 894
162 501
162 571
162 710
162 308
162 47
162 1051
162 32
162 869
162 1047
162 1205
162 586
162 396
162 529
162 1310
162 1377
162 580
162 412
162 474
162 158
162 635
162 436
162 788
162 1231
162 829
162 82
162 1233
162 1253
162 422
162 1081
162 1050
162 1154
162 1211
162 1245
162 416
162 648
162 8
162 1207
162 370
162 1189
162 582
162 750
162 1374
162 601
162 268
162 1140
162 186
162 257
162 164
162 1078
162 1224
162 126
162 91
162 1204
162 901
162 542
162 20
162 1201
162 369
162 188
162 576
162 1070
162 185
162 147
162 418
162 152
162 1244
162 892
162 965
162 1105
162 498
162 445
162 7
162 823
162 1324
162 551
162 110
162 170
162 118
162 1123
162 1309
162 1349
162 1221
162 1083
162 653
162 1287
162 1209
162 499
162 340
162 270
162 507
162 888
162 606
162 1325
162 208
162 14
162 244
162 11
162 1067
162 767
162 967
162 1347
162 573
162 414
162 1141
162 278
162 1350
162 838
162 779
162 1392
162 362
162 1261
162 1054
162 541
162 1308
162 154
162 731
162 80
162 237
162 298
162 1321
162 401
162 247
162 1055
162 1080
162 1056
162 625
162 665
162 990
162 43
162 630
162 408
162 153
162 792
162 1271
162 302
162 851
162 500
162 264
162 421
162 1126
162 203
162 467
162 159
162 331
162 157
162 1069
162 1004
162 1097
162 162
162 858
162 620
162 66
162 121
162 761
162 741
162 659
162 454
162 222
162 1178
162 104
162 1217
162 799
162 1358
162 669
162 556
162 1259
162 760
162 1391
162 637
162 35
162 1354
162 627
162 29
162 332
162 163
162 1344
162 201
162 1242
162 195
162 379
162 587
162 425
162 19
162 1134
162 771
162 297
162 927
162 707
162 973
162 903
162 1006
162 794
162 246
162 417
162 1148
162 696
162 88
162 76
162 97
162 386
162 1283
162 1293
162 38
162 947
162 1397
162 922
162 672
162 229
162 663
162 549
162 521
162 1273
162 1121
162 90
162 1117
162 485
162 1158
162 30
162 604
162 448
162 960
162 262
162 464
162 518
162 748
162 1147
162 231
162 932
162 557
162 1015
162 431
162 503
162 108
162 622
162 112
162 939
162 258
162 797
162 843
162 293
162 976
162 494
162 675
162 848
162 552
162 287
162 13
162 63
162 906
162 77
162 1297
162 443
162 173
162 703
162 1303
162 206
162 687
162 889
162 1186
162 609
162 876
162 616
162 495
162 660
162 715
162 193
162 1057
162 642
162 204
162 925
162 411
162 452
162 1085
162 1223
162 728
162 1279
162 1337
162 677
162 1173
162 641
162 1342
162 1188
162 209
162 739
162 936
162 390
162 859
162 1387
162 220
162 276
162 1142
162 363
162 1356
162 853
162 486
162 1119
162 1118
162 140
162 60
162 1336
162 433
162 1005
162 181
162 878
162 1074
162 251
162 1328
162 863
162 79
162 1183
162 492
162 985
162 235
162 277
162 1077
162 769
162 407
162 575
162 1270
162 151
162 1041
162 40
162 234
162 632
162 714
162 793
162 423
162 18
162 770
162 617
162 695
162 496
162 929
162 857
162 1128
162 1361
162 1343
162 544
162 654
162 796
162 250
162 25
162 751
162 1137
162 1008
162 738
162 1256
162 928
162 1327
162 473
162 757
162 877
162 1145
162 106
162 818
162 1108
162 717
162 1181
162 1331
162 1174
162 740
162 533
162 721
162 685
162 997
162 742
162 917
162 483
162 1345
162 428
162 56
162 791
162 776
162 505
162 233
162 1098
162 1124
162 1275
162 1064
162 514
162 341
162 1138
162 900
162 249
162 472
162 809
162 1238
162 85
162 1353
162 579
162 596
162 205
162 756
162 998
162 1014
162 935
162 948
162 1060
162 441
162 1063
162 373
162 330
162 1288
162 403
162 1197
162 561
162 1122
162 1029
162 626
162 1153
162 567
162 69
162 1086
162 103
162 243
162 634
162 984
162 1298
162 1068
162 785
162 1114
162 388
162 469
162 852
162 95
162 225
162 826
162 1255
162 744
162 938
162 1280
162 591
162 907
162 196
162 860
162 1274
162 172
162 1065
162 230
162 608
162 1177
162 874
162 865
162 1044
162 1319
162 1010
162 945
162 456
162 841
162 1059
162 384
162 199
162 1239
162 515
162 523
162 1116
162 224
162 1
162 603
162 921
162 178
162 1096
162 512
162 831
162 440
162 777
162 732
162 1037
162 808
162 198
162 763
162 1276
162 1284
162 918
162 1000
162 778
162 1312
162 1084
162 1112
162 885
162 212
162 1277
162 840
162 679
162 1396
162 530
162 702
162 822
162 854
162 214
162 319
162 415
162 167
162 833
162 832
162 1292
162 402
162 810
162 1202
162 1346
162 800
162 588
162 787
162 1208
162 1335
162 132
162 1157
162 1373
162 480
162 830
162 897
162 612
162 964
162 1195
162 57
162 1129
162 820
162 1330
162 190
162 680
162 317
162 446
162 583
162 410
162 488
162 577
162 1087
162 694
162 1305
162 682
162 802
162 1131
162 136
162 1035
162 1341
162 282
162 765
162 913
162 607
162 1071
162 1026
162 886
162 1120
162 916
162 39
162 735
162 442
162 743
162 699
162 730
162 693
162 1066
162 1338
162 1012
162 956
162 846
162 1326
162 600
162 814
162 1082
162 590
162 174
162 1046
162 197
162 202
162 850
162 1313
162 1151
162 890
162 589
162 1299
162 764
162 400
162 968
162 536
162 636
162 68
162 1194
162 1333
162 1369
162 614
162 558
162 724
162 93
162 357
162 839
162 1172
162 1027
162 902
162 1229
162 1332
162 837
162 816
162 426
162 1376
162 1334
162 252
162 1101
162 434
162 184
162 737
162 275
162 1079
162 427
162 1379
162 420
162 640
162 259
162 987
162 1398
162 942
162 1095
162 593
162 520
162 919
162 624
162 463
162 1247
162 746
162 1339
162 683
162 169
162 263
162 1003
162 1362
162 621
162 1024
162 781
162 828
162 1143
162 67
162 1329
162 548
162 599
162 999
162 1127
162 450
162 700
162 78
162 1315
162 930
162 1262
162 952
162 825
162 870
162 1295
162 975
162 359
162 146
162 1304
162 447
162 704
162 711
162 506
162 1389
162 727
162 166
162 92
162 391
162 1206
162 1013
162 1036
162 531
162 210
162 891
162 786
162 1320
162 227
162 643
162 466
162 824
162 986
162 656
162 733
162 1352
162 1034
162 1088
162 686
162 1039
162 1167
162 296
162 1296
162 432
162 1019
162 1075
162 1025
162 1020
162 1018
162 1021
162 1062
162 1022
162 100
162 1023
162 1038
162 1058
162 1028
162 1031
162 1032
162 1052
162 1033
162 1049
162 1048
162 116
162 114
162 1045
162 113
162 1042
162 129
162 109
162 1030
162 385
162 130
162 1017
162 156
162 954
162 953
162 951
162 161
162 950
162 949
162 946
162 937
162 931
162 926
162 924
162 171
162 923
162 915
162 914
162 175
162 955
162 957
162 958
162 99
162 1016
162 1011
162 1009
162 1007
162 137
162 138
162 139
162 141
162 969
162 995
162 143
162 994
162 993
162 991
162 971
162 970
162 1001
162 1111
162 1089
162 1243
162 1269
162 31
162 1267
162 33
162 1266
162 1265
162 1252
162 1249
162 1234
162 1196
162 41
162 42
162 1232
162 1230
162 1227
162 46
162 1218
162 48
162 1272
162 1285
162 1286
162 26
162 1390
162 1388
162 1380
162 1378
162 1363
162 1360
162 10
162 1340
162 1318
162 1317
162 15
162 1316
162 1314
162 1306
162 1291
162 1290
162 1289
162 1203
162 52
162 1090
162 1115
162 1139
162 1136
162 1135
162 1133
162 1132
162 1130
162 83
162 1125
162 1113
162 1190
162 177
162 1110
162 1103
162 1102
162 1094
162 1093
162 1092
162 1091
162 75
162 1144
162 1146
162 1150
162 1176
162 1175
162 1170
162 1169
162 58
162 1168
162 1166
162 1165
162 1164
162 64
162 65
162 1163
162 1162
162 1160
162 1156
162 70
162 1152
162 176
162 893
162 911
162 910
162 678
162 676
162 674
162 673
162 658
162 657
162 650
162 312
162 313
162 649
162 647
162 638
162 633
162 631
162 619
162 618
162 615
162 613
162 605
162 681
162 684
162 301
162 708
162 712
162 279
162 280
162 281
162 709
162 284
162 285
162 286
162 288
162 688
162 289
162 290
162 706
162 1399
162 698
162 697
162 692
162 691
162 602
162 598
162 597
162 429
162 453
162 451
162 356
162 449
162 360
162 361
162 444
162 430
162 419
162 468
162 367
162 368
162 409
162 405
162 371
162 372
162 392
162 374
162 462
162 470
162 595
162 519
162 594
162 592
162 581
162 578
162 574
162 545
162 543
162 532
162 517
162 471
162 516
162 513
162 511
162 510
162 508
162 491
162 490
162 482
162 713
162 716
162 718
162 844
162 864
162 862
162 856
162 849
162 847
162 211
162 845
162 213
162 215
162 867
162 216
162 217
162 218
162 219
162 842
162 221
162 836
162 223
162 866
162 868
162 834
162 887
162 909
162 908
162 905
162 183
162 904
162 898
162 896
162 895
162 884
162 200
162 883
162 882
162 194
162 881
162 880
162 879
162 875
162 871
162 835
162 226
162 719
162 752
162 780
162 774
162 772
162 768
162 762
162 759
162 758
162 755
162 749
162 782
162 747
162 745
162 729
162 726
162 725
162 723
162 722
162 720
162 253
162 783
162 827
162 239
162 821
162 819
162 817
162 815
162 813
162 236
162 812
162 238
162 811
162 790
162 807
162 806
162 805
162 804
162 245
162 803
162 801
162 795
162 1400
