163 492
163 232
163 56
163 1231
163 57
163 434
163 973
163 373
163 37
163 124
163 688
163 354
163 567
163 1307
163 27
163 359
163 305
163 1311
163 48
163 248
163 708
163 234
163 233
163 1040
163 655
163 1285
163 1262
163 443
163 1381
163 469
163 122
163 25
163 525
163 1186
163 540
163 1077
163 573
163 1229
163 69
163 999
163 626
163 1218
163 1350
163 1304
163 197
163 58
163 495
163 327
163 544
163 1310
163 947
163 1115
163 1192
163 189
163 227
163 988
163 1355
163 494
163 1200
163 1378
163 322
163 360
163 665
163 657
163 307
163 222
163 1006
163 508
163 1114
163 1356
163 1309
163 62
163 1000
163 572
163 20
163 193
163 901
163 1154
163 1213
163 993
163 1158
163 423
163 441
163 363
163 173
163 192
163 1349
163 1274
163 1076
163 638
163 1394
163 693
163 1347
163 295
163 1352
163 680
163 946
163 101
163 1292
163 565
163 9
163 712
163 717
163 225
163 1319
163 1106
163 300
163 312
163 1179
163 1250
163 19
163 801
163 1157
163 569
163 1235
163 709
163 38
163 1351
163 371
163 1225
163 976
163 694
163 358
163 698
163 160
163 815
163 464
163 123
163 1003
163 711
163 1277
163 514
163 1198
163 1005
163 972
163 1259
163 32
163 1193
163 713
163 283
163 1104
163 891
163 1234
163 1002
163 689
163 1236
163 70
163 35
163 1204
163 594
163 577
163 979
163 927
163 759
163 704
163 110
163 1246
163 1001
163 369
163 224
163 84
163 49
163 1206
163 1185
163 1110
163 498
163 1281
163 595
163 512
163 90
163 542
163 282
163 292
163 832
163 174
163 1366
163 308
163 1324
163 556
163 231
163 971
163 1241
163 1303
163 687
163 605
163 1149
163 1100
163 294
163 63
163 482
163 671
163 97
163 435
163 133
163 503
163 673
163 345
163 169
163 536
163 1107
163 663
163 126
163 568
163 415
163 140
163 1230
163 530
163 147
163 195
163 79
163 486
163 1253
163 564
163 332
163 461
163 473
163 584
163 334
163 364
163 433
163 602
163 280
163 939
163 1135
163 1227
163 629
163 466
163 1166
163 692
163 1159
163 26
163 421
163 636
163 36
163 212
163 997
163 311
163 93
163 1339
163 670
163 996
163 1248
163 230
163 721
163 229
163 349
163 924
163 106
163 541
163 277
163 293
163 695
163 1354
163 304
163 923
163 814
163 470
163 506
163 439
163 1205
163 39
163 1395
163 955
163 1188
163 1258
163 558
163 406
163 379
163 535
163 574
163 213
163 107
163 937
163 329
163 796
163 481
163 668
163 53
163 263
163 241
163 252
163 537
163 790
163 675
163 68
163 813
163 1375
163 1299
163 1313
163 1064
163 196
163 1147
163 484
163 772
163 904
163 242
163 625
163 180
163 1039
163 639
163 310
163 446
163 1184
163 1018
163 1070
163 830
163 13
163 628
163 656
163 1373
163 191
163 353
163 907
163 1237
163 1217
163 1119
163 667
163 186
163 850
163 137
163 28
163 571
163 372
163 134
163 583
163 782
163 10
163 944
163 1134
163 697
163 992
163 497
163 888
163 936
163 601
163 1
163 420
163 206
163 733
163 165
163 1289
163 763
163 291
163 11
163 14
163 846
163 632
163 1145
163 808
163 352
163 1306
163 925
163 1183
163 954
163 214
163 1125
163 903
163 941
163 984
163 520
163 1208
163 794
163 1382
163 1336
163 176
163 335
163 522
163 538
163 162
163 487
163 985
163 1132
163 952
163 1009
163 462
163 1031
163 413
163 1353
163 440
163 374
163 1090
163 838
163 707
163 1390
163 51
163 624
163 94
163 606
163 211
163 274
163 104
163 1161
163 580
163 843
163 523
163 645
163 686
163 64
163 120
163 862
163 683
163 209
163 445
163 491
163 430
163 89
163 591
163 1210
163 1202
163 33
163 922
163 1054
163 610
163 1343
163 1072
163 1386
163 879
163 1391
163 726
163 983
163 1060
163 199
163 328
163 1260
163 409
163 1045
163 1335
163 950
163 1214
163 1133
163 1103
163 347
163 587
163 957
163 576
163 204
163 1201
163 285
163 1030
163 346
163 552
163 612
163 1240
163 1075
163 1263
163 857
163 1296
163 1126
163 570
163 454
163 1379
163 917
163 1187
163 566
163 1004
163 331
163 85
163 1065
163 1305
163 681
163 757
163 1207
163 1376
163 1097
163 825
163 650
163 1108
163 1284
163 560
163 930
163 1155
163 627
163 678
163 865
163 1182
163 1066
163 1238
163 150
163 981
163 677
163 275
163 1257
163 1046
163 4
163 315
163 453
163 1197
163 272
163 557
163 811
163 635
163 932
163 871
163 1332
163 141
163 60
163 1137
163 644
163 994
163 634
163 1267
163 666
163 1334
163 184
163 250
163 1346
163 465
163 798
163 338
163 593
163 1109
163 921
163 826
163 511
163 748
163 1181
163 543
163 945
163 773
163 928
163 915
163 1293
163 1363
163 438
163 746
163 187
163 1074
163 40
163 1007
163 240
163 1272
163 17
163 287
163 685
163 662
163 575
163 1342
163 76
163 1279
163 276
163 121
163 526
163 1219
163 1232
163 1244
163 183
163 504
163 377
163 262
163 940
163 975
163 943
163 467
163 1270
163 641
163 1117
163 112
163 449
163 1271
163 916
163 753
163 236
163 1068
163 1367
163 1059
163 80
163 519
163 149
163 1041
163 1080
163 460
163 1015
163 1322
163 82
163 391
163 1287
163 767
163 1282
163 799
163 1151
163 318
163 598
163 784
163 889
163 375
163 752
163 509
163 74
163 1071
163 807
163 130
163 1374
163 604
163 974
163 1086
163 828
163 676
163 55
163 260
163 1247
163 72
163 146
163 1020
163 115
163 729
163 223
163 878
163 505
163 1093
163 139
163 450
163 661
163 179
163 727
163 54
163 897
163 1167
163 809
163 758
163 1370
163 1101
163 603
163 1320
163 266
163 142
163 1288
163 1136
163 967
163 1216
163 877
163 401
163 1016
163 648
163 226
163 1315
163 948
163 931
163 874
163 716
163 370
163 847
163 840
163 764
163 127
163 128
163 170
163 427
163 383
163 1280
163 894
163 806
163 412
163 1008
163 596
163 496
163 309
163 739
163 553
163 188
163 800
163 1228
163 73
163 545
163 330
163 357
163 299
163 1099
163 1233
163 989
163 245
163 1300
163 290
163 205
163 723
163 1291
163 1344
163 265
163 344
163 257
163 452
163 1021
163 302
163 455
163 3
163 337
163 44
163 1364
163 1399
163 1052
163 1124
163 805
163 839
163 1209
163 770
163 1190
163 1178
163 510
163 614
163 987
163 333
163 1168
163 1112
163 780
163 760
163 1171
163 201
163 1321
163 1222
163 631
163 1127
163 342
163 725
163 740
163 181
163 1392
163 848
163 1140
163 323
163 1094
163 390
163 1165
163 1199
163 386
163 783
163 791
163 1164
163 1331
163 1037
163 651
163 1141
163 2
163 1175
163 829
163 562
163 761
163 1254
163 1129
163 532
163 618
163 1195
163 267
163 416
163 743
163 785
163 581
163 1130
163 376
163 243
163 513
163 340
163 485
163 837
163 1297
163 1212
163 1173
163 1062
163 654
163 426
163 738
163 365
163 990
163 851
163 766
163 1035
163 148
163 774
163 177
163 547
163 395
163 953
163 1255
163 696
163 722
163 585
163 788
163 563
163 1341
163 970
163 546
163 929
163 489
163 1325
163 633
163 1156
163 355
163 1318
163 949
163 1081
163 42
163 1176
163 736
163 488
163 518
163 221
163 938
163 881
163 297
163 264
163 321
163 23
163 619
163 1249
163 198
163 268
163 652
163 792
163 1397
163 1372
163 431
163 777
163 679
163 951
163 827
163 1085
163 822
163 1371
163 411
163 96
163 880
163 459
163 258
163 1359
163 397
163 155
163 447
163 1116
163 12
163 691
163 1043
163 239
163 852
163 164
163 399
163 52
163 1082
163 468
163 599
163 1242
163 113
163 168
163 417
163 317
163 823
163 849
163 1025
163 125
163 5
163 991
163 700
163 905
163 1024
163 319
163 719
163 986
163 217
163 588
163 804
163 643
163 1328
163 15
163 1058
163 109
163 1131
163 83
163 1055
163 388
163 75
163 24
163 16
163 237
163 114
163 1264
163 966
163 674
163 1196
163 1323
163 91
163 1042
163 935
163 378
163 622
163 218
163 156
163 135
163 432
163 959
163 403
163 962
163 978
163 831
163 600
163 637
163 1010
163 876
163 1092
163 529
163 1095
163 980
163 781
163 456
163 873
163 810
163 29
163 118
163 933
163 1276
163 1033
163 956
163 1098
163 425
163 1301
163 1308
163 1146
163 856
163 30
163 732
163 1051
163 742
163 720
163 1169
163 812
163 611
163 500
163 108
163 755
163 1224
163 1144
163 797
163 247
163 1340
163 1153
163 273
163 326
163 116
163 216
163 1087
163 259
163 77
163 616
163 1295
163 175
163 528
163 816
163 477
163 1326
163 171
163 1150
163 754
163 366
163 715
163 1337
163 926
163 163
163 159
163 286
163 1111
163 934
163 802
163 1162
163 964
163 207
163 152
163 194
163 1393
163 166
163 480
163 653
163 1078
163 664
163 1143
163 682
163 1345
163 483
163 589
163 872
163 1265
163 899
163 765
163 819
163 818
163 314
163 1239
163 786
163 253
163 963
163 1019
163 385
163 1327
163 1294
163 1011
163 762
163 895
163 699
163 202
163 161
163 961
163 138
163 1121
163 958
163 414
163 672
163 855
163 776
163 493
163 158
163 900
163 50
163 1056
163 701
163 289
163 793
163 883
163 1053
163 325
163 1067
163 630
163 1283
163 98
163 864
163 898
163 751
163 1266
163 592
163 1044
163 1047
163 1014
163 203
163 869
163 731
163 78
163 968
163 554
163 1069
163 609
163 531
163 1128
163 1138
163 1118
163 647
163 1268
163 131
163 59
163 172
163 1170
163 356
163 41
163 88
163 728
163 909
163 1226
163 1380
163 1385
163 428
163 215
163 982
163 555
163 501
163 841
163 882
163 99
163 965
163 400
163 475
163 1261
163 129
163 714
163 578
163 448
163 1314
163 549
163 1050
163 1312
163 724
163 690
163 868
163 296
163 303
163 1365
163 1113
163 381
163 1290
163 1139
163 1191
163 705
163 902
163 1348
163 779
163 896
163 1333
163 863
163 244
163 658
163 1122
163 1091
163 516
163 769
163 646
163 284
163 893
163 803
163 1243
163 22
163 887
163 517
163 95
163 615
163 422
163 586
163 918
163 1189
163 348
163 706
163 860
163 1215
163 1177
163 167
163 550
163 866
163 1286
163 479
163 100
163 548
163 1172
163 220
163 1384
163 474
163 960
163 613
163 235
163 463
163 86
163 368
163 747
163 8
163 404
163 208
163 1302
163 1013
163 1273
163 419
163 858
163 458
163 870
163 867
163 1017
163 912
163 977
163 640
163 1034
163 710
163 144
163 442
163 1194
163 1398
163 1220
163 66
163 623
163 844
163 92
163 1028
163 908
163 47
163 1203
163 730
163 859
163 845
163 476
163 210
163 219
163 7
163 820
163 185
163 660
163 1061
163 132
163 620
163 67
163 1251
163 71
163 1377
163 1396
163 145
163 87
163 1275
163 1389
163 1256
163 1252
163 6
163 1383
163 1142
163 157
163 1278
163 151
163 18
163 153
163 154
163 1387
163 1388
163 1362
163 1369
163 1368
163 105
163 1223
163 1221
163 1174
163 1180
163 1316
163 34
163 111
163 119
163 1338
163 1317
163 1330
163 117
163 1329
163 43
163 1211
163 45
163 1357
163 1269
163 103
163 46
163 21
163 1245
163 143
163 1148
163 65
163 61
163 1298
163 1152
163 31
163 1361
163 1360
163 102
163 1160
163 136
163 1358
163 1163
163 81
163 551
163 1123
163 1120
163 408
163 410
163 789
163 787
163 778
163 418
163 775
163 771
163 424
163 768
163 429
163 756
163 436
163 437
163 750
163 749
163 745
163 407
163 795
163 405
163 817
163 835
163 834
163 833
163 824
163 821
163 380
163 382
163 384
163 402
163 387
163 389
163 392
163 393
163 394
163 396
163 398
163 444
163 744
163 741
163 597
163 617
163 515
163 521
163 524
163 608
163 607
163 527
163 533
163 507
163 534
163 590
163 539
163 582
163 579
163 561
163 559
163 621
163 642
163 737
163 472
163 735
163 451
163 734
163 457
163 718
163 703
163 471
163 702
163 502
163 478
163 684
163 669
163 490
163 659
163 649
163 499
163 836
163 367
163 842
163 1012
163 1032
163 1029
163 1027
163 1026
163 1023
163 238
163 1022
163 246
163 1036
163 249
163 251
163 998
163 254
163 255
163 256
163 995
163 228
163 1038
163 969
163 1084
163 1105
163 1102
163 178
163 1096
163 182
163 1089
163 1088
163 190
163 1048
163 1083
163 1079
163 1073
163 1063
163 200
163 1057
163 1049
163 261
163 269
163 362
163 339
163 890
163 324
163 886
163 885
163 884
163 875
163 336
163 341
163 320
163 343
163 861
163 350
163 351
163 854
163 853
163 361
163 892
163 316
163 270
163 919
163 271
163 278
163 279
163 281
163 942
163 288
163 920
163 914
163 313
163 298
163 913
163 301
163 911
163 910
163 306
163 906
163 1400
