164 358
164 503
164 265
164 311
164 316
164 1364
164 71
164 256
164 291
164 1187
164 415
164 569
164 1228
164 504
164 959
164 335
164 439
164 1257
164 655
164 457
164 798
164 322
164 334
164 461
164 1383
164 460
164 1076
164 345
164 1216
164 72
164 996
164 974
164 53
164 3
164 1264
164 1311
164 155
164 4
164 1225
164 1106
164 170
164 1385
164 526
164 1355
164 1276
164 55
164 416
164 1382
164 37
164 240
164 1220
164 45
164 134
164 757
164 187
164 192
164 547
164 111
164 105
164 1386
164 1278
164 1384
164 527
164 793
164 304
164 1263
164 1154
164 421
164 1367
164 666
164 1239
164 794
164 63
164 16
164 1287
164 150
164 899
164 1274
164 54
164 326
164 9
164 406
164 1301
164 671
164 651
164 388
164 1155
164 570
164 459
164 1319
164 663
164 667
164 376
164 308
164 568
164 145
164 74
164 336
164 972
164 1349
164 562
164 455
164 196
164 2
164 1351
164 1315
164 1394
164 664
164 797
164 190
164 272
164 630
164 124
164 315
164 89
164 487
164 327
164 773
164 903
164 339
164 135
164 333
164 1149
164 309
164 410
164 661
164 456
164 112
164 977
164 1198
164 276
164 1254
164 329
164 1395
164 1157
164 1200
164 271
164 305
164 171
164 1251
164 523
164 62
164 1182
164 572
164 366
164 393
164 629
164 940
164 484
164 1261
164 328
164 1107
164 933
164 675
164 314
164 458
164 965
164 38
164 363
164 21
164 180
164 337
164 1213
164 142
164 292
164 601
164 402
164 1365
164 1209
164 563
164 306
164 525
164 1235
164 365
164 355
164 1288
164 80
164 7
164 892
164 979
164 411
164 483
164 710
164 343
164 310
164 1241
164 375
164 1114
164 1268
164 24
164 479
164 300
164 1314
164 490
164 254
164 1281
164 1192
164 382
164 626
164 501
164 97
164 123
164 573
164 517
164 255
164 694
164 178
164 489
164 209
164 318
164 1391
164 377
164 961
164 1260
164 140
164 348
164 1080
164 189
164 1222
164 1312
164 413
164 25
164 625
164 1322
164 1131
164 383
164 1005
164 475
164 725
164 1300
164 624
164 478
164 1233
164 107
164 381
164 690
164 191
164 610
164 564
164 665
164 970
164 1267
164 1151
164 1179
164 1140
164 222
164 1302
164 1109
164 1366
164 1240
164 50
164 799
164 23
164 992
164 174
164 79
164 1317
164 110
164 803
164 1282
164 1245
164 668
164 1309
164 636
164 1377
164 364
164 17
164 1205
164 1100
164 1215
164 623
164 943
164 1185
164 1156
164 912
164 722
164 832
164 40
164 1248
164 1316
164 59
164 789
164 373
164 347
164 1356
164 1188
164 861
164 94
164 1224
164 1313
164 565
164 346
164 939
164 125
164 267
164 76
164 260
164 1390
164 540
164 193
164 973
164 69
164 307
164 169
164 73
164 244
164 911
164 1093
164 672
164 1203
164 508
164 207
164 1191
164 1158
164 133
164 64
164 1166
164 534
164 148
164 1389
164 1378
164 349
164 901
164 397
164 325
164 890
164 1143
164 481
164 261
164 734
164 464
164 662
164 352
164 584
164 1237
164 132
164 294
164 1381
164 440
164 465
164 529
164 1310
164 1189
164 1372
164 1286
164 205
164 323
164 407
164 696
164 34
164 689
164 293
164 528
164 1371
164 1299
164 160
164 403
164 165
164 482
164 576
164 808
164 1053
164 58
164 1
164 173
164 1195
164 1280
164 493
164 29
164 646
164 149
164 611
164 962
164 91
164 1252
164 609
164 177
164 263
164 1211
164 925
164 998
164 344
164 976
164 502
164 362
164 197
164 792
164 8
164 934
164 321
164 90
164 43
164 242
164 121
164 401
164 1273
164 788
164 1159
164 815
164 477
164 585
164 754
164 946
164 84
164 1226
164 241
164 1142
164 1247
164 369
164 702
164 1105
164 22
164 108
164 859
164 353
164 1040
164 60
164 966
164 435
164 1375
164 804
164 1236
164 378
164 975
164 872
164 495
164 537
164 784
164 538
164 811
164 1324
164 731
164 1199
164 423
164 473
164 868
164 1360
164 652
164 434
164 1350
164 324
164 340
164 658
164 131
164 571
164 1055
164 126
164 117
164 559
164 1323
164 681
164 913
164 394
164 796
164 282
164 1238
164 947
164 424
164 1354
164 751
164 612
164 1325
164 1219
164 1368
164 65
164 234
164 1262
164 342
164 1307
164 1161
164 552
164 927
164 303
164 807
164 656
164 889
164 1007
164 1133
164 384
164 1047
164 1212
164 533
164 855
164 491
164 496
164 1164
164 287
164 1193
164 505
164 581
164 386
164 726
164 433
164 560
164 514
164 900
164 452
164 851
164 865
164 172
164 1353
164 1173
164 357
164 809
164 49
164 1218
164 553
164 935
164 948
164 96
164 535
164 556
164 175
164 1181
164 437
164 1208
164 645
164 391
164 857
164 320
164 485
164 128
164 780
164 944
164 785
164 518
164 104
164 1298
164 198
164 693
164 299
164 1370
164 238
164 542
164 61
164 1180
164 182
164 1032
164 604
164 786
164 843
164 978
164 1077
164 659
164 36
164 56
164 800
164 993
164 246
164 188
164 608
164 232
164 249
164 692
164 269
164 438
164 705
164 317
164 575
164 101
164 1043
164 51
164 78
164 273
164 761
164 1231
164 960
164 227
164 1184
164 158
164 119
164 805
164 252
164 179
164 643
164 1244
164 39
164 766
164 301
164 12
164 775
164 1230
164 1284
164 1266
164 918
164 1202
164 1066
164 1333
164 1293
164 253
164 47
164 1006
164 679
164 910
164 186
164 854
164 338
164 981
164 201
164 541
164 370
164 1074
164 806
164 1072
164 93
164 983
164 212
164 417
164 236
164 654
164 220
164 1250
164 551
164 88
164 408
164 932
164 555
164 648
164 839
164 1210
164 1289
164 498
164 990
164 1321
164 810
164 728
164 278
164 701
164 422
164 1234
164 469
164 587
164 1318
164 964
164 387
164 474
164 1116
164 994
164 1227
164 1163
164 154
164 127
164 1337
164 1214
164 980
164 767
164 48
164 399
164 425
164 1338
164 802
164 628
164 5
164 1186
164 264
164 395
164 418
164 298
164 607
164 721
164 100
164 204
164 764
164 885
164 372
164 428
164 827
164 917
164 266
164 319
164 1083
164 167
164 1327
164 600
164 622
164 1150
164 582
164 620
164 823
164 561
164 248
164 772
164 237
164 1038
164 1056
164 1331
164 1103
164 657
164 32
164 354
164 35
164 42
164 95
164 168
164 115
164 617
164 557
164 897
164 277
164 669
164 614
164 888
164 1196
164 1204
164 860
164 949
164 905
164 1061
164 1275
164 902
164 952
164 971
164 230
164 1201
164 596
164 894
164 1253
164 736
164 1258
164 1010
164 742
164 1347
164 1092
164 351
164 462
164 1020
164 1129
164 967
164 704
164 268
164 463
164 1126
164 283
164 1297
164 1009
164 486
164 602
164 1303
164 20
164 1003
164 858
164 616
164 1362
164 228
164 1068
164 813
164 683
164 225
164 497
164 521
164 816
164 1065
164 379
164 211
164 262
164 1015
164 1008
164 1117
164 1162
164 732
164 57
164 777
164 6
164 1277
164 450
164 984
164 221
164 700
164 1128
164 554
164 183
164 1326
164 511
164 472
164 116
164 697
164 1393
164 467
164 1361
164 476
164 691
164 713
164 985
164 1335
164 771
164 826
164 359
164 1255
164 1304
164 760
164 1329
164 288
164 801
164 999
164 904
164 1041
164 522
164 869
164 122
164 688
164 685
164 595
164 213
164 1036
164 1024
164 641
164 531
164 18
164 580
164 599
164 822
164 856
164 1064
164 1343
164 229
164 1259
164 874
164 466
164 1039
164 85
164 989
164 257
164 638
164 92
164 660
164 195
164 997
164 454
164 733
164 644
164 830
164 448
164 202
164 712
164 341
164 1291
164 1134
164 1059
164 686
164 164
164 1144
164 1167
164 730
164 163
164 1344
164 296
164 14
164 717
164 1387
164 1082
164 151
164 1246
164 432
164 1292
164 673
164 1147
164 837
164 1271
164 284
164 1124
164 1125
164 1097
164 1096
164 1127
164 1095
164 199
164 290
164 285
164 1089
164 194
164 1130
164 200
164 1094
164 203
164 1026
164 1091
164 1090
164 206
164 1123
164 1098
164 1122
164 286
164 289
164 1111
164 1110
164 1112
164 181
164 1113
164 1115
164 1108
164 1104
164 1102
164 1118
164 1025
164 1119
164 1101
164 176
164 1120
164 1099
164 1121
164 185
164 184
164 1034
164 208
164 1050
164 1062
164 243
164 1060
164 245
164 247
164 1058
164 1057
164 1028
164 250
164 251
164 1054
164 1052
164 1051
164 1029
164 1049
164 1088
164 1030
164 275
164 258
164 259
164 274
164 1048
164 1046
164 1045
164 1044
164 1042
164 1031
164 1037
164 1033
164 1035
164 1063
164 239
164 1067
164 1069
164 210
164 1087
164 1086
164 1027
164 214
164 215
164 216
164 217
164 218
164 219
164 1085
164 270
164 223
164 281
164 224
164 1081
164 226
164 280
164 1079
164 279
164 1078
164 1075
164 231
164 1073
164 166
164 233
164 1071
164 235
164 1070
164 1084
164 632
164 1132
164 52
164 1296
164 1305
164 1306
164 1308
164 1320
164 1328
164 1330
164 83
164 1332
164 1334
164 46
164 1336
164 44
164 1339
164 1295
164 1294
164 1290
164 66
164 67
164 68
164 1285
164 70
164 1283
164 1279
164 1272
164 75
164 1270
164 77
164 1269
164 1265
164 81
164 1340
164 41
164 1341
164 1373
164 1398
164 1397
164 1396
164 1392
164 1388
164 1380
164 10
164 11
164 1379
164 13
164 15
164 1376
164 1374
164 19
164 1369
164 1342
164 1363
164 1359
164 1358
164 26
164 27
164 28
164 1357
164 30
164 31
164 1352
164 33
164 1348
164 1346
164 1345
164 82
164 1256
164 162
164 1148
164 141
164 1023
164 139
164 138
164 137
164 136
164 1152
164 86
164 1153
164 1160
164 130
164 129
164 1165
164 1168
164 1145
164 143
164 144
164 146
164 147
164 1141
164 1139
164 1138
164 152
164 153
164 1137
164 1136
164 156
164 157
164 1135
164 159
164 161
164 1169
164 1170
164 1171
164 1206
164 87
164 1249
164 1243
164 1242
164 1232
164 1229
164 1223
164 1221
164 98
164 99
164 1217
164 1207
164 102
164 103
164 1197
164 1172
164 106
164 1194
164 1190
164 109
164 1183
164 1178
164 1177
164 113
164 114
164 1176
164 1175
164 118
164 1174
164 120
164 1146
164 991
164 1022
164 758
164 747
164 748
164 516
164 515
164 749
164 513
164 512
164 510
164 509
164 750
164 507
164 506
164 752
164 753
164 755
164 519
164 520
164 746
164 532
164 729
164 539
164 536
164 735
164 737
164 738
164 530
164 745
164 739
164 740
164 741
164 743
164 744
164 524
164 756
164 500
164 1021
164 499
164 787
164 790
164 791
164 795
164 471
164 470
164 812
164 468
164 814
164 817
164 818
164 819
164 820
164 821
164 824
164 783
164 480
164 782
164 768
164 759
164 762
164 763
164 494
164 765
164 492
164 769
164 781
164 770
164 488
164 774
164 776
164 778
164 779
164 727
164 724
164 543
164 544
164 674
164 606
164 605
164 676
164 603
164 677
164 678
164 680
164 598
164 597
164 682
164 594
164 593
164 592
164 591
164 670
164 653
164 650
164 640
164 633
164 634
164 635
164 627
164 637
164 639
164 621
164 613
164 642
164 619
164 618
164 647
164 615
164 649
164 590
164 589
164 588
164 719
164 711
164 714
164 558
164 715
164 716
164 718
164 720
164 708
164 550
164 549
164 548
164 723
164 546
164 545
164 709
164 707
164 684
164 695
164 586
164 583
164 687
164 579
164 578
164 577
164 574
164 566
164 698
164 699
164 1399
164 703
164 706
164 567
164 825
164 828
164 453
164 895
164 923
164 350
164 924
164 926
164 928
164 929
164 930
164 931
164 936
164 937
164 938
164 941
164 942
164 945
164 950
164 922
164 921
164 920
164 908
164 371
164 898
164 368
164 367
164 906
164 907
164 909
164 919
164 914
164 361
164 360
164 915
164 916
164 356
164 951
164 953
164 954
164 1014
164 1001
164 1002
164 1004
164 1011
164 1012
164 1013
164 302
164 312
164 1016
164 1017
164 1018
164 1019
164 297
164 295
164 1000
164 313
164 332
164 963
164 331
164 330
164 955
164 956
164 957
164 958
164 968
164 995
164 969
164 982
164 986
164 987
164 988
164 631
164 896
164 374
164 829
164 893
164 429
164 840
164 427
164 426
164 841
164 842
164 844
164 845
164 846
164 420
164 419
164 847
164 848
164 849
164 850
164 430
164 431
164 838
164 443
164 451
164 449
164 447
164 446
164 445
164 444
164 442
164 836
164 441
164 831
164 833
164 834
164 835
164 436
164 414
164 852
164 412
164 881
164 389
164 877
164 878
164 879
164 385
164 880
164 882
164 876
164 883
164 380
164 884
164 886
164 887
164 891
164 390
164 392
164 853
164 866
164 409
164 862
164 863
164 864
164 405
164 404
164 867
164 875
164 400
164 870
164 398
164 871
164 396
164 873
164 1400
