165 504
165 71
165 72
165 335
165 1276
165 569
165 1076
165 376
165 326
165 671
165 978
165 209
165 256
165 1225
165 383
165 663
165 306
165 563
165 1220
165 334
165 64
165 460
165 1302
165 265
165 417
165 54
165 1154
165 775
165 943
165 74
165 1375
165 308
165 3
165 336
165 1364
165 491
165 1269
165 1311
165 1109
165 381
165 474
165 4
165 1228
165 261
165 1268
165 655
165 1355
165 241
165 309
165 271
165 1241
165 142
165 527
165 1301
165 377
165 291
165 961
165 1281
165 410
165 1386
165 348
165 502
165 134
165 192
165 1149
165 16
165 798
165 345
165 899
165 363
165 992
165 135
165 112
165 1303
165 17
165 364
165 1222
165 547
165 304
165 366
165 1365
165 36
165 1257
165 629
165 495
165 439
165 55
165 63
165 1383
165 305
165 890
165 1384
165 458
165 131
165 568
165 121
165 406
165 388
165 343
165 365
165 562
165 1278
165 170
165 189
165 296
165 1212
165 316
165 421
165 1300
165 2
165 970
165 171
165 94
165 145
165 133
165 414
165 358
165 742
165 565
165 327
165 76
165 664
165 321
165 178
165 1366
165 965
165 1261
165 1240
165 1390
165 1206
165 1237
165 538
165 1351
165 22
165 508
165 1244
165 240
165 255
165 1393
165 1389
165 339
165 190
165 333
165 435
165 959
165 39
165 328
165 744
165 207
165 998
165 741
165 914
165 397
165 1126
165 50
165 415
165 457
165 1200
165 352
165 386
165 477
165 1235
165 1173
165 786
165 1216
165 947
165 1107
165 521
165 269
165 393
165 1155
165 416
165 1123
165 935
165 1203
165 1356
165 411
165 750
165 1322
165 311
165 62
165 116
165 346
165 484
165 21
165 180
165 337
165 1236
165 300
165 461
165 389
165 662
165 1282
165 903
165 788
165 188
165 310
165 125
165 525
165 65
165 759
165 528
165 355
165 353
165 1288
165 7
165 636
165 1273
165 985
165 570
165 1110
165 24
165 177
165 1319
165 165
165 479
165 800
165 531
165 611
165 1198
165 1321
165 322
165 254
165 233
165 1192
165 382
165 694
165 1157
165 329
165 179
165 709
165 49
165 661
165 872
165 573
165 1372
165 1263
165 1382
165 292
165 838
165 187
165 1051
165 472
165 523
165 169
165 104
165 1187
165 1274
165 318
165 111
165 1371
165 25
165 933
165 201
165 1260
165 1072
165 625
165 228
165 1349
165 73
165 1242
165 413
165 967
165 105
165 665
165 557
165 1106
165 934
165 350
165 152
165 147
165 1315
165 61
165 475
165 623
165 1254
165 1239
165 648
165 478
165 560
165 107
165 717
165 610
165 572
165 344
165 1394
165 128
165 218
165 977
165 272
165 974
165 226
165 459
165 984
165 535
165 1358
165 23
165 680
165 1171
165 1179
165 264
165 668
165 9
165 1184
165 1182
165 53
165 1205
165 1100
165 1215
165 402
165 1185
165 912
165 37
165 1131
165 273
165 832
165 375
165 1357
165 119
165 1035
165 793
165 939
165 771
165 1156
165 1395
165 556
165 342
165 789
165 1359
165 347
165 962
165 705
165 267
165 150
165 81
165 1391
165 45
165 155
165 260
165 608
165 540
165 398
165 1293
165 59
165 307
165 794
165 941
165 1093
165 672
165 1208
165 80
165 148
165 403
165 482
165 526
165 146
165 617
165 816
165 359
165 349
165 1189
165 314
165 481
165 774
165 205
165 932
165 489
165 1381
165 517
165 609
165 1213
165 206
165 89
165 1369
165 666
165 1312
165 373
165 101
165 407
165 888
165 539
165 34
165 1233
165 293
165 151
165 236
165 132
165 848
165 826
165 630
165 898
165 963
165 1264
165 1245
165 839
165 1067
165 1280
165 1181
165 493
165 1385
165 646
165 667
165 319
165 351
165 979
165 1050
165 370
165 689
165 642
165 564
165 1211
165 1197
165 925
165 739
165 174
165 1314
165 8
165 936
165 1294
165 331
165 43
165 242
165 185
165 1000
165 266
165 257
165 754
165 654
165 315
165 1226
165 1142
165 1271
165 448
165 1118
165 235
165 859
165 700
165 722
165 263
165 114
165 1251
165 863
165 79
165 378
165 1043
165 542
165 537
165 445
165 996
165 784
165 972
165 85
165 773
165 1324
165 612
165 769
165 1199
165 1250
165 1114
165 652
165 732
165 40
165 324
165 714
165 340
165 1128
165 168
165 658
165 770
165 1313
165 797
165 701
165 1055
165 126
165 596
165 117
165 559
165 929
165 1323
165 1248
165 550
165 124
165 807
165 681
165 394
165 1317
165 191
165 796
165 651
165 966
165 387
165 1061
165 1354
165 917
165 454
165 892
165 1307
165 1325
165 149
165 1368
165 279
165 818
165 529
165 446
165 1333
165 496
165 534
165 303
165 582
165 740
165 361
165 253
165 624
165 1327
165 1209
165 325
165 855
165 1388
165 1121
165 1310
165 175
165 1033
165 857
165 161
165 776
165 505
165 945
165 1252
165 330
165 858
165 1080
165 1151
165 726
165 302
165 294
165 710
165 734
165 14
165 1374
165 926
165 1353
165 911
165 301
165 656
165 861
165 404
165 553
165 156
165 1014
165 506
165 1267
165 948
165 627
165 1060
165 96
165 894
165 725
165 1077
165 244
165 518
165 379
165 812
165 645
165 1127
165 1266
165 297
165 1122
165 320
165 440
165 1238
165 973
165 976
165 873
165 944
165 785
165 1255
165 1053
165 586
165 1069
165 1367
165 219
165 299
165 1370
165 487
165 805
165 1180
165 252
165 182
165 604
165 938
165 659
165 591
165 1007
165 246
165 650
165 1191
165 91
165 841
165 196
165 1332
165 761
165 1116
165 357
165 760
165 960
165 1334
165 1
165 1013
165 940
165 1006
165 804
165 1037
165 1160
165 808
165 12
165 140
165 806
165 763
165 93
165 703
165 1284
165 621
165 731
165 456
165 1330
165 47
165 885
165 552
165 881
165 576
165 84
165 679
165 810
165 503
165 1309
165 822
165 779
165 186
165 1320
165 854
165 401
165 469
165 338
165 981
165 1387
165 1318
165 1188
165 637
165 801
165 980
165 11
165 220
165 551
165 488
165 88
165 555
165 443
165 1292
165 317
165 724
165 90
165 1159
165 575
165 1210
165 1289
165 29
165 212
165 248
165 222
165 422
165 803
165 674
165 129
165 587
165 384
165 1025
165 897
165 964
165 669
165 1186
165 820
165 585
165 1108
165 211
165 583
165 127
165 1214
165 815
165 216
165 399
165 425
165 1326
165 276
165 412
165 455
165 1164
165 136
165 1119
165 70
165 1040
165 628
165 282
165 5
165 395
165 418
165 97
165 298
165 607
165 748
165 1178
165 123
165 100
165 1120
165 1070
165 1316
165 901
165 743
165 757
165 28
165 1083
165 287
165 1012
165 799
165 1298
165 110
165 956
165 620
165 1380
165 1153
165 519
165 1337
165 949
165 323
165 1056
165 1117
165 274
165 1299
165 1270
165 42
165 441
165 118
165 115
165 172
165 1202
165 202
165 777
165 138
165 1258
165 1010
165 427
165 173
165 928
165 362
165 696
165 1172
165 913
165 990
165 467
165 660
165 426
165 601
165 428
165 1201
165 814
165 1253
165 736
165 433
165 1230
165 1247
165 465
165 1347
165 1398
165 262
165 1329
165 693
165 221
165 1339
165 1377
165 993
165 1024
165 781
165 927
165 692
165 1008
165 599
165 424
165 6
165 83
165 450
165 1352
165 78
165 584
165 1262
165 825
165 199
165 476
165 82
165 889
165 1229
165 766
165 874
165 690
165 595
165 1304
165 673
165 792
165 452
165 851
165 1041
165 685
165 391
165 767
165 1036
165 641
165 60
165 18
165 626
165 580
165 843
165 721
165 210
165 1134
165 193
165 1259
165 198
165 227
165 1193
165 643
165 1219
165 1047
165 195
165 997
165 733
165 644
165 830
165 1147
165 341
165 541
165 1059
165 686
165 1167
165 730
165 163
165 1344
165 1224
165 1082
165 1246
165 432
165 1195
165 160
165 837
165 288
165 1094
165 275
165 1165
165 1166
165 1150
165 1138
165 1139
165 289
165 286
165 243
165 1163
165 1095
165 1096
165 1097
165 1140
165 277
165 239
165 1090
165 1169
165 280
165 1137
165 234
165 1168
165 281
165 278
165 283
165 238
165 237
165 1091
165 232
165 1098
165 1092
165 284
165 285
165 245
165 290
165 1099
165 1112
165 1146
165 1133
165 1105
165 295
165 1111
165 1132
165 1130
165 1158
165 1161
165 1113
165 1115
165 1152
165 1129
165 1125
165 1124
165 1148
165 1145
165 1104
165 1162
165 1143
165 270
165 1141
165 1101
165 1102
165 259
165 247
165 268
165 1144
165 251
165 1103
165 313
165 249
165 1136
165 1135
165 312
165 250
165 258
165 795
165 231
165 1335
165 1328
165 69
165 68
165 67
165 66
165 1331
165 1336
165 77
165 1338
165 58
165 57
165 56
165 1340
165 1341
165 75
165 1308
165 52
165 102
165 108
165 1295
165 106
165 1296
165 1297
165 103
165 99
165 86
165 98
165 95
165 92
165 1305
165 1306
165 87
165 1342
165 51
165 230
165 1378
165 1362
165 1363
165 1373
165 1376
165 20
165 19
165 15
165 26
165 1379
165 13
165 10
165 1392
165 1396
165 1397
165 1361
165 27
165 1343
165 1348
165 48
165 46
165 1345
165 44
165 1346
165 41
165 38
165 30
165 1350
165 35
165 1360
165 33
165 32
165 31
165 109
165 1291
165 113
165 183
165 197
165 194
165 1190
165 1194
165 1196
165 184
165 1204
165 203
165 181
165 1207
165 1217
165 176
165 1218
165 1221
165 200
165 204
165 1290
165 1175
165 229
165 1170
165 225
165 224
165 223
165 1174
165 217
165 1183
165 215
165 214
165 213
165 1176
165 208
165 1177
165 1223
165 1227
165 167
165 1277
165 139
165 137
165 1265
165 1272
165 1275
165 130
165 1279
165 166
165 1283
165 122
165 1285
165 120
165 1286
165 1287
165 141
165 143
165 144
165 1256
165 1249
165 1243
165 1234
165 153
165 154
165 1232
165 1231
165 157
165 158
165 159
165 1088
165 162
165 164
165 1089
165 1026
165 1087
165 876
165 640
165 639
165 638
165 878
165 635
165 634
165 633
165 632
165 631
165 879
165 880
165 882
165 883
165 884
165 622
165 619
165 618
165 877
165 875
165 916
165 647
165 850
165 852
165 853
165 856
165 860
165 862
165 864
165 865
165 657
165 866
165 867
165 868
165 653
165 869
165 870
165 871
165 649
165 616
165 615
165 614
165 613
165 581
165 579
165 578
165 577
165 574
165 902
165 904
165 571
165 905
165 906
165 907
165 567
165 566
165 908
165 909
165 910
165 561
165 900
165 588
165 589
165 603
165 886
165 887
165 891
165 893
165 606
165 605
165 895
165 602
165 590
165 600
165 598
165 597
165 896
165 594
165 593
165 592
165 670
165 849
165 847
165 728
165 755
165 753
165 752
165 751
165 821
165 749
165 747
165 746
165 745
165 823
165 824
165 827
165 738
165 737
165 735
165 828
165 829
165 756
165 758
165 819
165 778
165 791
165 790
165 787
165 802
165 783
165 782
165 780
165 809
165 817
165 772
165 811
165 813
165 768
165 765
165 764
165 762
165 729
165 727
165 675
165 831
165 1399
165 699
165 698
165 697
165 695
165 691
165 844
165 688
165 687
165 684
165 683
165 682
165 845
165 846
165 678
165 677
165 676
165 842
165 702
165 704
165 715
165 723
165 833
165 720
165 719
165 718
165 834
165 716
165 835
165 840
165 713
165 712
165 711
165 836
165 708
165 707
165 706
165 915
165 558
165 1086
165 1017
165 1019
165 409
165 408
165 1020
165 1021
165 405
165 1022
165 1023
165 400
165 396
165 1027
165 1028
165 392
165 390
165 1029
165 1030
165 1031
165 1018
165 1016
165 918
165 1015
165 1004
165 447
165 1005
165 444
165 442
165 1009
165 438
165 437
165 436
165 434
165 431
165 430
165 429
165 423
165 1011
165 420
165 419
165 1032
165 385
165 1034
165 380
165 354
165 1062
165 1063
165 1064
165 1065
165 1066
165 1068
165 1071
165 1073
165 1074
165 1075
165 1078
165 1079
165 1081
165 1084
165 1085
165 332
165 1058
165 356
165 1057
165 1045
165 1038
165 1039
165 1042
165 374
165 1044
165 372
165 371
165 369
165 1054
165 368
165 367
165 1046
165 1048
165 1049
165 1052
165 360
165 449
165 451
165 453
165 509
165 942
165 946
165 950
165 951
165 524
165 952
165 522
165 953
165 520
165 954
165 955
165 516
165 515
165 514
165 513
165 512
165 511
165 530
165 532
165 533
165 546
165 919
165 554
165 920
165 921
165 549
165 548
165 922
165 545
165 937
165 544
165 543
165 923
165 924
165 930
165 536
165 931
165 510
165 507
165 1003
165 957
165 480
165 988
165 989
165 991
165 473
165 994
165 471
165 470
165 468
165 466
165 464
165 463
165 462
165 995
165 999
165 1001
165 1002
165 987
165 986
165 483
165 969
165 958
165 968
165 501
165 500
165 499
165 498
165 497
165 971
165 983
165 494
165 975
165 492
165 490
165 982
165 486
165 485
165 1400
