166 504
166 71
166 72
166 256
166 55
166 663
166 1302
166 1276
166 569
166 334
166 209
166 271
166 376
166 326
166 335
166 1171
166 1228
166 460
166 207
166 655
166 1076
166 16
166 1364
166 345
166 1220
166 142
166 265
166 304
166 377
166 1349
166 36
166 383
166 838
166 3
166 336
166 1322
166 54
166 1173
166 959
166 17
166 1311
166 1225
166 4
166 421
166 1264
166 1355
166 671
166 170
166 568
166 309
166 1237
166 439
166 413
166 1303
166 1301
166 291
166 978
166 358
166 339
166 1154
166 348
166 63
166 502
166 134
166 1386
166 406
166 1356
166 305
166 411
166 1069
166 192
166 798
166 899
166 1118
166 187
166 1321
166 337
166 64
166 306
166 73
166 135
166 496
166 346
166 484
166 1109
166 78
166 1358
166 1300
166 1366
166 565
166 932
166 1257
166 1281
166 321
166 629
166 286
166 1192
166 477
166 1319
166 1357
166 273
166 666
166 308
166 22
166 929
166 50
166 388
166 343
166 1240
166 934
166 1384
166 562
166 1278
166 1222
166 1155
166 1263
166 296
166 935
166 610
166 1070
166 1268
166 1314
166 903
166 1185
166 992
166 39
166 694
166 2
166 970
166 938
166 1014
166 241
166 145
166 1035
166 307
166 415
166 1145
166 112
166 611
166 1241
166 1198
166 814
166 1372
166 912
166 1205
166 1200
166 948
166 572
166 418
166 1381
166 664
166 1269
166 329
166 961
166 416
166 9
166 417
166 965
166 713
166 863
166 1351
166 1212
166 264
166 788
166 508
166 364
166 255
166 1203
166 1393
166 525
166 1067
166 636
166 1288
166 333
166 685
166 1149
166 974
166 1274
166 1187
166 1172
166 410
166 1157
166 62
166 1282
166 25
166 24
166 841
166 1359
166 998
166 661
166 741
166 1119
166 80
166 495
166 365
166 1080
166 517
166 349
166 330
166 479
166 125
166 53
166 599
166 917
166 1242
166 179
166 457
166 352
166 386
166 121
166 532
166 251
166 7
166 540
166 1107
166 1216
166 366
166 1383
166 393
166 743
166 573
166 284
166 169
166 1156
166 1051
166 475
166 1244
166 538
166 1292
166 226
166 131
166 491
166 1382
166 1030
166 311
166 527
166 503
166 458
166 347
166 547
166 1214
166 74
166 21
166 180
166 1235
166 563
166 1236
166 1110
166 1106
166 260
166 1365
166 201
166 760
166 461
166 37
166 389
166 931
166 1315
166 344
166 94
166 240
166 310
166 1182
166 556
166 65
166 625
166 535
166 528
166 272
166 355
166 188
166 890
166 668
166 1369
166 859
166 662
166 189
166 570
166 328
166 1375
166 150
166 650
166 1394
166 1213
166 1317
166 300
166 800
166 977
166 342
166 531
166 505
166 1395
166 1215
166 322
166 397
166 254
166 634
166 1374
166 382
166 191
166 84
166 645
166 76
166 1261
166 1100
166 984
166 482
166 459
166 1
166 79
166 472
166 518
166 489
166 857
166 1006
166 1324
166 658
166 1184
166 1122
166 941
166 111
166 1371
166 740
166 630
166 1260
166 609
166 1390
166 171
166 933
166 206
166 493
166 516
166 943
166 228
166 759
166 862
166 414
166 1209
166 739
166 267
166 848
166 105
166 665
166 1072
166 815
166 1391
166 426
166 1189
166 350
166 1350
166 1019
166 403
166 455
166 133
166 1254
166 222
166 996
166 782
166 29
166 600
166 725
166 478
166 794
166 560
166 290
166 107
166 888
166 43
166 1050
166 1071
166 1199
166 373
166 381
166 646
166 1153
166 898
166 670
166 331
166 956
166 1001
166 679
166 1114
166 23
166 1008
166 124
166 474
166 448
166 843
166 654
166 257
166 1159
166 1146
166 823
166 435
166 186
166 552
166 123
166 1117
166 402
166 316
166 818
166 772
166 195
166 832
166 858
166 375
166 1186
166 119
166 793
166 315
166 939
166 771
166 8
166 766
166 327
166 1310
166 1248
166 89
166 132
166 789
166 1392
166 445
166 1273
166 1352
166 451
166 1389
166 81
166 769
166 775
166 235
166 190
166 45
166 1046
166 161
166 796
166 1121
166 165
166 790
166 155
166 855
166 325
166 806
166 174
166 608
166 1337
166 776
166 1000
166 829
166 263
166 1293
166 59
166 967
166 156
166 1250
166 632
166 1093
166 672
166 1151
166 137
166 1208
166 1377
166 786
166 1161
166 973
166 363
166 784
166 1206
166 911
166 148
166 1055
166 1179
166 1239
166 1313
166 550
166 506
166 526
166 303
166 1323
166 1226
166 1077
166 467
166 314
166 1160
166 173
166 481
166 40
166 763
166 261
166 1398
166 1266
166 1354
166 49
166 205
166 212
166 1031
166 1397
166 297
166 712
166 792
166 233
166 115
166 85
166 897
166 287
166 1262
166 928
166 140
166 1312
166 1062
166 553
166 891
166 407
166 539
166 34
166 889
166 178
166 1339
166 293
166 1367
166 651
166 101
166 47
166 964
166 644
166 1083
166 1245
166 218
166 966
166 294
166 147
166 1353
166 576
166 1280
166 1181
166 234
166 1385
166 667
166 1307
166 856
166 319
166 1387
166 726
166 979
166 1127
166 544
166 642
166 152
166 564
166 1211
166 954
166 11
166 623
166 925
166 370
166 557
166 825
166 529
166 689
166 12
166 242
166 404
166 839
166 708
166 252
166 627
166 168
166 1126
166 116
166 292
166 299
166 820
166 1045
166 754
166 767
166 487
166 1142
166 804
166 1230
166 216
166 918
166 353
166 367
166 127
166 656
166 1234
166 678
166 847
166 700
166 494
166 93
166 722
166 1289
166 203
166 114
166 1251
166 567
166 409
166 976
166 378
166 894
166 872
166 1255
166 537
166 338
166 972
166 42
166 773
166 1370
166 276
166 612
166 1162
166 1123
166 997
166 947
166 960
166 1164
166 220
166 652
166 324
166 714
166 91
166 340
166 1128
166 1379
166 1040
166 465
166 770
166 469
166 779
166 901
166 866
166 701
166 802
166 126
166 596
166 117
166 559
166 354
166 807
166 681
166 394
166 41
166 728
166 1129
166 808
166 227
166 1078
166 1298
166 836
166 1097
166 357
166 892
166 1130
166 1325
166 781
166 648
166 1368
166 433
166 248
166 501
166 279
166 519
166 598
166 1075
166 803
166 446
166 442
166 422
166 816
166 1066
166 549
166 253
166 401
166 1163
166 624
166 704
166 1327
166 915
166 680
166 583
166 282
166 742
166 1013
166 1158
166 175
166 1299
166 456
166 962
166 830
166 916
166 1113
166 717
166 595
166 1252
166 1131
166 522
166 822
166 35
166 443
166 302
166 176
166 710
166 734
166 926
166 1363
166 301
166 950
166 1049
166 177
166 1081
166 1178
166 317
166 861
166 225
166 986
166 1267
166 1060
166 96
166 1041
166 558
166 244
166 379
166 812
166 1287
166 601
166 497
166 99
166 372
166 1320
166 320
166 1238
166 797
166 110
166 128
166 688
166 369
166 999
166 873
166 944
166 785
166 1053
166 104
166 1016
166 887
166 955
166 197
166 318
166 628
166 61
166 801
166 805
166 1180
166 395
166 182
166 604
166 58
166 659
166 591
166 1105
166 67
166 1007
166 246
166 1270
166 1191
166 454
166 141
166 269
166 1082
166 1258
166 826
166 705
166 1177
166 167
166 450
166 1195
166 799
166 1259
166 761
166 1116
166 1344
166 1196
166 1090
166 19
166 757
166 940
166 1056
166 1176
166 1112
166 1233
166 360
166 927
166 619
166 1037
166 1247
166 1074
166 606
166 359
166 620
166 703
166 1284
166 845
166 880
166 731
166 1330
166 885
166 262
166 635
166 693
166 30
166 245
166 1061
166 851
166 810
166 1202
166 1309
166 1290
166 753
166 854
166 52
166 981
166 715
166 1318
166 1188
166 692
166 542
166 151
166 637
166 1024
166 1231
166 551
166 555
166 462
166 90
166 575
166 1210
166 846
166 867
166 68
166 674
166 441
166 687
166 129
166 946
166 587
166 384
166 669
166 514
166 1229
166 1134
166 881
166 585
166 626
166 476
166 580
166 464
166 1039
166 149
166 1125
166 399
166 425
166 588
166 412
166 1271
166 1224
166 136
166 827
166 38
166 470
166 5
166 824
166 97
166 298
166 643
166 607
166 748
166 1246
166 100
166 1120
166 1227
166 1378
166 154
166 1316
166 1167
166 1047
166 500
166 878
166 755
166 844
166 1028
166 1338
166 266
166 28
166 828
166 1012
166 160
166 733
166 521
166 951
166 949
166 907
166 323
166 1150
166 289
166 614
166 118
166 466
166 295
166 172
166 193
166 777
166 1010
166 1346
166 362
166 985
166 696
166 1059
166 277
166 427
166 913
166 686
166 990
166 483
166 1207
166 675
166 721
166 428
166 1201
166 1183
166 819
166 1253
166 423
166 736
166 1380
166 1396
166 730
166 10
166 1347
166 963
166 520
166 385
166 895
166 699
166 1329
166 1092
166 202
166 1277
166 221
166 1020
166 536
166 993
166 883
166 69
166 498
166 98
166 864
166 751
166 1068
166 813
166 732
166 424
166 6
166 434
166 837
166 1094
166 1204
166 923
166 584
166 250
166 869
166 1021
166 554
166 1138
166 874
166 690
166 647
166 676
166 691
166 184
166 631
166 183
166 1170
166 511
166 593
166 103
166 20
166 1304
166 420
166 921
166 909
166 1104
166 850
166 452
166 283
166 791
166 1137
166 882
166 400
166 877
166 994
166 1341
166 391
166 904
166 871
166 1098
166 724
166 1036
166 1133
166 641
166 868
166 60
166 18
166 1099
166 729
166 1291
166 210
166 1043
166 70
166 1108
166 130
166 633
166 146
166 924
166 1348
166 896
166 1333
166 764
166 1064
166 198
166 1249
166 185
166 1054
166 449
166 230
166 720
166 1193
166 1243
166 545
166 1331
166 453
166 1219
166 957
166 716
166 95
166 615
166 27
166 586
166 840
166 468
166 543
166 988
166 706
166 860
166 677
166 1342
166 905
166 1005
166 139
166 930
166 1232
166 1132
166 15
166 952
166 1101
166 809
166 639
166 274
166 75
166 1286
166 1147
166 546
166 1218
166 548
166 13
166 341
166 541
166 589
166 214
166 613
166 268
166 390
166 463
166 86
166 937
166 602
166 1003
166 368
166 747
166 723
166 208
166 163
166 1018
166 1144
166 419
166 247
166 738
166 649
166 870
166 432
166 236
166 697
166 1017
166 199
166 259
166 204
166 82
166 1335
166 1297
166 371
166 239
166 144
166 980
166 1194
166 166
166 488
166 122
166 109
166 1165
166 66
166 1169
166 1025
166 232
166 908
166 987
166 1168
166 622
166 727
166 162
166 44
166 603
166 219
166 989
166 660
166 1296
166 1166
166 1175
166 1373
166 164
166 14
166 83
166 673
166 886
166 657
166 640
166 900
166 1265
166 120
166 113
166 653
166 138
166 893
166 1256
166 143
166 884
166 879
166 1272
166 638
166 1285
166 153
166 1275
166 875
166 684
166 1279
166 1283
166 683
166 902
166 682
166 876
166 396
166 695
166 26
166 768
166 31
166 32
166 33
166 1345
166 765
166 1343
166 762
166 849
166 758
166 756
166 1340
166 752
166 46
166 1336
166 842
166 774
166 108
166 1360
166 1388
166 817
166 821
166 795
166 787
166 831
166 1376
166 833
166 783
166 834
166 780
166 778
166 835
166 1362
166 1361
166 48
166 1334
166 51
166 750
166 87
166 88
166 157
166 92
166 865
166 711
166 709
166 707
166 702
166 1295
166 102
166 1399
166 698
166 1294
166 106
166 719
166 1305
166 1306
166 1328
166 1332
166 56
166 57
166 749
166 746
166 745
166 744
166 1308
166 1326
166 852
166 853
166 737
166 735
166 77
166 718
166 582
166 158
166 1011
166 1103
166 473
166 1102
166 471
166 1096
166 1095
166 1009
166 332
166 1002
166 1091
166 1015
166 1089
166 1088
166 1087
166 1086
166 1085
166 1004
166 480
166 288
166 490
166 1136
166 1135
166 507
166 982
166 983
166 499
166 492
166 1124
166 313
166 991
166 486
166 1115
166 485
166 995
166 1111
166 312
166 1084
166 447
166 1079
166 1048
166 374
166 1029
166 1052
166 1032
166 1033
166 380
166 408
166 1034
166 444
166 811
166 405
166 1044
166 387
166 1042
166 1038
166 392
166 1027
166 1026
166 1057
166 1058
166 440
166 1073
166 351
166 438
166 437
166 436
166 1065
166 356
166 431
166 430
166 361
166 429
166 1063
166 1022
166 1023
166 509
166 510
166 159
166 211
166 398
166 200
166 581
166 579
166 578
166 577
166 920
166 1190
166 1197
166 213
166 215
166 574
166 217
166 922
166 571
166 566
166 196
166 194
166 512
166 605
166 906
166 621
166 618
166 617
166 616
166 910
166 914
166 1223
166 590
166 1221
166 181
166 919
166 1217
166 597
166 594
166 592
166 223
166 224
166 936
166 971
166 524
166 270
166 1143
166 1141
166 1140
166 275
166 523
166 278
166 561
166 975
166 280
166 281
166 515
166 513
166 1139
166 285
166 969
166 1148
166 968
166 530
166 229
166 231
166 942
166 1174
166 237
166 238
166 945
166 243
166 249
166 953
166 534
166 533
166 258
166 958
166 1152
166 1400
