167 553
167 1279
167 274
167 1099
167 1100
167 1065
167 82
167 1101
167 1098
167 1096
167 1043
167 1097
167 981
167 1241
167 1185
167 305
167 540
167 1009
167 307
167 1158
167 1157
167 525
167 1003
167 1226
167 606
167 556
167 327
167 980
167 665
167 1147
167 365
167 761
167 1299
167 292
167 592
167 537
167 762
167 364
167 581
167 877
167 318
167 559
167 353
167 1230
167 652
167 557
167 37
167 84
167 319
167 122
167 29
167 574
167 264
167 586
167 474
167 481
167 1318
167 480
167 69
167 266
167 1379
167 401
167 1248
167 707
167 28
167 1366
167 603
167 836
167 435
167 378
167 85
167 1002
167 98
167 966
167 908
167 214
167 1006
167 1007
167 14
167 784
167 12
167 1193
167 1015
167 1063
167 460
167 131
167 1198
167 462
167 1183
167 1234
167 360
167 962
167 323
167 773
167 408
167 1294
167 982
167 1314
167 77
167 366
167 876
167 645
167 1182
167 203
167 866
167 36
167 101
167 1081
167 498
167 1109
167 661
167 509
167 336
167 247
167 1010
167 369
167 1297
167 59
167 463
167 404
167 766
167 750
167 978
167 1373
167 337
167 1386
167 35
167 495
167 701
167 193
167 1089
167 565
167 917
167 395
167 1310
167 246
167 1019
167 646
167 124
167 304
167 351
167 49
167 1383
167 427
167 458
167 571
167 511
167 1061
167 767
167 572
167 573
167 1253
167 1011
167 52
167 869
167 724
167 494
167 1192
167 952
167 542
167 1303
167 258
167 54
167 720
167 1375
167 1331
167 576
167 459
167 535
167 1392
167 1263
167 593
167 123
167 1087
167 263
167 505
167 1199
167 159
167 201
167 1076
167 536
167 1108
167 587
167 470
167 1084
167 293
167 216
167 577
167 231
167 663
167 630
167 570
167 32
167 352
167 1083
167 1179
167 1222
167 19
167 300
167 1073
167 676
167 925
167 373
167 1340
167 860
167 1377
167 1114
167 128
167 421
167 582
167 568
167 1210
167 160
167 552
167 1200
167 1290
167 1149
167 763
167 546
167 1390
167 986
167 584
167 375
167 625
167 623
167 86
167 50
167 1117
167 983
167 1077
167 34
167 806
167 1349
167 111
167 6
167 648
167 1056
167 1161
167 1382
167 213
167 1295
167 63
167 325
167 192
167 95
167 611
167 1246
167 1188
167 26
167 896
167 1339
167 393
167 656
167 963
167 677
167 585
167 273
167 602
167 1231
167 644
167 1112
167 1261
167 604
167 328
167 90
167 754
167 1004
167 91
167 789
167 20
167 329
167 394
167 855
167 1027
167 248
167 355
167 1270
167 678
167 551
167 501
167 823
167 977
167 306
167 285
167 700
167 1274
167 93
167 230
167 407
167 1306
167 334
167 890
167 654
167 861
167 1319
167 655
167 1370
167 629
167 599
167 416
167 342
167 916
167 569
167 1238
167 695
167 158
167 62
167 1385
167 702
167 1159
167 1042
167 805
167 51
167 1255
167 461
167 814
167 840
167 943
167 865
167 1260
167 477
167 141
167 1154
167 747
167 1369
167 232
167 1332
167 58
167 206
167 13
167 1245
167 478
167 1086
167 1312
167 703
167 575
167 667
167 1025
167 260
167 1213
167 154
167 851
167 433
167 118
167 1054
167 1301
167 302
167 429
167 1317
167 493
167 775
167 223
167 333
167 1384
167 734
167 24
167 1062
167 445
167 989
167 541
167 1298
167 1353
167 1240
167 1289
167 1071
167 1219
167 1356
167 783
167 708
167 736
167 1311
167 475
167 666
167 746
167 1296
167 834
167 380
167 104
167 976
167 660
167 27
167 43
167 267
167 309
167 1394
167 208
167 1262
167 68
167 72
167 1229
167 229
167 370
167 390
167 671
167 872
167 837
167 810
167 588
167 467
167 488
167 544
167 55
167 687
167 169
167 1325
167 804
167 1000
167 843
167 990
167 1139
167 868
167 413
167 1163
167 414
167 155
167 320
167 211
167 639
167 412
167 1316
167 425
167 17
167 108
167 1304
167 479
167 580
167 829
167 1342
167 473
167 770
167 523
167 945
167 16
167 539
167 1074
167 777
167 579
167 283
167 870
167 1138
167 1334
167 44
167 25
167 287
167 944
167 179
167 185
167 485
167 1321
167 1127
167 322
167 1300
167 758
167 813
167 567
167 1361
167 1169
167 974
167 383
167 99
167 781
167 704
167 1354
167 924
167 268
167 1137
167 641
167 564
167 1021
167 1271
167 56
167 359
167 1088
167 632
167 698
167 1029
167 22
167 249
167 549
167 1221
167 624
167 497
167 115
167 387
167 60
167 1360
167 889
167 73
167 1165
167 164
167 341
167 430
167 1140
167 1105
167 308
167 1269
167 173
167 1343
167 121
167 670
167 662
167 492
167 262
167 340
167 1305
167 545
167 1378
167 316
167 712
167 1080
167 1195
167 1367
167 1055
167 1393
167 2
167 399
167 1189
167 149
167 516
167 1093
167 1322
167 338
167 449
167 1266
167 640
167 87
167 948
167 591
167 914
167 245
167 47
167 191
167 1309
167 717
167 324
167 381
167 681
167 985
167 454
167 132
167 183
167 522
167 476
167 803
167 38
167 969
167 812
167 195
167 372
167 1197
167 294
167 543
167 332
167 616
167 1148
167 1381
167 878
167 456
167 1315
167 255
167 740
167 259
167 217
167 315
167 275
167 745
167 518
167 295
167 686
167 739
167 1085
167 1257
167 874
167 1225
167 1362
167 166
167 1272
167 1072
167 987
167 1078
167 466
167 1110
167 374
167 785
167 311
167 1277
167 310
167 288
167 689
167 125
167 426
167 853
167 653
167 809
167 927
167 626
167 735
167 303
167 939
167 172
167 1205
167 1024
167 1352
167 1391
167 321
167 1217
167 941
167 499
167 737
167 764
167 119
167 194
167 888
167 1242
167 919
167 1136
167 142
167 110
167 691
167 406
167 628
167 1204
167 658
167 371
167 912
167 1106
167 250
167 1281
167 489
167 550
167 1285
167 67
167 547
167 1328
167 400
167 1020
167 235
167 349
167 817
167 715
167 344
167 1215
167 314
167 1335
167 923
167 527
167 431
167 177
167 1162
167 180
167 4
167 1129
167 1308
167 465
167 1368
167 448
167 938
167 1053
167 1374
167 968
167 1327
167 529
167 452
167 1397
167 1202
167 1094
167 929
167 664
167 61
167 822
167 818
167 1170
167 508
167 1155
167 566
167 1291
167 1133
167 33
167 595
167 297
167 81
167 730
167 1268
167 1324
167 486
167 301
167 620
167 289
167 236
167 443
167 79
167 608
167 424
167 15
167 934
167 66
167 345
167 798
167 57
167 468
167 403
167 219
167 97
167 1333
167 887
167 472
167 782
167 1103
167 134
167 1036
167 1387
167 1178
167 1365
167 188
167 31
167 731
167 669
167 428
167 1233
167 991
167 143
167 1347
167 410
167 436
167 409
167 422
167 1250
167 234
167 583
167 280
167 76
167 561
167 988
167 867
167 532
167 1235
167 278
167 776
167 1102
167 1320
167 811
167 457
167 647
167 100
167 748
167 1344
167 109
167 548
167 299
167 117
167 1111
167 1224
167 53
167 1050
167 1104
167 1380
167 83
167 528
167 1008
167 389
167 792
167 502
167 674
167 209
167 170
167 339
167 1254
167 622
167 1143
167 1265
167 1337
167 30
167 500
167 1184
167 903
167 240
167 845
167 453
167 1044
167 162
167 1243
167 1273
167 657
167 756
167 601
167 1218
167 515
167 1047
167 1395
167 949
167 673
167 420
167 144
167 1216
167 1180
167 852
167 961
167 227
167 1280
167 439
167 204
167 796
167 1095
167 831
167 1389
167 562
167 959
167 560
167 1115
167 833
167 317
167 672
167 1005
167 1123
167 442
167 1258
167 451
167 347
167 171
167 633
167 1276
167 198
167 921
167 1082
167 711
167 926
167 1124
167 23
167 88
167 688
167 354
167 1022
167 1396
167 530
167 94
167 752
167 838
167 984
167 168
167 120
167 9
167 187
167 145
167 856
167 1066
167 181
167 167
167 133
167 1041
167 832
167 165
167 910
167 826
167 276
167 496
167 1208
167 163
167 1207
167 1330
167 455
167 1032
167 609
167 71
167 151
167 398
167 1371
167 446
167 290
167 215
167 858
167 637
167 835
167 1167
167 417
167 820
167 520
167 799
167 385
167 1028
167 432
167 682
167 1181
167 885
167 411
167 578
167 74
167 600
167 627
167 619
167 5
167 379
167 615
167 863
167 755
167 765
167 1313
167 1247
167 441
167 157
167 699
167 904
167 1026
167 1040
167 1398
167 732
167 894
167 253
167 899
167 1107
167 367
167 859
167 675
167 1236
167 92
167 797
167 1134
167 521
167 729
167 846
167 482
167 241
167 590
167 1046
167 150
167 391
167 42
167 947
167 850
167 1348
167 779
167 759
167 272
167 965
167 244
167 685
167 1067
167 376
167 538
167 361
167 997
167 1119
167 1194
167 113
167 519
167 269
167 1012
167 126
167 1214
167 998
167 510
167 107
167 841
167 1336
167 816
167 1376
167 967
167 279
167 392
167 918
167 683
167 228
167 1201
167 1059
167 1175
167 350
167 487
167 1079
167 202
167 1237
167 89
167 70
167 386
167 348
167 1282
167 1126
167 597
167 741
167 11
167 933
167 503
167 1018
167 668
167 1355
167 1151
167 884
167 200
167 1400
167 911
167 1186
167 39
167 788
167 1190
167 617
167 975
167 942
167 790
167 768
167 749
167 152
167 744
167 634
167 48
167 284
167 558
167 397
167 1388
167 930
167 780
167 1351
167 277
167 148
167 554
167 721
167 1121
167 1070
167 135
167 105
167 1051
167 972
167 1223
167 839
167 127
167 447
167 659
167 1191
167 506
167 147
167 282
167 415
167 958
167 205
167 1341
167 252
167 464
167 239
167 1125
167 1075
167 1206
167 1329
167 815
167 1259
167 613
167 801
167 883
167 1302
167 1013
167 1160
167 1326
167 1252
167 296
167 1338
167 112
167 638
167 368
167 103
167 936
167 270
167 722
167 891
167 346
167 786
167 738
167 189
167 80
167 589
167 186
167 1251
167 830
167 207
167 78
167 257
167 824
167 873
167 719
167 733
167 114
167 237
167 1144
167 484
167 212
167 1034
167 844
167 1113
167 1039
167 434
167 907
167 210
167 827
167 753
167 1244
167 1035
167 140
167 106
167 1132
167 1068
167 382
167 1069
167 1131
167 517
167 1130
167 384
167 1090
167 1128
167 1091
167 514
167 1120
167 1092
167 388
167 1142
167 1122
167 513
167 102
167 1135
167 96
167 1116
167 512
167 1118
167 1141
167 1058
167 1064
167 116
167 1030
167 1023
167 1017
167 1016
167 1014
167 146
167 533
167 377
167 534
167 1001
167 999
167 555
167 153
167 996
167 995
167 156
167 994
167 139
167 138
167 137
167 1045
167 1060
167 1146
167 1057
167 1052
167 524
167 1049
167 1048
167 1038
167 136
167 526
167 1037
167 129
167 130
167 1033
167 1031
167 531
167 1145
167 331
167 1150
167 1152
167 1323
167 1307
167 405
167 1293
167 1292
167 1288
167 1287
167 1286
167 1284
167 1283
167 1278
167 1275
167 1267
167 1264
167 444
167 1256
167 402
167 440
167 21
167 438
167 1359
167 419
167 3
167 1372
167 1364
167 1363
167 7
167 8
167 10
167 437
167 1358
167 1357
167 423
167 1350
167 1346
167 1345
167 18
167 40
167 41
167 450
167 1168
167 491
167 1177
167 1176
167 1174
167 1173
167 1172
167 1171
167 1166
167 64
167 75
167 1164
167 504
167 992
167 1156
167 507
167 1153
167 65
167 1187
167 469
167 1227
167 1249
167 45
167 46
167 471
167 1239
167 1232
167 1228
167 396
167 490
167 1220
167 1212
167 1211
167 1209
167 483
167 1203
167 1196
167 993
167 970
167 979
167 793
167 271
167 802
167 636
167 800
167 795
167 794
167 642
167 791
167 807
167 643
167 281
167 649
167 343
167 650
167 787
167 286
167 635
167 808
167 679
167 618
167 849
167 848
167 847
167 251
167 356
167 842
167 254
167 256
167 631
167 621
167 828
167 261
167 825
167 821
167 265
167 819
167 651
167 778
167 857
167 713
167 313
167 723
167 693
167 694
167 718
167 716
167 714
167 710
167 725
167 709
167 706
167 705
167 326
167 1399
167 697
167 696
167 312
167 726
167 774
167 298
167 291
167 772
167 771
167 769
167 680
167 684
167 760
167 757
167 727
167 751
167 690
167 335
167 743
167 742
167 692
167 728
167 854
167 862
167 161
167 610
167 182
167 598
167 184
167 940
167 605
167 937
167 607
167 190
167 950
167 935
167 932
167 931
167 363
167 928
167 196
167 197
167 946
167 951
167 199
167 596
167 563
167 973
167 594
167 971
167 330
167 964
167 960
167 957
167 178
167 956
167 955
167 954
167 174
167 175
167 176
167 953
167 922
167 920
167 243
167 880
167 225
167 226
167 614
167 886
167 358
167 882
167 881
167 233
167 892
167 879
167 875
167 238
167 357
167 871
167 864
167 242
167 224
167 222
167 915
167 902
167 913
167 362
167 909
167 612
167 418
167 906
167 905
167 901
167 221
167 900
167 898
167 897
167 895
167 218
167 893
167 220
167 1
