168 750
168 965
168 118
168 341
168 217
168 157
168 127
168 1187
168 774
168 136
168 696
168 404
168 775
168 591
168 527
168 472
168 970
168 301
168 1224
168 1354
168 1009
168 242
168 467
168 221
168 941
168 656
168 213
168 1353
168 410
168 1083
168 131
168 575
168 306
168 98
168 1230
168 458
168 1043
168 4
168 379
168 629
168 1108
168 694
168 173
168 801
168 714
168 1010
168 526
168 540
168 172
168 604
168 491
168 648
168 166
168 738
168 160
168 1375
168 1110
168 503
168 468
168 335
168 1370
168 511
168 496
168 349
168 313
168 440
168 1280
168 997
168 537
168 942
168 97
168 358
168 38
168 529
168 398
168 174
168 608
168 1154
168 1292
168 23
168 264
168 734
168 430
168 1326
168 490
168 745
168 987
168 1072
168 903
168 445
168 320
168 1148
168 843
168 322
168 921
168 469
168 28
168 1197
168 974
168 475
168 1274
168 93
168 117
168 949
168 660
168 498
168 276
168 521
168 1319
168 124
168 1351
168 1392
168 523
168 795
168 1210
168 693
168 1377
168 1006
168 236
168 305
168 1297
168 802
168 312
168 363
168 1233
168 724
168 659
168 990
168 963
168 561
168 300
168 1394
168 880
168 180
168 1313
168 1029
168 1182
168 771
168 218
168 872
168 304
168 197
168 412
168 191
168 1253
168 916
168 282
168 692
168 556
168 1106
168 777
168 318
168 1248
168 945
168 1296
168 347
168 27
168 889
168 1309
168 1384
168 149
168 1081
168 1349
168 803
168 570
168 879
168 369
168 1393
168 1073
168 190
168 977
168 494
168 641
168 266
168 1320
168 966
168 292
168 666
168 1232
168 1149
168 121
168 706
168 297
168 831
168 6
168 352
168 1273
168 1193
168 665
168 372
168 551
168 980
168 1281
168 680
168 1184
168 1061
168 277
168 667
168 366
168 901
168 351
168 395
168 375
168 985
168 461
168 342
168 1198
168 104
168 479
168 682
168 495
168 188
168 389
168 25
168 155
168 1153
168 773
168 1179
168 231
168 377
168 2
168 1192
168 1295
168 1084
168 892
168 786
168 993
168 721
168 826
168 310
168 1206
168 607
168 1143
168 1139
168 350
168 1181
168 1234
168 1085
168 625
168 425
168 736
168 199
168 179
168 507
168 1157
168 1389
168 459
168 672
168 219
168 477
168 299
168 307
168 1236
168 964
168 917
168 1105
168 981
168 393
168 590
168 1302
168 206
168 1333
168 627
168 514
168 1195
168 535
168 323
168 662
168 780
168 927
168 654
168 439
168 273
168 110
168 452
168 606
168 248
168 73
168 383
168 258
168 1383
168 1255
168 1239
168 992
168 833
168 316
168 1251
168 671
168 158
168 394
168 1288
168 257
168 1235
168 34
168 44
168 669
168 201
168 1190
168 376
168 115
168 443
168 365
168 35
168 1200
168 329
168 91
168 1245
168 87
168 705
168 1246
168 361
168 748
168 111
168 1365
168 278
168 754
168 936
168 18
168 1078
168 454
168 1138
168 636
168 19
168 1289
168 582
168 989
168 81
168 385
168 1254
168 565
168 885
168 611
168 3
168 167
168 1283
168 364
168 731
168 788
168 54
168 1201
168 1327
168 1315
168 732
168 228
168 1330
168 1185
168 853
168 325
168 1366
168 252
168 1382
168 428
168 309
168 1324
168 531
168 1338
168 1290
168 381
168 1074
168 489
168 792
168 563
168 784
168 84
168 944
168 691
168 401
168 321
168 1361
168 574
168 128
168 424
168 222
168 1265
168 1135
168 26
168 159
168 918
168 423
168 919
168 362
168 298
168 1387
168 855
168 653
168 89
168 36
168 1385
168 1080
168 579
168 1047
168 147
168 414
168 587
168 920
168 730
168 1002
168 785
168 797
168 105
168 1186
168 413
168 751
168 192
168 541
168 814
168 386
168 9
168 1123
168 1076
168 450
168 344
168 1221
168 769
168 1388
168 255
168 988
168 1303
168 530
168 193
168 572
168 934
168 794
168 547
168 765
168 429
168 1321
168 1341
168 644
168 1142
168 499
168 94
168 799
168 1368
168 230
168 1082
168 1238
168 550
168 49
168 15
168 196
168 315
168 1294
168 107
168 583
168 1165
168 1202
168 533
168 216
168 444
168 391
168 1222
168 700
168 1259
168 895
168 504
168 333
168 1390
168 1228
168 460
168 14
168 215
168 186
168 435
168 1055
168 940
168 962
168 370
168 360
168 287
168 991
168 122
168 577
168 336
168 1301
168 675
168 770
168 274
168 1013
168 545
168 979
168 1041
168 798
168 146
168 417
168 1380
168 281
168 246
168 652
168 237
168 757
168 1129
168 145
168 601
168 787
168 455
168 1079
168 1030
168 1374
168 525
168 1087
168 133
168 466
168 70
168 1194
168 630
168 1124
168 576
168 1119
168 597
168 422
168 542
168 1173
168 1086
168 1391
168 746
168 470
168 967
168 1126
168 319
168 1386
168 971
168 415
168 134
168 1053
168 823
168 1231
168 1189
168 900
168 602
168 1180
168 657
168 929
168 1376
168 177
168 896
168 1112
168 702
168 1379
168 1220
168 1040
168 829
168 661
168 1310
168 112
168 710
168 588
168 33
168 1050
168 359
168 214
168 1107
168 1350
168 148
168 1304
168 72
168 433
168 1014
168 876
168 832
168 259
168 704
168 207
168 388
168 612
168 487
168 1275
168 235
168 578
168 610
168 1137
168 658
168 776
168 1242
168 800
168 519
168 677
168 144
168 1311
168 681
168 132
168 473
168 457
168 1266
168 11
168 60
168 1293
168 557
168 632
168 279
168 663
168 1282
168 406
168 212
168 772
168 543
168 1032
168 998
168 268
168 857
168 975
168 86
168 881
168 1270
168 1240
168 22
168 308
168 1056
168 922
168 603
168 633
168 898
168 486
168 683
168 779
168 1337
168 818
168 1322
168 456
168 229
168 1216
168 224
168 984
168 1023
168 447
168 142
168 332
168 378
168 585
168 840
168 623
168 687
168 481
168 1175
168 616
168 1332
168 48
168 1223
168 1209
168 328
168 1263
168 562
168 59
168 701
168 996
168 326
168 61
168 586
168 515
168 151
168 1352
168 116
168 569
168 709
168 651
168 1334
168 622
168 103
168 676
168 1152
168 62
168 890
168 924
168 75
168 247
168 825
168 983
168 1025
168 39
168 1059
168 92
168 534
168 280
168 45
168 935
168 1261
168 749
168 837
168 755
168 478
168 796
168 85
168 828
168 1046
168 402
168 1268
168 655
168 639
168 164
168 90
168 380
168 571
168 600
168 567
168 1042
168 1267
168 1373
168 1003
168 400
168 516
168 766
168 638
168 181
168 844
168 108
168 346
168 1369
168 1271
168 626
168 418
168 492
168 208
168 263
168 1249
168 243
168 348
168 152
168 793
168 815
168 637
168 162
168 1367
168 1007
168 488
168 1356
168 382
168 1307
168 1397
168 368
168 1150
168 703
168 249
168 554
168 294
168 407
168 270
168 327
168 1256
168 194
168 17
168 912
168 1219
168 737
168 106
168 37
168 480
168 887
168 899
168 283
168 817
168 679
168 371
168 957
168 427
168 536
168 539
168 426
168 664
168 324
168 340
168 1051
168 1058
168 933
168 253
168 205
168 74
168 387
168 894
168 1247
168 1336
168 240
168 183
168 1134
168 1260
168 1109
168 55
168 1054
168 1033
168 592
168 420
168 1169
168 267
168 939
168 549
168 269
168 109
168 135
168 476
168 88
168 930
168 1323
168 67
168 47
168 63
168 265
168 835
168 1183
168 1
168 373
168 16
168 733
168 528
168 978
168 500
168 99
168 810
168 334
168 707
168 928
168 431
168 1063
168 685
168 986
168 211
168 1131
168 1052
168 960
168 187
168 465
168 878
168 559
168 317
168 937
168 1203
168 189
168 854
168 544
168 390
168 356
168 1362
168 959
168 1287
168 284
168 1070
168 441
168 1328
168 1272
168 646
168 715
168 1343
168 1229
168 1262
168 227
168 52
168 198
168 1159
168 96
168 1204
168 421
168 902
168 485
168 820
168 202
168 1044
168 1371
168 1031
168 690
168 761
168 138
168 520
168 845
168 483
168 24
168 605
168 204
168 137
168 873
168 464
168 1306
168 1016
168 593
168 1114
168 165
168 353
168 982
168 1317
168 129
168 51
168 175
168 56
168 260
168 448
168 161
168 1276
168 839
168 869
168 1144
168 645
168 740
168 1312
168 888
168 1342
168 1151
168 891
168 82
168 20
168 21
168 699
168 553
168 1098
168 624
168 1396
168 50
168 767
168 744
168 864
168 1068
168 1156
168 596
168 689
168 123
168 862
168 285
168 1217
168 684
168 32
168 261
168 1205
168 619
168 203
168 1208
168 759
168 241
168 57
168 302
168 232
168 532
168 1088
168 743
168 906
168 226
168 650
168 518
168 938
168 58
168 1225
168 618
168 1141
168 446
168 289
168 1089
168 909
168 311
168 509
168 1034
168 7
168 1077
168 153
168 778
168 5
168 727
168 804
168 719
168 501
168 102
168 1398
168 609
168 595
168 1026
168 994
168 53
168 1227
168 647
168 1104
168 178
168 915
168 512
168 1325
168 735
168 1279
168 848
168 1199
168 1264
168 552
168 886
168 842
168 1158
168 408
168 947
168 80
168 858
168 1277
168 589
168 1269
168 493
168 275
168 451
168 598
168 411
168 125
168 130
168 303
168 1339
168 437
168 753
168 1378
168 409
168 762
168 668
168 176
168 1008
168 850
168 154
168 119
168 863
168 1318
168 904
168 1067
168 251
168 46
168 143
168 295
168 584
168 449
168 763
168 101
168 560
168 789
168 868
168 1099
168 1347
168 640
168 1214
168 695
168 581
168 120
168 355
168 343
168 688
168 185
168 720
168 752
168 1300
168 1145
168 100
168 354
168 1237
168 861
168 182
168 293
168 1035
168 1019
168 741
168 1250
168 1243
168 68
168 726
168 1155
168 13
168 897
168 717
168 1360
168 568
168 126
168 1036
168 1147
168 244
168 233
168 1215
168 69
168 617
168 1218
168 83
168 12
168 1093
168 397
168 169
168 508
168 330
168 634
168 866
168 374
168 851
168 225
168 952
168 474
168 1284
168 403
168 926
168 943
168 1020
168 522
168 870
168 462
168 1241
168 1345
168 171
168 150
168 1121
168 1128
168 184
168 1257
168 163
168 1100
168 64
168 758
168 245
168 1340
168 723
168 497
168 697
168 220
168 558
168 1065
168 698
168 538
168 506
168 1207
168 783
168 262
168 314
168 1364
168 913
168 643
168 972
168 288
168 812
168 442
168 1346
168 573
168 756
168 77
168 1252
168 1278
168 852
168 961
168 170
168 1075
168 635
168 599
168 564
168 1024
168 781
168 114
168 1000
168 908
168 686
168 1213
168 1212
168 1244
168 830
168 1122
168 1136
168 856
168 907
168 1064
168 824
168 453
168 614
168 628
168 357
168 432
168 782
168 1127
168 1168
168 1344
168 296
168 1164
168 78
168 484
168 1381
168 234
168 1166
168 1167
168 1095
168 1039
168 827
168 649
168 739
168 1066
168 548
168 416
168 806
168 712
168 1291
168 673
168 1372
168 1395
168 8
168 1160
168 1161
168 10
168 1358
168 95
168 1359
168 1258
168 156
168 613
168 1363
168 1226
168 1162
168 1285
168 79
168 1357
168 620
168 1163
168 1286
168 65
168 141
168 1355
168 1335
168 1299
168 71
168 621
168 40
168 41
168 42
168 43
168 1331
168 1191
168 1305
168 1329
168 66
168 594
168 1316
168 1314
168 1308
168 1196
168 1298
168 1170
168 29
168 1171
168 1172
168 1174
168 1176
168 1177
168 1348
168 76
168 1178
168 1188
168 1211
168 30
168 140
168 139
168 615
168 31
168 113
168 718
168 1057
168 631
168 951
168 874
168 392
168 871
168 396
168 399
168 867
168 865
168 405
168 860
168 859
168 419
168 849
168 847
168 846
168 841
168 546
168 838
168 875
168 877
168 882
168 914
168 948
168 345
168 946
168 932
168 931
168 925
168 923
168 911
168 384
168 910
168 367
168 905
168 555
168 893
168 884
168 883
168 434
168 836
168 436
168 510
168 711
168 760
168 747
168 742
168 713
168 502
168 505
168 513
168 764
168 716
168 729
168 728
168 517
168 725
168 524
168 722
168 482
168 768
168 438
168 809
168 834
168 822
168 821
168 819
168 816
168 813
168 811
168 808
168 471
168 807
168 463
168 1399
168 708
168 805
168 791
168 790
168 950
168 339
168 168
168 338
168 1102
168 1101
168 223
168 1097
168 1096
168 1094
168 1092
168 1091
168 1090
168 238
168 239
168 1071
168 1069
168 250
168 254
168 256
168 1062
168 1103
168 1111
168 1113
168 1125
168 1146
168 1140
168 1133
168 580
168 1132
168 1130
168 195
168 200
168 210
168 1120
168 642
168 1118
168 1117
168 1116
168 1115
168 209
168 1060
168 1049
168 1048
168 674
168 995
168 566
168 670
168 976
168 973
168 969
168 968
168 958
168 1001
168 331
168 956
168 955
168 678
168 954
168 953
168 337
168 999
168 1004
168 1045
168 290
168 271
168 272
168 1038
168 1037
168 1028
168 1027
168 286
168 291
168 1005
168 1022
168 1021
168 1018
168 1017
168 1015
168 1012
168 1011
168 1400
