169 750
169 965
169 118
169 217
169 341
169 157
169 472
169 127
169 774
169 136
169 970
169 1187
169 131
169 4
169 213
169 475
169 404
169 694
169 467
169 1368
169 977
169 97
169 458
169 301
169 591
169 696
169 990
169 1280
169 1224
169 166
169 527
169 468
169 221
169 1009
169 306
169 1108
169 529
169 775
169 335
169 656
169 1354
169 1197
169 38
169 173
169 1274
169 197
169 604
169 1353
169 1366
169 459
169 1230
169 496
169 1319
169 575
169 242
169 556
169 491
169 54
169 941
169 1010
169 172
169 266
169 312
169 648
169 191
169 1149
169 985
169 738
169 98
169 1283
169 1326
169 1375
169 714
169 1370
169 1083
169 801
169 880
169 1182
169 292
169 430
169 94
169 771
169 194
169 949
169 997
169 693
169 276
169 1383
169 1382
169 19
169 629
169 963
169 352
169 351
169 967
169 477
169 1292
169 611
169 511
169 264
169 155
169 381
169 903
169 160
169 590
169 526
169 654
169 174
169 349
169 503
169 1043
169 1072
169 745
169 236
169 887
169 942
169 188
169 608
169 320
169 843
169 1210
169 692
169 1327
169 1393
169 218
169 1006
169 721
169 11
169 940
169 1157
169 304
169 313
169 1154
169 570
169 363
169 1126
169 987
169 641
169 219
169 814
169 115
169 369
169 305
169 770
169 974
169 243
169 440
169 537
169 249
169 398
169 1293
169 321
169 945
169 1138
169 1080
169 93
169 257
169 724
169 1253
169 277
169 206
169 1303
169 445
169 671
169 322
169 1148
169 927
169 934
169 469
169 49
169 736
169 1192
169 773
169 1076
169 1351
169 1301
169 872
169 523
169 28
169 117
169 383
169 435
169 282
169 196
169 23
169 795
169 105
169 1106
169 521
169 1234
169 426
169 514
169 410
169 124
169 540
169 777
169 447
169 177
169 278
169 989
169 379
169 216
169 1309
169 889
169 1248
169 512
169 154
169 179
169 734
169 561
169 662
169 1297
169 879
169 1313
169 386
169 802
169 966
169 495
169 682
169 138
169 784
169 498
169 1320
169 1377
169 248
169 428
169 1002
169 665
169 203
169 901
169 62
169 1273
169 1212
169 831
169 918
169 300
169 971
169 307
169 147
169 473
169 551
169 1123
169 1394
169 73
169 1386
169 981
169 1195
169 347
169 944
169 149
169 415
169 1296
169 151
169 562
169 582
169 888
169 180
169 362
169 962
169 478
169 705
169 479
169 36
169 559
169 1143
169 260
169 1235
169 91
169 190
169 1061
169 1246
169 680
169 1261
169 1073
169 6
169 504
169 786
169 826
169 1074
169 1206
169 27
169 1371
169 224
169 350
169 318
169 1131
169 920
169 1233
169 1050
169 980
169 1390
169 325
169 425
169 545
169 917
169 515
169 788
169 1145
169 35
169 1389
169 762
169 87
169 382
169 366
169 358
169 461
169 1190
169 310
169 1193
169 401
169 1281
169 1082
169 1330
169 535
169 1238
169 667
169 1200
169 364
169 574
169 417
169 660
169 921
169 494
169 1222
169 1255
169 1302
169 1232
169 215
169 1333
169 344
169 81
169 938
169 769
169 900
169 666
169 15
169 706
169 652
169 1352
169 780
169 549
169 1374
169 1266
169 121
169 1332
169 1110
169 993
169 632
169 554
169 457
169 1081
169 935
169 252
169 1392
169 255
169 370
169 1179
169 1334
169 1085
169 1184
169 1137
169 741
169 1216
169 158
169 659
169 991
169 964
169 644
169 543
169 1198
169 235
169 375
169 231
169 679
169 1153
169 1059
169 452
169 592
169 1231
169 919
169 672
169 627
169 111
169 460
169 108
169 70
169 433
169 1067
169 936
169 377
169 454
169 128
169 642
169 625
169 246
169 407
169 110
169 389
169 2
169 787
169 1384
169 606
169 1251
169 636
169 443
169 731
169 732
169 323
169 148
169 1185
169 853
169 89
169 214
169 326
169 607
169 1385
169 928
169 892
169 25
169 1109
169 653
169 1105
169 132
169 1338
169 1290
169 572
169 14
169 1321
169 612
169 1288
169 145
169 316
169 916
169 1199
169 1029
169 247
169 1271
169 90
169 1181
169 424
169 329
169 112
169 1349
169 984
169 1201
169 1135
169 1139
169 681
169 885
169 201
169 748
169 1236
169 754
169 683
169 1365
169 1387
169 855
169 507
169 542
169 470
169 1155
169 677
169 992
169 588
169 361
169 1304
169 1239
169 1361
169 576
169 423
169 365
169 279
169 1047
169 1051
169 99
169 772
169 1171
169 579
169 957
169 581
169 730
169 492
169 1058
169 1119
169 474
169 44
169 193
169 372
169 116
169 1084
169 563
169 565
169 258
169 796
169 743
169 1202
169 18
169 1388
169 489
169 273
169 704
169 34
169 1265
169 550
169 429
169 85
169 1078
169 1240
169 308
169 1315
169 499
169 134
169 378
169 695
169 192
169 212
169 439
169 1294
169 107
169 689
169 1107
169 1
169 159
169 207
169 60
169 393
169 669
169 691
169 1282
169 72
169 394
169 342
169 104
169 1055
169 39
169 74
169 1307
169 800
169 1242
169 1268
169 687
169 1056
169 1260
169 228
169 703
169 587
169 336
169 1013
169 1041
169 59
169 297
169 412
169 601
169 164
169 299
169 56
169 281
169 1324
169 406
169 414
169 663
169 230
169 427
169 1341
169 567
169 1129
169 152
169 937
169 1178
169 1276
169 1070
169 263
169 1079
169 395
169 894
169 387
169 1030
169 547
169 385
169 932
169 646
169 126
169 996
169 1087
169 133
169 309
169 1245
169 422
169 757
169 144
169 655
169 167
169 637
169 1378
169 922
169 57
169 746
169 274
169 785
169 205
169 391
169 557
169 797
169 1186
169 1053
169 823
169 481
169 710
169 1328
169 315
169 268
169 267
169 287
169 1376
169 1116
169 444
169 700
169 183
169 26
169 456
169 799
169 61
169 1173
169 1221
169 988
169 829
169 1310
169 84
169 657
169 298
169 359
169 1350
169 1254
169 541
169 876
169 1146
169 327
169 353
169 812
169 1267
169 832
169 122
169 798
169 1068
169 1275
169 947
169 1229
169 895
169 776
169 519
169 1122
169 226
169 530
169 1289
169 839
169 1311
169 533
169 534
169 751
169 1204
169 630
169 803
169 1262
169 1118
169 186
169 1259
169 328
169 1295
169 37
169 106
169 701
169 490
169 881
169 740
169 1142
169 538
169 237
169 101
169 845
169 48
169 898
169 1038
169 733
169 779
169 476
169 702
169 1337
169 1124
169 1209
169 360
169 899
169 675
169 178
169 1379
169 1086
169 1023
169 142
169 333
169 585
169 840
169 259
169 569
169 658
169 51
169 583
169 455
169 3
169 897
169 616
169 735
169 493
169 1356
169 647
169 586
169 709
169 577
169 1005
169 1228
169 466
169 622
169 1336
169 676
169 1152
169 960
169 890
169 1372
169 924
169 75
169 319
169 1025
169 842
169 80
169 1398
169 578
169 240
169 92
169 411
169 294
169 603
169 833
169 283
169 486
169 837
169 1112
169 699
169 1208
169 651
169 979
169 850
169 222
169 982
169 1194
169 828
169 661
169 1322
169 1014
169 1046
169 229
169 261
169 525
169 639
169 1279
169 1042
169 1180
169 904
169 943
169 241
169 400
169 516
169 123
169 638
169 181
169 553
169 792
169 1121
169 906
169 742
169 986
169 33
169 1263
169 1161
169 465
169 1040
169 269
169 626
169 1189
169 1369
169 1141
169 698
169 1380
169 602
169 232
169 815
169 767
169 1391
169 1237
169 1339
169 1270
169 449
169 1397
169 794
169 368
169 1150
169 759
169 187
169 1343
169 165
169 296
169 961
169 250
169 536
169 912
169 623
169 1219
169 737
169 628
169 610
169 480
169 500
169 88
169 388
169 765
169 1039
169 674
169 1117
169 882
169 1347
169 690
169 573
169 664
169 717
169 9
169 1032
169 95
169 818
169 959
169 22
169 354
169 77
169 739
169 905
169 1069
169 275
169 852
169 86
169 402
169 1215
169 983
169 975
169 994
169 380
169 1104
169 1054
169 1033
169 397
169 1156
169 1373
169 1172
169 96
169 198
169 1258
169 1075
169 1223
169 1151
169 930
169 67
169 211
169 47
169 163
169 199
169 50
169 1299
169 1090
169 488
169 835
169 1183
169 531
169 571
169 635
169 978
169 348
169 564
169 810
169 760
169 1220
169 952
169 280
169 1348
169 431
169 1063
169 755
169 685
169 1064
169 103
169 1052
169 878
169 416
169 854
169 907
169 390
169 487
169 464
169 1362
169 1003
169 284
169 789
169 836
169 189
169 339
169 441
169 1345
169 600
169 1175
169 715
169 1278
169 497
169 998
169 1247
169 208
169 822
169 156
169 484
169 817
169 913
169 202
169 633
169 58
169 1044
169 1250
169 1031
169 933
169 783
169 761
169 589
169 1019
169 1165
169 929
169 220
169 332
169 162
169 605
169 821
169 137
169 31
169 1016
169 972
169 234
169 334
169 55
169 413
169 1114
169 453
169 1325
169 1317
169 939
169 146
169 1205
169 1024
169 448
169 645
169 16
169 169
169 528
169 1285
169 45
169 1312
169 1342
169 253
169 7
169 891
169 82
169 20
169 1291
169 1098
169 1001
169 1396
169 864
169 508
169 438
169 1241
169 596
169 150
169 225
169 862
169 673
169 285
169 1217
169 684
169 32
169 418
169 619
169 707
169 1249
169 52
169 793
169 24
169 1130
169 1367
169 302
169 1007
169 808
169 532
169 1088
169 1012
169 650
169 744
169 518
169 1344
169 421
169 956
169 29
169 270
169 1256
169 446
169 869
169 17
169 1089
169 816
169 909
169 376
169 580
169 509
169 1034
169 371
169 1077
169 204
169 153
169 539
169 593
169 778
169 324
169 340
169 314
169 5
169 727
169 631
169 609
169 288
169 595
169 71
169 1026
169 420
169 524
169 109
169 1399
169 135
169 436
169 766
169 40
169 1323
169 848
169 76
169 552
169 63
169 886
169 265
169 408
169 210
169 857
169 373
169 1125
169 451
169 598
169 130
169 437
169 753
169 1092
169 781
169 409
169 1062
169 999
169 1213
169 1008
169 896
169 863
169 317
169 1203
169 251
169 544
169 46
169 356
169 143
169 584
169 1287
169 763
169 678
169 450
169 868
169 510
169 1272
169 1099
169 640
169 513
169 1214
169 764
169 844
169 227
169 289
169 355
169 1159
169 825
169 65
169 343
169 1196
169 902
169 485
169 820
169 1134
169 720
169 139
169 483
169 752
169 873
169 1306
169 861
169 293
169 1035
169 1243
169 68
169 726
169 13
169 860
169 175
169 1360
169 568
169 161
169 1144
169 1036
169 1277
169 1147
169 1191
169 233
169 21
169 617
169 1218
169 546
169 624
169 813
169 100
169 83
169 43
169 12
169 1091
169 345
169 330
169 866
169 374
169 851
169 290
169 403
169 926
169 1020
169 870
169 462
169 566
169 1335
169 1257
169 1100
169 185
169 758
169 245
169 1225
169 1340
169 723
169 558
169 1355
169 1065
169 311
169 506
169 1363
169 338
169 262
169 1364
169 719
169 501
169 102
169 643
169 53
169 1227
169 915
169 195
169 1346
169 756
169 1264
169 1169
169 1329
169 1158
169 1269
169 125
169 597
169 303
169 599
169 434
169 114
169 1000
169 668
169 176
169 908
169 119
169 790
169 1318
169 830
169 1136
169 295
169 560
169 824
169 614
169 357
169 432
169 782
169 120
169 688
169 1127
169 1168
169 78
169 1381
169 182
169 1167
169 1095
169 244
169 69
169 209
169 811
169 827
169 1093
169 749
169 649
169 1066
169 634
169 548
169 129
169 806
169 1284
169 522
169 712
169 346
169 171
169 1128
169 184
169 64
169 697
169 976
169 1207
169 442
169 1252
169 170
169 686
169 1244
169 856
169 1164
169 1166
169 1298
169 1300
169 30
169 113
169 1305
169 79
169 1308
169 1316
169 41
169 42
169 1314
169 1358
169 1357
169 1331
169 8
169 66
169 10
169 1395
169 1359
169 392
169 1286
169 973
169 618
169 615
169 613
169 875
169 877
169 883
169 594
169 884
169 893
169 910
169 911
169 555
169 914
169 923
169 925
169 931
169 946
169 948
169 950
169 520
169 517
169 951
169 953
169 954
169 955
169 505
169 958
169 502
169 968
169 620
169 621
169 874
169 716
169 791
169 768
169 804
169 805
169 807
169 747
169 809
169 819
169 729
169 728
169 725
169 722
169 718
169 713
169 871
169 711
169 708
169 834
169 838
169 841
169 846
169 847
169 670
169 849
169 858
169 859
169 865
169 867
169 969
169 482
169 140
169 471
169 1111
169 1113
169 1115
169 1120
169 1132
169 1133
169 1140
169 291
169 286
169 272
169 271
169 1160
169 1162
169 1163
169 256
169 254
169 1170
169 1174
169 1176
169 239
169 238
169 1177
169 1188
169 223
169 1211
169 200
169 1226
169 168
169 141
169 1103
169 331
169 1102
169 405
169 995
169 463
169 1004
169 1011
169 1015
169 1017
169 1018
169 1021
169 1022
169 1027
169 1028
169 419
169 1037
169 399
169 1101
169 396
169 1045
169 1048
169 1049
169 1057
169 384
169 1060
169 1071
169 367
169 1094
169 1096
169 1097
169 337
169 1400
