170 238
170 893
170 239
170 139
170 904
170 1082
170 905
170 175
170 223
170 140
170 10
170 906
170 1004
170 48
170 165
170 670
170 272
170 1264
170 213
170 1205
170 745
170 1033
170 710
170 668
170 189
170 9
170 1394
170 1315
170 1191
170 738
170 519
170 1195
170 491
170 534
170 443
170 1107
170 1078
170 666
170 1156
170 1313
170 183
170 1364
170 430
170 1292
170 1040
170 141
170 1257
170 1381
170 550
170 1263
170 315
170 1349
170 157
170 1009
170 1139
170 1227
170 1395
170 689
170 174
170 816
170 11
170 177
170 1319
170 815
170 1378
170 1317
170 993
170 992
170 115
170 1256
170 604
170 564
170 630
170 713
170 80
170 951
170 413
170 53
170 602
170 1199
170 996
170 636
170 340
170 949
170 672
170 1312
170 1294
170 346
170 727
170 771
170 74
170 667
170 997
170 592
170 1274
170 776
170 947
170 1212
170 1001
170 719
170 946
170 537
170 1157
170 1373
170 566
170 294
170 184
170 504
170 472
170 551
170 712
170 748
170 197
170 170
170 843
170 661
170 1115
170 487
170 303
170 1280
170 1000
170 696
170 1223
170 505
170 70
170 1218
170 1007
170 43
170 530
170 138
170 79
170 970
170 663
170 351
170 971
170 1262
170 1104
170 1355
170 965
170 792
170 389
170 1351
170 343
170 7
170 86
170 423
170 690
170 147
170 1314
170 549
170 671
170 1080
170 799
170 391
170 675
170 694
170 199
170 972
170 1356
170 861
170 1229
170 467
170 702
170 129
170 349
170 228
170 151
170 287
170 794
170 280
170 242
170 1010
170 361
170 1125
170 783
170 757
170 759
170 187
170 96
170 1081
170 1359
170 1284
170 178
170 1079
170 417
170 425
170 914
170 798
170 173
170 889
170 829
170 1215
170 536
170 218
170 1076
170 999
170 25
170 497
170 1098
170 1149
170 556
170 1239
170 1300
170 8
170 1258
170 1161
170 1244
170 878
170 709
170 732
170 1367
170 985
170 737
170 454
170 1222
170 1152
170 1221
170 959
170 1165
170 693
170 347
170 58
170 902
170 660
170 662
170 880
170 1233
170 824
170 685
170 692
170 964
170 204
170 372
170 117
170 304
170 1336
170 149
170 1155
170 1006
170 328
170 148
170 797
170 59
170 1230
170 680
170 1254
170 929
170 894
170 919
170 786
170 586
170 1286
170 203
170 212
170 244
170 1066
170 1346
170 1277
170 874
170 249
170 793
170 182
170 171
170 1017
170 50
170 462
170 548
170 656
170 185
170 1091
170 479
170 1002
170 867
170 503
170 1278
170 54
170 542
170 240
170 1192
170 895
170 641
170 1008
170 622
170 55
170 1316
170 99
170 575
170 438
170 254
170 32
170 1387
170 1302
170 325
170 802
170 252
170 721
170 629
170 1211
170 282
170 62
170 966
170 765
170 1322
170 1341
170 608
170 917
170 34
170 1267
170 674
170 279
170 311
170 543
170 1063
170 810
170 855
170 1138
170 1089
170 1159
170 63
170 1095
170 881
170 1372
170 973
170 301
170 657
170 695
170 780
170 76
170 1003
170 49
170 1338
170 576
170 1043
170 466
170 1146
170 47
170 428
170 1235
170 158
170 1188
170 976
170 1075
170 1064
170 360
170 701
170 808
170 200
170 812
170 81
170 1114
170 755
170 1
170 114
170 431
170 1026
170 255
170 1143
170 1214
170 1025
170 1084
170 1391
170 1216
170 1106
170 649
170 1135
170 572
170 314
170 565
170 1085
170 983
170 329
170 516
170 1088
170 1328
170 225
170 1374
170 205
170 753
170 345
170 101
170 1011
170 1382
170 1252
170 1248
170 119
170 190
170 316
170 588
170 1250
170 277
170 493
170 975
170 529
170 357
170 433
170 857
170 994
170 359
170 941
170 73
170 773
170 876
170 125
170 193
170 296
170 120
170 1051
170 68
170 1119
170 458
170 1352
170 1226
170 179
170 977
170 257
170 64
170 23
170 131
170 188
170 91
170 819
170 1344
170 763
170 913
170 134
170 312
170 1019
170 632
170 338
170 849
170 299
170 214
170 866
170 385
170 156
170 1061
170 234
170 318
170 1074
170 260
170 1187
170 1113
170 167
170 731
170 991
170 724
170 1094
170 989
170 916
170 371
170 441
170 341
170 610
170 35
170 1393
170 522
170 284
170 687
170 796
170 631
170 82
170 1331
170 266
170 775
170 567
170 1231
170 979
170 1186
170 1342
170 594
170 1204
170 1360
170 67
170 1353
170 232
170 186
170 659
170 1101
170 222
170 1167
170 37
170 1320
170 1032
170 962
170 208
170 1198
170 437
170 261
170 154
170 1005
170 442
170 1268
170 735
170 407
170 1327
170 15
170 123
170 84
170 571
170 790
170 1390
170 75
170 554
170 708
170 434
170 103
170 872
170 33
170 784
170 1044
170 1169
170 1324
170 133
170 761
170 1299
170 764
170 1053
170 387
170 555
170 778
170 283
170 390
170 475
170 1281
170 128
170 160
170 230
170 1354
170 891
170 486
170 1245
170 777
170 285
170 198
170 474
170 924
170 1097
170 838
170 453
170 290
170 229
170 366
170 365
170 936
170 206
170 770
170 578
170 1015
170 593
170 535
170 779
170 569
170 110
170 1047
170 560
170 56
170 89
170 426
170 514
170 1193
170 918
170 142
170 717
170 300
170 395
170 526
170 1295
170 638
170 791
170 424
170 1371
170 481
170 827
170 570
170 856
170 1194
170 584
170 1054
170 275
170 470
170 415
170 806
170 968
170 1323
170 646
170 1062
170 1383
170 95
170 673
170 589
170 24
170 1225
170 1242
170 1184
170 597
170 499
170 446
170 1196
170 109
170 397
170 1220
170 1279
170 469
170 595
170 364
170 1365
170 800
170 818
170 155
170 44
170 896
170 907
170 317
170 1055
170 739
170 1375
170 83
170 1121
170 679
170 658
170 714
170 292
170 782
170 859
170 967
170 557
170 743
170 1190
170 1105
170 85
170 259
170 961
170 506
170 207
170 483
170 476
170 169
170 645
170 1347
170 616
170 40
170 367
170 1068
170 404
170 352
170 1237
170 477
170 398
170 124
170 127
170 600
170 943
170 820
170 473
170 1386
170 809
170 132
170 651
170 288
170 419
170 1380
170 369
170 92
170 580
170 546
170 161
170 933
170 452
170 1144
170 264
170 122
170 342
170 21
170 1357
170 926
170 226
170 455
170 302
170 746
170 1153
170 1271
170 686
170 195
170 634
170 873
170 98
170 1255
170 2
170 644
170 211
170 421
170 1065
170 52
170 482
170 740
170 57
170 684
170 910
170 541
170 846
170 1273
170 1140
170 986
170 45
170 227
170 370
170 1224
170 511
170 1236
170 697
170 614
170 623
170 601
170 552
170 439
170 88
170 408
170 676
170 844
170 1028
170 414
170 814
170 41
170 640
170 172
170 718
170 1072
170 520
170 411
170 1399
170 903
170 559
170 948
170 1056
170 915
170 274
170 1369
170 93
170 406
170 1158
170 143
170 1154
170 335
170 337
170 460
170 858
170 168
170 375
170 1179
170 847
170 243
170 1290
170 884
170 383
170 256
170 705
170 513
170 612
170 1307
170 700
170 1249
170 730
170 1272
170 46
170 826
170 769
170 681
170 577
170 248
170 449
170 805
170 807
170 14
170 1388
170 545
170 145
170 22
170 440
170 354
170 307
170 1210
170 163
170 766
170 922
170 1291
170 1325
170 422
170 1310
170 77
170 1228
170 568
170 683
170 669
170 42
170 860
170 1183
170 620
170 1132
170 373
170 1202
170 1147
170 306
170 869
170 269
170 401
170 126
170 330
170 1151
170 1096
170 1400
170 69
170 30
170 611
170 901
170 606
170 268
170 60
170 1077
170 998
170 196
170 348
170 309
170 1337
170 297
170 1241
170 605
170 1200
170 310
170 540
170 344
170 1282
170 538
170 573
170 1335
170 990
170 1201
170 1366
170 1247
170 267
170 464
170 711
170 828
170 562
170 801
170 201
170 756
170 1339
170 934
170 635
170 628
170 781
170 97
170 1213
170 599
170 146
170 1289
170 987
170 456
170 78
170 825
170 1246
170 427
170 677
170 837
170 1392
170 416
170 811
170 625
170 704
170 164
170 94
170 1130
170 1164
170 1131
170 1035
170 192
170 278
170 176
170 1163
170 202
170 1129
170 1128
170 1127
170 1046
170 1126
170 1124
170 1123
170 1045
170 1133
170 1042
170 1037
170 1137
170 1141
170 1039
170 1142
170 1145
170 1038
170 1148
170 1041
170 1150
170 286
170 1162
170 1160
170 1136
170 194
170 281
170 1036
170 1134
170 181
170 180
170 191
170 265
170 1112
170 276
170 250
170 1092
170 273
170 1090
170 1050
170 241
170 271
170 1087
170 1086
170 1083
170 245
170 270
170 246
170 247
170 251
170 209
170 1073
170 253
170 1071
170 1070
170 1069
170 1067
170 258
170 1060
170 1059
170 1058
170 1052
170 262
170 263
170 1093
170 1168
170 237
170 236
170 1048
170 210
170 1122
170 1120
170 1118
170 1117
170 215
170 216
170 217
170 1116
170 219
170 220
170 221
170 1057
170 1111
170 224
170 1110
170 1109
170 1108
170 1103
170 1102
170 1100
170 231
170 1099
170 233
170 1049
170 235
170 1166
170 1207
170 1170
170 1318
170 1350
170 1348
170 1345
170 1343
170 1340
170 51
170 1334
170 1333
170 1332
170 1330
170 1329
170 1326
170 61
170 1321
170 1311
170 1361
170 65
170 66
170 1309
170 1308
170 71
170 72
170 1306
170 1305
170 1304
170 1303
170 1301
170 1298
170 1297
170 1296
170 1358
170 39
170 1171
170 19
170 1398
170 3
170 4
170 5
170 6
170 1397
170 1396
170 1389
170 12
170 13
170 1385
170 16
170 17
170 18
170 20
170 38
170 1384
170 1379
170 1377
170 1376
170 26
170 27
170 28
170 29
170 31
170 1370
170 1368
170 1363
170 36
170 1362
170 1293
170 1288
170 87
170 153
170 1219
170 1217
170 135
170 136
170 137
170 1209
170 1208
170 1034
170 1206
170 1203
170 144
170 150
170 1197
170 152
170 1189
170 1287
170 1185
170 1182
170 1181
170 159
170 1180
170 1178
170 162
170 1177
170 166
170 1176
170 1175
170 1174
170 1173
170 1172
170 130
170 1232
170 1234
170 1238
170 1285
170 90
170 1283
170 1276
170 1275
170 1270
170 1269
170 100
170 1266
170 102
170 1265
170 104
170 105
170 106
170 107
170 108
170 1261
170 1260
170 111
170 112
170 113
170 1259
170 1253
170 116
170 1251
170 118
170 121
170 1243
170 1240
170 289
170 642
170 291
170 461
170 789
170 521
170 795
170 518
170 517
170 803
170 515
170 804
170 512
170 510
170 509
170 508
170 507
170 813
170 817
170 523
170 524
170 525
170 774
170 762
170 544
170 767
170 768
170 539
170 772
170 533
170 788
170 532
170 531
170 785
170 787
170 528
170 527
170 821
170 502
170 501
170 471
170 478
170 835
170 836
170 839
170 840
170 841
170 842
170 480
170 845
170 468
170 848
170 850
170 465
170 463
170 834
170 833
170 500
170 492
170 822
170 498
170 823
170 496
170 495
170 494
170 490
170 832
170 489
170 488
170 830
170 485
170 484
170 831
170 547
170 760
170 758
170 682
170 665
170 615
170 613
170 678
170 609
170 607
170 603
170 618
170 688
170 691
170 598
170 698
170 596
170 699
170 617
170 619
170 706
170 652
170 643
170 637
170 647
170 648
170 633
170 650
170 653
170 621
170 654
170 627
170 626
170 624
170 655
170 664
170 703
170 591
170 754
170 744
170 734
170 736
170 741
170 563
170 561
170 742
170 558
170 729
170 747
170 749
170 750
170 751
170 553
170 752
170 733
170 728
170 590
170 582
170 707
170 587
170 715
170 585
170 716
170 583
170 581
170 726
170 720
170 579
170 722
170 723
170 725
170 574
170 851
170 852
170 1031
170 459
170 355
170 353
170 955
170 956
170 350
170 957
170 958
170 960
170 963
170 969
170 974
170 978
170 980
170 339
170 981
170 356
170 954
170 358
170 940
170 374
170 935
170 937
170 938
170 939
170 368
170 942
170 953
170 944
170 945
170 363
170 362
170 950
170 952
170 982
170 336
170 984
170 1023
170 1018
170 308
170 305
170 1020
170 1021
170 1022
170 1024
170 313
170 1027
170 298
170 1029
170 295
170 1030
170 293
170 1016
170 1014
170 334
170 324
170 333
170 332
170 331
170 988
170 327
170 326
170 323
170 1013
170 322
170 321
170 639
170 319
170 995
170 1012
170 376
170 377
170 378
170 429
170 435
170 877
170 879
170 432
170 882
170 883
170 885
170 875
170 886
170 887
170 888
170 890
170 892
170 420
170 436
170 871
170 418
170 450
170 853
170 457
170 854
170 862
170 863
170 451
170 448
170 870
170 447
170 864
170 445
170 444
170 865
170 868
170 897
170 898
170 379
170 930
170 393
170 392
170 925
170 927
170 928
170 388
170 386
170 923
170 931
170 384
170 932
170 382
170 381
170 380
170 394
170 396
170 899
170 911
170 900
170 412
170 908
170 410
170 409
170 909
170 912
170 921
170 405
170 920
170 403
170 402
170 400
170 399
170 320
