171 516
171 431
171 141
171 714
171 252
171 800
171 672
171 1074
171 1153
171 1155
171 594
171 799
171 795
171 812
171 904
171 755
171 188
171 631
171 809
171 602
171 179
171 372
171 608
171 1066
171 876
171 598
171 171
171 1204
171 994
171 25
171 76
171 791
171 513
171 808
171 358
171 1062
171 311
171 1163
171 1395
171 1243
171 1154
171 184
171 230
171 10
171 657
171 1004
171 668
171 1191
171 1106
171 1065
171 1336
171 486
171 183
171 719
171 238
171 1000
171 239
171 1092
171 1350
171 671
171 566
171 280
171 1380
171 233
171 1075
171 970
171 625
171 790
171 293
171 1011
171 1292
171 1218
171 196
171 1170
171 104
171 567
171 1239
171 430
171 927
171 713
171 556
171 300
171 1355
171 1158
171 610
171 1188
171 976
171 359
171 1006
171 1101
171 1318
171 544
171 806
171 84
171 1256
171 1246
171 443
171 1303
171 636
171 605
171 70
171 638
171 1169
171 776
171 572
171 9
171 1373
171 1090
171 335
171 571
171 993
171 438
171 77
171 694
171 244
171 573
171 1162
171 1001
171 1270
171 147
171 505
171 140
171 520
171 416
171 1008
171 1142
171 1003
171 51
171 670
171 272
171 1107
171 1286
171 121
171 860
171 1007
171 125
171 57
171 1351
171 434
171 969
171 924
171 805
171 1325
171 1151
171 56
171 874
171 783
171 314
171 1349
171 1115
171 45
171 154
171 1149
171 354
171 947
171 1005
171 612
171 1305
171 167
171 526
171 243
171 662
171 1290
171 315
171 212
171 794
171 185
171 229
171 634
171 772
171 878
171 721
171 553
171 1306
171 199
171 197
171 453
171 225
171 1215
171 999
171 124
171 1287
171 997
171 1212
171 709
171 41
171 728
171 1009
171 546
171 1391
171 1291
171 678
171 1379
171 1139
171 232
171 88
171 1164
171 696
171 78
171 493
171 279
171 1381
171 991
171 218
171 535
171 759
171 1353
171 604
171 63
171 1010
171 1002
171 13
171 120
171 1263
171 960
171 529
171 1113
171 1285
171 757
171 1157
171 667
171 804
171 879
171 456
171 695
171 603
171 656
171 689
171 494
171 569
171 62
171 1266
171 498
171 1076
171 267
171 423
171 652
171 377
171 919
171 597
171 973
171 575
171 810
171 1352
171 971
171 576
171 1331
171 294
171 632
171 792
171 1201
171 89
171 710
171 519
171 222
171 203
171 1394
171 803
171 312
171 446
171 646
171 139
171 880
171 647
171 697
171 346
171 946
171 1316
171 214
171 1229
171 207
171 204
171 37
171 1344
171 726
171 237
171 176
171 69
171 943
171 1225
171 816
171 53
171 643
171 750
171 275
171 609
171 1095
171 1059
171 356
171 1093
171 807
171 448
171 227
171 371
171 813
171 1315
171 466
171 558
171 847
171 645
171 972
171 429
171 327
171 1114
171 1104
171 574
171 1124
171 1269
171 514
171 1231
171 682
171 1040
171 221
171 1235
171 618
171 11
171 1322
171 900
171 1323
171 1144
171 1247
171 797
171 1109
171 347
171 174
171 1161
171 1370
171 675
171 268
171 916
171 1335
171 177
171 644
171 1393
171 38
171 1260
171 332
171 226
171 180
171 109
171 940
171 172
171 49
171 722
171 693
171 581
171 1214
171 871
171 712
171 102
171 473
171 270
171 1037
171 925
171 1378
171 173
171 923
171 397
171 606
171 550
171 205
171 1080
171 256
171 595
171 235
171 491
171 295
171 1320
171 343
171 449
171 44
171 168
171 101
171 422
171 1219
171 65
171 435
171 781
171 522
171 483
171 129
171 1150
171 688
171 1343
171 623
171 1213
171 1147
171 87
171 357
171 628
171 785
171 1186
171 105
171 2
171 1307
171 1288
171 1299
171 968
171 455
171 68
171 1356
171 269
171 161
171 30
171 364
171 165
171 308
171 99
171 329
171 1347
171 686
171 413
171 673
171 170
171 1224
171 683
171 182
171 474
171 271
171 624
171 905
171 500
171 80
171 540
171 415
171 975
171 85
171 366
171 103
171 895
171 262
171 175
171 933
171 1143
171 164
171 679
171 75
171 1371
171 664
171 1313
171 1082
171 1064
171 263
171 330
171 1324
171 1238
171 373
171 348
171 12
171 764
171 266
171 1281
171 1211
171 94
171 725
171 338
171 1249
171 47
171 749
171 1077
171 246
171 178
171 1091
171 1282
171 192
171 912
171 674
171 1230
171 1374
171 261
171 577
171 1264
171 1280
171 615
171 848
171 186
171 1258
171 1366
171 150
171 82
171 1340
171 921
171 747
171 58
171 1184
171 20
171 564
171 1089
171 135
171 1084
171 666
171 1022
171 198
171 942
171 470
171 1294
171 40
171 220
171 14
171 600
171 1098
171 692
171 74
171 622
171 282
171 4
171 325
171 902
171 613
171 34
171 1019
171 729
171 349
171 758
171 928
171 296
171 73
171 424
171 1156
171 160
171 305
171 715
171 60
171 1014
171 685
171 601
171 787
171 48
171 209
171 1311
171 1274
171 798
171 52
171 1159
171 862
171 815
171 630
171 22
171 213
171 1210
171 1319
171 1338
171 97
171 1354
171 1105
171 370
171 560
171 1345
171 1072
171 328
171 123
171 1141
171 650
171 635
171 363
171 1236
171 1310
171 1205
171 875
171 336
171 751
171 1232
171 659
171 1033
171 1268
171 591
171 283
171 1300
171 701
171 411
171 992
171 234
171 867
171 537
171 202
171 7
171 211
171 126
171 796
171 187
171 1399
171 536
171 1342
171 1314
171 1171
171 733
171 611
171 156
171 901
171 143
171 50
171 447
171 1
171 436
171 1271
171 524
171 437
171 614
171 442
171 16
171 460
171 1377
171 1102
171 503
171 107
171 534
171 465
171 1096
171 1234
171 1118
171 195
171 189
171 464
171 1216
171 1257
171 163
171 911
171 1020
171 383
171 146
171 1081
171 1253
171 39
171 1348
171 700
171 863
171 981
171 773
171 1364
171 801
171 761
171 681
171 169
171 331
171 310
171 824
171 365
171 823
171 110
171 248
171 1145
171 8
171 467
171 245
171 162
171 545
171 439
171 260
171 941
171 292
171 240
171 384
171 495
171 476
171 959
171 663
171 780
171 307
171 922
171 1198
171 1328
171 617
171 128
171 1103
171 629
171 1228
171 1196
171 547
171 988
171 352
171 148
171 578
171 1183
171 454
171 27
171 319
171 23
171 114
171 872
171 61
171 318
171 36
171 818
171 1237
171 1222
171 29
171 939
171 1132
171 583
171 907
171 918
171 142
171 54
171 639
171 1278
171 215
171 665
171 33
171 484
171 122
171 496
171 334
171 481
171 548
171 90
171 552
171 380
171 1223
171 966
171 1312
171 95
171 375
171 191
171 35
171 1384
171 690
171 950
171 746
171 557
171 59
171 1110
171 543
171 530
171 1160
171 1012
171 836
171 360
171 641
171 200
171 17
171 589
171 368
171 1165
171 1220
171 28
171 937
171 506
171 374
171 825
171 155
171 86
171 1337
171 1217
171 1181
171 1028
171 287
171 698
171 290
171 1241
171 309
171 1302
171 131
171 870
171 1206
171 1128
171 43
171 588
171 1193
171 1295
171 1200
171 626
171 1043
171 118
171 1265
171 428
171 1385
171 289
171 702
171 113
171 593
171 727
171 538
171 459
171 563
171 253
171 899
171 948
171 259
171 961
171 1392
171 760
171 369
171 980
171 488
171 201
171 462
171 406
171 511
171 562
171 1250
171 717
171 1279
171 651
171 288
171 193
171 1248
171 1339
171 395
171 1297
171 441
171 1179
171 565
171 1341
171 1255
171 599
171 1125
171 144
171 304
171 1088
171 388
171 1180
171 1025
171 1194
171 561
171 72
171 822
171 206
171 499
171 24
171 845
171 779
171 541
171 1242
171 1039
171 96
171 869
171 917
171 640
171 908
171 1195
171 856
171 677
171 1097
171 837
171 826
171 1375
171 1175
171 274
171 1199
171 811
171 962
171 92
171 1134
171 1277
171 344
171 649
171 986
171 1296
171 739
171 401
171 859
171 83
171 42
171 620
171 417
171 433
171 1244
171 137
171 1120
171 1119
171 1117
171 1121
171 1112
171 273
171 1116
171 1368
171 1122
171 265
171 1358
171 1359
171 1360
171 241
171 242
171 1131
171 1130
171 1129
171 247
171 1361
171 1362
171 249
171 250
171 251
171 46
171 1363
171 254
171 255
171 1127
171 257
171 258
171 1365
171 1367
171 1126
171 276
171 1123
171 264
171 1111
171 284
171 1369
171 1073
171 1388
171 1086
171 306
171 1389
171 1085
171 1390
171 1396
171 6
171 1083
171 1079
171 313
171 1078
171 316
171 277
171 317
171 5
171 1397
171 320
171 321
171 322
171 323
171 324
171 3
171 1071
171 326
171 1398
171 303
171 302
171 301
171 1087
171 278
171 1372
171 1108
171 281
171 1100
171 285
171 286
171 32
171 31
171 1376
171 26
171 1382
171 291
171 1383
171 21
171 1099
171 19
171 1094
171 18
171 15
171 1386
171 297
171 1387
171 298
171 299
171 1133
171 1333
171 236
171 112
171 159
171 111
171 1069
171 1233
171 1273
171 108
171 1275
171 106
171 1276
171 1227
171 1226
171 166
171 1283
171 100
171 1284
171 98
171 1221
171 1289
171 1209
171 1208
171 1207
171 1203
171 1202
171 1293
171 181
171 158
171 115
171 91
171 157
171 136
171 138
171 1252
171 1251
171 1254
171 134
171 133
171 132
171 130
171 127
171 145
171 1259
171 1245
171 1261
171 149
171 151
171 152
171 153
171 1262
171 1267
171 1272
171 119
171 117
171 116
171 1240
171 93
171 1197
171 1135
171 1172
171 67
171 216
171 217
171 1167
171 219
171 1166
171 66
171 1330
171 64
171 223
171 1332
171 224
171 1334
171 1152
171 1148
171 1146
171 228
171 55
171 1346
171 1140
171 231
171 1138
171 1137
171 1136
171 1357
171 1168
171 1173
171 1192
171 1174
171 1298
171 1190
171 190
171 1301
171 1189
171 81
171 194
171 1304
171 1187
171 1185
171 79
171 1182
171 1308
171 1309
171 1317
171 1321
171 1178
171 1177
171 1326
171 1176
171 71
171 1327
171 208
171 1329
171 210
171 1070
171 775
171 1068
171 873
171 877
171 881
171 882
171 883
171 627
171 884
171 885
171 886
171 887
171 621
171 619
171 888
171 616
171 889
171 890
171 891
171 892
171 633
171 637
171 1067
171 642
171 853
171 854
171 855
171 661
171 660
171 658
171 857
171 858
171 655
171 654
171 653
171 861
171 648
171 864
171 865
171 866
171 868
171 893
171 894
171 896
171 897
171 926
171 929
171 930
171 931
171 932
171 570
171 934
171 568
171 935
171 936
171 938
171 559
171 555
171 554
171 944
171 551
171 945
171 920
171 579
171 580
171 596
171 607
171 898
171 903
171 906
171 909
171 910
171 913
171 914
171 582
171 915
171 592
171 590
171 587
171 586
171 585
171 584
171 852
171 851
171 669
171 817
171 748
171 793
171 745
171 744
171 743
171 742
171 741
171 740
171 738
171 737
171 736
171 735
171 734
171 732
171 731
171 730
171 802
171 789
171 788
171 786
171 765
171 777
171 771
171 770
171 769
171 768
171 767
171 766
171 778
171 752
171 763
171 762
171 782
171 756
171 784
171 754
171 753
171 814
171 724
171 850
171 723
171 833
171 834
171 691
171 835
171 687
171 838
171 684
171 839
171 840
171 680
171 841
171 842
171 676
171 843
171 844
171 846
171 849
171 832
171 831
171 830
171 708
171 819
171 720
171 820
171 718
171 716
171 821
171 711
171 707
171 829
171 706
171 705
171 704
171 703
171 827
171 828
171 699
171 549
171 949
171 542
171 1038
171 404
171 403
171 402
171 400
171 399
171 398
171 1036
171 396
171 394
171 393
171 392
171 391
171 390
171 389
171 774
171 387
171 386
171 405
171 407
171 408
171 419
171 427
171 426
171 425
171 1029
171 1030
171 421
171 420
171 418
171 409
171 1031
171 1032
171 414
171 1034
171 412
171 1035
171 410
171 385
171 382
171 1026
171 381
171 350
171 1053
171 1054
171 1055
171 1056
171 345
171 1057
171 342
171 341
171 340
171 339
171 1058
171 337
171 1060
171 1061
171 333
171 1063
171 351
171 353
171 1052
171 1045
171 379
171 378
171 376
171 1041
171 1042
171 1044
171 367
171 1046
171 355
171 1047
171 362
171 361
171 1048
171 1049
171 1050
171 1051
171 1027
171 432
171 539
171 489
171 964
171 512
171 510
171 509
171 508
171 507
171 965
171 504
171 502
171 501
171 967
171 974
171 497
171 977
171 978
171 492
171 979
171 963
171 515
171 517
171 955
171 951
171 952
171 953
171 954
171 533
171 532
171 531
171 528
171 518
171 527
171 956
171 525
171 957
171 523
171 958
171 521
171 490
171 487
171 1024
171 485
171 990
171 995
171 452
171 451
171 450
171 996
171 998
171 1013
171 445
171 444
171 1015
171 1016
171 440
171 1017
171 1018
171 1021
171 1023
171 989
171 457
171 458
171 983
171 482
171 480
171 479
171 478
171 477
171 475
171 982
171 472
171 461
171 471
171 984
171 469
171 468
171 985
171 987
171 463
171 1400
