172 320
172 527
172 322
172 321
172 107
172 478
172 476
172 1370
172 1235
172 551
172 366
172 365
172 422
172 479
172 736
172 424
172 734
172 537
172 4
172 150
172 1251
172 1083
172 425
172 23
172 981
172 72
172 934
172 452
172 540
172 266
172 458
172 731
172 1383
172 264
172 155
172 559
172 1149
172 336
172 855
172 1253
172 1182
172 323
172 1382
172 641
172 349
172 375
172 889
172 1393
172 394
172 111
172 255
172 457
172 34
172 1210
172 149
172 843
172 542
172 300
172 1240
172 1377
172 417
172 585
172 644
172 1056
172 157
172 460
172 364
172 304
172 732
172 570
172 1246
172 1055
172 24
172 28
172 1311
172 329
172 1233
172 1185
172 648
172 6
172 562
172 664
172 47
172 666
172 406
172 899
172 1047
172 629
172 1273
172 831
172 1201
172 1209
172 134
172 324
172 1108
172 292
172 305
172 180
172 191
172 35
172 472
172 1061
172 1254
172 1224
172 837
172 1138
172 1259
172 454
172 459
172 37
172 54
172 1193
172 977
172 306
172 1236
172 1215
172 1384
172 572
172 475
172 1181
172 798
172 1281
172 689
172 1029
172 445
172 1148
172 1043
172 672
172 833
172 1219
172 677
172 944
172 533
172 350
172 766
172 668
172 992
172 381
172 1179
172 607
172 1085
172 1375
172 142
172 645
172 55
172 493
172 160
172 978
172 2
172 611
172 303
172 730
172 256
172 1109
172 98
172 662
172 398
172 73
172 912
172 84
172 273
172 393
172 1322
172 1222
172 22
172 555
172 404
172 518
172 1137
172 1385
172 777
172 1154
172 131
172 3
172 1155
172 1368
172 733
172 499
172 1053
172 1394
172 1302
172 989
172 27
172 576
172 1241
172 854
172 363
172 1263
172 477
172 1041
172 1381
172 988
172 1197
172 1392
172 565
172 667
172 700
172 62
172 661
172 345
172 553
172 1161
172 179
172 1364
172 489
172 584
172 1059
172 1301
172 328
172 979
172 172
172 966
172 117
172 1309
172 16
172 1054
172 1280
172 93
172 626
172 1072
172 201
172 587
172 115
172 1386
172 352
172 963
172 461
172 1191
172 1389
172 59
172 1376
172 1187
172 369
172 260
172 307
172 504
172 342
172 14
172 933
172 872
172 145
172 188
172 344
172 625
172 1245
172 943
172 1279
172 1198
172 784
172 410
172 192
172 601
172 283
172 1002
172 778
172 1192
172 1320
172 965
172 298
172 1261
172 1184
172 11
172 826
172 561
172 754
172 627
172 851
172 413
172 159
172 351
172 1294
172 983
172 494
172 438
172 89
172 1260
172 377
172 724
172 135
172 818
172 326
172 573
172 314
172 128
172 123
172 671
172 196
172 44
172 347
172 828
172 87
172 660
172 376
172 335
172 840
172 82
172 980
172 530
172 220
172 940
172 389
172 1297
172 498
172 1348
172 81
172 327
172 1361
172 590
172 1321
172 92
172 1248
172 1342
172 121
172 575
172 1078
172 972
172 94
172 362
172 538
172 246
172 577
172 358
172 501
172 36
172 401
172 928
172 853
172 858
172 526
172 1076
172 1200
172 996
172 1081
172 961
172 1395
172 190
172 574
172 481
172 1255
172 903
172 125
172 310
172 435
172 582
172 1073
172 1369
172 1042
172 144
172 444
172 104
172 1129
172 1202
172 773
172 1366
172 997
172 181
172 588
172 318
172 293
172 309
172 1268
172 108
172 892
172 707
172 1099
172 397
172 563
172 652
172 1271
172 1087
172 448
172 1206
172 339
172 439
172 333
172 63
172 315
172 1387
172 959
172 133
172 1265
172 617
172 496
172 1216
172 746
172 272
172 379
172 1097
172 353
172 416
172 368
172 830
172 654
172 297
172 656
172 987
172 658
172 274
172 231
172 750
172 271
172 49
172 1119
172 1257
172 1258
172 1319
172 97
172 1327
172 473
172 916
172 43
172 1008
172 1080
172 164
172 487
172 974
172 450
172 721
172 1283
172 294
172 1163
172 655
172 788
172 15
172 228
172 80
172 990
172 78
172 814
172 325
172 1225
172 71
172 1262
172 1351
172 547
172 823
172 1379
172 715
172 651
172 21
172 483
172 337
172 1373
172 79
172 147
172 771
172 665
172 1365
172 233
172 386
172 930
172 690
172 973
172 785
172 373
172 359
172 1242
172 1040
172 249
172 1190
172 432
172 952
172 1105
172 835
172 355
172 663
172 1238
172 1194
172 343
172 383
172 140
172 1292
172 596
172 1391
172 669
172 1355
172 535
172 1082
172 948
172 170
172 1063
172 429
172 942
172 1274
172 1180
172 254
172 267
172 633
172 593
172 382
172 1086
172 374
172 395
172 390
172 391
172 1247
172 295
172 704
172 939
172 769
172 86
172 284
172 467
172 792
172 852
172 1050
172 299
172 291
172 124
172 1226
172 1162
172 1036
172 1220
172 61
172 578
172 744
172 1
172 60
172 20
172 348
172 1214
172 51
172 286
172 18
172 521
172 1188
172 311
172 1065
172 281
172 756
172 1199
172 794
172 1013
172 921
172 105
172 12
172 1044
172 1031
172 1010
172 761
172 1030
172 569
172 240
172 515
172 523
172 580
172 1278
172 936
172 456
172 162
172 1069
172 224
172 710
172 334
172 178
172 610
172 512
172 385
172 630
172 982
172 227
172 146
172 495
172 740
172 986
172 186
172 579
172 786
172 1123
172 1147
172 50
172 1296
172 1064
172 643
172 1173
172 1276
172 277
172 9
172 1312
172 17
172 53
172 1205
172 308
172 187
172 745
172 1100
172 1084
172 316
172 880
172 1308
172 26
172 727
172 437
172 110
172 332
172 112
172 1396
172 195
172 864
172 331
172 1068
172 824
172 32
172 1153
172 163
172 388
172 962
172 789
172 1014
172 1293
172 346
172 758
172 319
172 524
172 1307
172 594
172 167
172 45
172 285
172 76
172 1217
172 90
172 639
172 684
172 1344
172 412
172 832
172 317
172 509
172 1208
172 1390
172 207
172 119
172 244
172 341
172 876
172 380
172 532
172 1088
172 484
172 455
172 151
172 650
172 1034
172 1228
172 486
172 568
172 148
172 1295
172 232
172 612
172 938
172 1195
172 782
172 101
172 236
172 446
172 932
172 1089
172 541
172 909
172 1237
172 127
172 618
172 248
172 1077
172 682
172 1372
172 1230
172 198
172 802
172 189
172 99
172 528
172 5
172 829
172 1264
172 1354
172 922
172 7
172 1039
172 765
172 1398
172 1071
172 1026
172 33
172 490
172 118
172 166
172 757
172 1104
172 735
172 1252
172 564
172 1211
172 925
172 571
172 1158
172 552
172 1134
172 886
172 1213
172 143
172 1269
172 502
172 408
172 8
172 810
172 985
172 451
172 242
172 1303
172 130
172 261
172 739
172 409
172 1046
172 859
172 1250
172 917
172 241
172 1142
172 465
172 896
172 850
172 1151
172 646
172 863
172 258
172 589
172 356
172 400
172 1067
172 1150
172 856
172 46
172 557
172 1006
172 1287
172 449
172 378
172 790
172 38
172 516
172 1282
172 480
172 887
172 1324
172 640
172 957
172 545
172 40
172 991
172 1332
172 340
172 816
172 1397
172 703
172 1015
172 1334
172 1300
172 74
172 927
172 1032
172 706
172 583
172 737
172 796
172 1380
172 370
172 1347
172 1027
172 1079
172 860
172 209
172 420
172 1325
172 717
172 1275
172 1349
172 259
172 75
172 941
172 1313
172 165
172 1107
172 857
172 1035
172 265
172 1126
172 529
172 741
172 726
172 1139
172 1166
172 919
172 869
172 13
172 1057
172 550
172 91
172 623
172 1286
172 546
172 1066
172 742
172 901
172 280
172 1186
172 1052
172 30
172 797
172 67
172 1329
172 937
172 586
172 505
172 237
172 1221
172 743
172 1189
172 999
172 1362
172 1009
172 560
172 519
172 1012
172 836
172 747
172 787
172 1353
172 245
172 698
172 566
172 1239
172 205
172 861
172 96
172 635
172 525
172 738
172 1074
172 1288
172 554
172 767
172 870
172 462
172 158
172 1345
172 1315
172 290
172 1121
172 1070
172 929
172 278
172 447
172 199
172 414
172 268
172 182
172 604
172 1115
172 1335
172 506
172 659
172 1374
172 616
172 653
172 608
172 269
172 262
172 208
172 126
172 874
172 1323
172 685
172 421
172 865
172 1075
172 85
172 994
172 960
172 247
172 152
172 1106
172 488
172 675
172 103
172 1169
172 808
172 428
172 947
172 891
172 1284
172 206
172 781
172 599
172 1051
172 908
172 1333
172 914
172 679
172 822
172 1122
172 1289
172 907
172 257
172 338
172 1330
172 805
172 845
172 122
172 595
172 222
172 1157
172 213
172 964
172 1095
172 1352
172 216
172 624
172 230
172 894
172 441
172 234
172 229
172 276
172 628
172 282
172 811
172 1092
172 686
172 1212
172 1371
172 210
172 827
172 1204
172 649
172 799
172 753
172 1277
172 620
172 695
172 174
172 522
172 1144
172 1310
172 168
172 173
172 696
172 132
172 25
172 433
172 976
172 1203
172 1243
172 1363
172 1367
172 302
172 253
172 1244
172 301
172 1196
172 19
172 279
172 1207
172 1350
172 1223
172 39
172 252
172 287
172 288
172 289
172 42
172 275
172 1356
172 1357
172 1227
172 1229
172 1358
172 1218
172 270
172 1359
172 1231
172 31
172 1232
172 29
172 41
172 1360
172 1234
172 263
172 48
172 296
172 212
172 251
172 250
172 154
172 1290
172 156
172 161
172 169
172 1285
172 95
172 1326
172 171
172 1328
172 175
172 176
172 177
172 88
172 1388
172 183
172 184
172 1331
172 185
172 83
172 10
172 153
172 100
172 1291
172 1316
172 1314
172 116
172 129
172 114
172 1306
172 1305
172 1304
172 113
172 136
172 109
172 102
172 137
172 138
172 139
172 141
172 1299
172 1317
172 1318
172 1298
172 106
172 1272
172 1270
172 193
172 58
172 223
172 68
172 225
172 66
172 65
172 64
172 226
172 1343
172 1346
172 1256
172 221
172 57
172 56
172 235
172 238
172 239
172 243
172 52
172 1378
172 1249
172 69
172 1266
172 194
172 77
172 1336
172 197
172 1337
172 200
172 1267
172 202
172 1338
172 203
172 204
172 211
172 219
172 120
172 1339
172 214
172 1340
172 215
172 217
172 1341
172 218
172 70
172 883
172 442
172 312
172 694
172 708
172 705
172 702
172 701
172 1399
172 699
172 697
172 693
172 678
172 692
172 691
172 945
172 688
172 687
172 683
172 681
172 709
172 711
172 712
172 713
172 923
172 924
172 926
172 931
172 729
172 728
172 725
172 723
172 722
172 935
172 720
172 719
172 718
172 716
172 714
172 680
172 946
172 609
172 631
172 642
172 984
172 638
172 637
172 636
172 634
172 632
172 993
172 676
172 622
172 621
172 619
172 995
172 615
172 614
172 613
172 647
172 975
172 971
172 970
172 674
172 673
172 949
172 670
172 950
172 951
172 953
172 954
172 955
172 956
172 958
172 657
172 967
172 968
172 969
172 748
172 749
172 751
172 834
172 844
172 893
172 842
172 841
172 839
172 838
172 895
172 897
172 752
172 898
172 900
172 902
172 825
172 904
172 821
172 820
172 846
172 847
172 848
172 849
172 881
172 879
172 878
172 877
172 875
172 873
172 884
172 871
172 868
172 867
172 866
172 862
172 885
172 888
172 890
172 819
172 905
172 817
172 779
172 776
172 775
172 774
172 915
172 772
172 770
172 918
172 768
172 764
172 763
172 762
172 760
172 759
172 755
172 920
172 913
172 780
172 815
172 783
172 906
172 813
172 812
172 809
172 807
172 806
172 804
172 803
172 801
172 800
172 795
172 793
172 791
172 910
172 911
172 998
172 606
172 313
172 396
172 405
172 1112
172 403
172 402
172 1113
172 399
172 1114
172 1116
172 1127
172 1117
172 1118
172 392
172 1120
172 387
172 384
172 1124
172 1111
172 407
172 1110
172 411
172 436
172 1096
172 434
172 1098
172 431
172 430
172 427
172 426
172 1101
172 1102
172 423
172 1103
172 419
172 418
172 415
172 1125
172 1128
172 605
172 1170
172 1159
172 1160
172 1164
172 1165
172 1167
172 330
172 1168
172 1171
172 1130
172 1172
172 1174
172 1175
172 1176
172 1177
172 1178
172 1183
172 1156
172 1152
172 1146
172 354
172 1131
172 1132
172 1133
172 372
172 371
172 1135
172 367
172 1136
172 1140
172 1141
172 361
172 360
172 1143
172 357
172 1145
172 1094
172 440
172 882
172 1024
172 1019
172 1020
172 1021
172 1022
172 1023
172 558
172 556
172 1025
172 443
172 549
172 548
172 544
172 543
172 1028
172 539
172 536
172 567
172 1018
172 1017
172 1016
172 603
172 602
172 1000
172 600
172 598
172 597
172 1001
172 1003
172 592
172 591
172 1004
172 1005
172 1007
172 581
172 1011
172 1033
172 534
172 531
172 1058
172 1060
172 482
172 1062
172 474
172 471
172 470
172 469
172 468
172 466
172 464
172 463
172 453
172 1090
172 1091
172 1093
172 485
172 491
172 1037
172 492
172 1038
172 520
172 517
172 514
172 513
172 511
172 510
172 508
172 507
172 503
172 1045
172 500
172 1048
172 497
172 1049
172 1400
