173 532
173 367
173 451
173 1073
173 251
173 917
173 777
173 1054
173 1067
173 470
173 1086
173 931
173 767
173 1320
173 916
173 538
173 703
173 155
173 356
173 813
173 1240
173 956
173 1047
173 759
173 55
173 785
173 1087
173 1392
173 15
173 934
173 515
173 1375
173 851
173 376
173 1192
173 111
173 300
173 1182
173 548
173 1119
173 73
173 351
173 1270
173 615
173 50
173 206
173 731
173 1386
173 1262
173 630
173 290
173 977
173 817
173 278
173 357
173 1055
173 1043
173 21
173 1171
173 59
173 207
173 91
173 293
173 613
173 1088
173 814
173 117
173 936
173 1117
173 1370
173 348
173 850
173 1032
173 29
173 1259
173 164
173 1129
173 94
173 385
173 781
173 1216
173 790
173 1261
173 854
173 395
173 922
173 873
173 1175
173 930
173 95
173 245
173 1362
173 1152
173 284
173 1366
173 913
173 872
173 349
173 17
173 677
173 1163
173 359
173 841
173 614
173 521
173 719
173 90
173 479
173 570
173 965
173 1246
173 1071
173 756
173 115
173 713
173 929
173 1030
173 1222
173 1112
173 457
173 369
173 1306
173 681
173 861
173 299
173 1063
173 342
173 1356
173 1137
173 981
173 28
173 485
173 298
173 264
173 962
173 1036
173 1265
173 1384
173 1387
173 54
173 62
173 1248
173 1084
173 247
173 1145
173 1108
173 584
173 829
173 738
173 1388
173 863
173 1379
173 772
173 765
173 889
173 1235
173 1382
173 1389
173 1350
173 474
173 783
173 1342
173 701
173 1289
173 266
173 103
173 843
173 449
173 337
173 238
173 802
173 352
173 105
173 248
173 639
173 599
173 1268
173 838
173 980
173 503
173 507
173 305
173 47
173 938
173 1294
173 1332
173 493
173 364
173 462
173 1266
173 1076
173 113
173 13
173 287
173 539
173 1154
173 833
173 831
173 945
173 1070
173 522
173 527
173 222
173 1283
173 1322
173 167
173 702
173 557
173 377
173 499
173 616
173 1001
173 232
173 683
173 1309
173 150
173 379
173 341
173 1272
173 24
173 875
173 6
173 1210
173 432
173 752
173 1242
173 1061
173 1381
173 417
173 202
173 594
173 827
173 1360
173 563
173 947
173 1024
173 1200
173 730
173 496
173 853
173 530
173 857
173 383
173 454
173 1081
173 153
173 390
173 1121
173 680
173 49
173 488
173 452
173 1079
173 1383
173 1082
173 1390
173 1280
173 414
173 1260
173 331
173 1258
173 149
173 1031
173 553
173 1000
173 583
173 1380
173 1349
173 78
173 378
173 1377
173 159
173 475
173 566
173 565
173 338
173 1368
173 1208
173 35
173 516
173 622
173 1186
173 591
173 920
173 637
173 1321
173 435
173 274
173 286
173 943
173 120
173 20
173 489
173 869
173 782
173 523
173 940
173 1173
173 1172
173 410
173 654
173 1090
173 81
173 460
173 504
173 490
173 852
173 467
173 1056
173 201
173 918
173 1107
173 749
173 1256
173 987
173 32
173 1007
173 1105
173 346
173 234
173 948
173 592
173 734
173 36
173 461
173 1019
173 1358
173 1276
173 328
173 758
173 564
173 862
173 803
173 745
173 498
173 1334
173 1357
173 708
173 580
173 468
173 1233
173 704
173 295
173 145
173 386
173 824
173 658
173 974
173 422
173 1207
173 682
173 941
173 856
173 579
173 344
173 165
173 1185
173 1238
173 428
173 898
173 659
173 593
173 596
173 842
173 1014
173 375
173 1080
173 3
173 978
173 389
173 292
173 354
173 1174
173 1017
173 418
173 1199
173 1162
173 618
173 964
173 446
173 982
173 1343
173 1201
173 325
173 525
173 1301
173 888
173 1069
173 1205
173 83
173 205
173 473
173 650
173 1300
173 923
173 180
173 744
173 156
173 815
173 311
173 109
173 1298
173 101
173 313
173 93
173 1035
173 5
173 528
173 459
173 294
173 16
173 314
173 1365
173 685
173 724
173 636
173 249
173 598
173 600
173 1220
173 1352
173 812
173 494
173 611
173 122
173 1231
173 415
173 1133
173 712
173 142
173 1291
173 915
173 1245
173 1141
173 318
173 1123
173 52
173 86
173 131
173 792
173 382
173 301
173 1264
173 1304
173 844
173 1184
173 273
173 990
173 1295
173 1148
173 540
173 651
173 1008
173 1083
173 775
173 333
173 463
173 688
173 1255
173 921
173 836
173 458
173 1118
173 404
173 307
173 1127
173 240
173 9
173 1194
173 1312
173 353
173 128
173 727
173 171
173 666
173 960
173 709
173 1204
173 1399
173 319
173 739
173 1287
173 1147
173 1113
173 788
173 157
173 733
173 1116
173 394
173 416
173 567
173 537
173 647
173 585
173 676
173 1224
173 168
173 329
173 871
173 497
173 1341
173 336
173 312
173 652
173 761
173 1232
173 253
173 130
173 469
173 1085
173 67
173 1292
173 927
173 254
173 501
173 193
173 160
173 141
173 75
173 1044
173 656
173 737
173 116
173 80
173 187
173 1393
173 257
173 204
173 961
173 1346
173 288
173 894
173 631
173 362
173 255
173 674
173 317
173 368
173 575
173 638
173 140
173 289
173 309
173 421
173 74
173 859
173 644
173 1077
173 678
173 1124
173 1317
173 1340
173 620
173 633
173 994
173 197
173 1027
173 1318
173 628
173 1197
173 779
173 743
173 118
173 227
173 1130
173 699
173 370
173 1134
173 365
173 587
173 396
173 634
173 1131
173 1310
173 571
173 71
173 104
173 984
173 1347
173 1339
173 1297
173 322
173 715
173 924
173 689
173 551
173 1179
173 535
173 830
173 648
173 1195
173 217
173 832
173 393
173 138
173 219
173 1013
173 372
173 267
173 1219
173 985
173 1385
173 1053
173 901
173 223
173 967
173 343
173 518
173 1180
173 79
173 403
173 169
173 806
173 4
173 347
173 1181
173 839
173 361
173 1344
173 1068
173 717
173 663
173 398
173 627
173 426
173 762
173 425
173 190
173 998
173 996
173 705
173 27
173 1060
173 23
173 63
173 1110
173 304
173 66
173 360
173 619
173 568
173 1196
173 381
173 755
173 606
173 1023
173 492
173 1398
173 163
173 641
173 72
173 624
173 235
173 60
173 732
173 992
173 373
173 925
173 139
173 476
173 399
173 224
173 453
173 1236
173 1193
173 135
173 408
173 512
173 230
173 1333
173 133
173 1323
173 203
173 285
173 1225
173 482
173 509
173 241
173 323
173 1367
173 848
173 200
173 448
173 411
173 1140
173 626
173 1051
173 258
173 559
173 735
173 199
173 1190
173 766
173 58
173 828
173 302
173 874
173 1138
173 562
173 784
173 1050
173 1188
173 478
173 283
173 196
173 143
173 1281
173 1037
173 763
173 33
173 1336
173 1029
173 1250
173 400
173 736
173 211
173 951
173 1006
173 212
173 560
173 697
173 878
173 355
173 1316
173 1328
173 1263
173 933
173 655
173 132
173 912
173 433
173 1115
173 645
173 321
173 849
173 70
173 700
173 741
173 868
173 1397
173 597
173 371
173 1251
173 1038
173 668
173 673
173 1234
173 22
173 887
173 384
173 465
173 884
173 771
173 442
173 986
173 999
173 1078
173 896
173 424
173 231
173 671
173 14
173 944
173 789
173 1214
173 582
173 768
173 472
173 1353
173 48
173 87
173 125
173 1005
173 61
173 601
173 635
173 770
173 780
173 68
173 466
173 269
173 1286
173 586
173 315
173 1221
173 277
173 158
173 989
173 543
173 988
173 148
173 569
173 1271
173 413
173 456
173 1183
173 1072
173 500
173 173
173 665
173 447
173 225
173 646
173 1223
173 127
173 660
173 108
173 952
173 937
173 506
173 809
173 1254
173 1374
173 1004
173 1191
173 263
173 958
173 546
173 1066
173 1354
173 208
173 811
173 748
173 213
173 1178
173 374
173 345
173 69
173 1394
173 1217
173 57
173 1106
173 675
173 1273
173 883
173 1009
173 746
173 602
173 366
173 112
173 1218
173 218
173 236
173 308
173 1363
173 698
173 837
173 12
173 1282
173 43
173 691
173 975
173 1092
173 297
173 797
173 246
173 760
173 186
173 773
173 388
173 191
173 210
173 1361
173 259
173 332
173 1325
173 1324
173 166
173 661
173 1391
173 195
173 1279
173 1244
173 56
173 966
173 1198
173 114
173 237
173 1034
173 276
173 272
173 455
173 89
173 542
173 97
173 1290
173 1371
173 486
173 822
173 720
173 44
173 434
173 907
173 229
173 845
173 99
173 991
173 1296
173 85
173 427
173 520
173 100
173 25
173 826
173 441
173 662
173 198
173 1373
173 928
173 401
173 262
173 82
173 798
173 244
173 261
173 256
173 51
173 11
173 275
173 53
173 260
173 10
173 233
173 242
173 291
173 8
173 7
173 265
173 268
173 2
173 350
173 228
173 252
173 18
173 41
173 19
173 40
173 39
173 38
173 42
173 37
173 239
173 243
173 296
173 45
173 34
173 250
173 31
173 30
173 26
173 358
173 46
173 279
173 363
173 174
173 226
173 185
173 183
173 151
173 310
173 330
173 147
173 184
173 146
173 327
173 334
173 282
173 335
173 137
173 188
173 136
173 182
173 152
173 189
173 170
173 316
173 175
173 172
173 320
173 176
173 177
173 178
173 154
173 179
173 162
173 161
173 324
173 181
173 326
173 134
173 129
173 270
173 77
173 96
173 92
173 88
173 214
173 280
173 84
173 76
173 209
173 215
173 216
173 220
173 65
173 221
173 64
173 98
173 102
173 192
173 339
173 126
173 194
173 124
173 123
173 121
173 119
173 281
173 303
173 306
173 340
173 110
173 271
173 107
173 106
173 144
173 1400
173 380
173 1048
173 1074
173 1065
173 1064
173 1062
173 1059
173 1058
173 1057
173 1052
173 1049
173 1046
173 1021
173 1045
173 1042
173 1041
173 1040
173 1039
173 1033
173 1028
173 1026
173 1025
173 1075
173 1089
173 1091
173 1093
173 1128
173 1126
173 1125
173 1122
173 1120
173 1114
173 1111
173 1109
173 1104
173 1103
173 1102
173 1101
173 1100
173 1099
173 1098
173 1097
173 1096
173 1095
173 1094
173 1022
173 1020
173 900
173 926
173 954
173 953
173 950
173 949
173 946
173 942
173 939
173 935
173 932
173 919
173 1018
173 914
173 911
173 910
173 909
173 908
173 906
173 905
173 904
173 903
173 955
173 957
173 959
173 963
173 1016
173 1015
173 1012
173 1011
173 1010
173 1003
173 1002
173 997
173 995
173 993
173 983
173 979
173 976
173 973
173 972
173 971
173 970
173 969
173 968
173 1132
173 1135
173 1136
173 1288
173 1313
173 1311
173 1308
173 1307
173 1305
173 1303
173 1302
173 1299
173 1293
173 1285
173 1139
173 1284
173 1278
173 1277
173 1275
173 1274
173 1269
173 1267
173 1257
173 1253
173 1314
173 1315
173 1319
173 1326
173 1396
173 1395
173 1378
173 1376
173 1372
173 1369
173 1364
173 1359
173 1355
173 1351
173 1348
173 1345
173 1338
173 1337
173 1335
173 1331
173 1330
173 1329
173 1327
173 1252
173 1249
173 1247
173 1169
173 1167
173 1166
173 1165
173 1164
173 1161
173 1160
173 1159
173 1158
173 1157
173 1156
173 1155
173 1153
173 1151
173 1150
173 1149
173 1146
173 1144
173 1143
173 1142
173 1168
173 1170
173 1243
173 1176
173 1241
173 1239
173 1237
173 1230
173 1229
173 1228
173 1227
173 1226
173 1215
173 1213
173 1212
173 1211
173 1209
173 1206
173 1203
173 1202
173 1189
173 1187
173 1177
173 902
173 899
173 387
173 554
173 577
173 576
173 574
173 573
173 572
173 561
173 558
173 556
173 555
173 552
173 529
173 550
173 549
173 547
173 545
173 544
173 541
173 536
173 534
173 533
173 578
173 581
173 588
173 589
173 643
173 642
173 640
173 632
173 629
173 625
173 623
173 621
173 617
173 612
173 610
173 609
173 608
173 607
173 605
173 604
173 603
173 595
173 590
173 531
173 526
173 897
173 420
173 440
173 439
173 438
173 437
173 436
173 431
173 430
173 429
173 423
173 419
173 524
173 412
173 409
173 407
173 406
173 405
173 402
173 397
173 392
173 391
173 443
173 444
173 445
173 450
173 519
173 517
173 514
173 513
173 511
173 510
173 508
173 505
173 502
173 495
173 491
173 487
173 484
173 483
173 481
173 480
173 477
173 471
173 464
173 649
173 653
173 657
173 816
173 840
173 835
173 834
173 825
173 823
173 821
173 820
173 819
173 818
173 810
173 664
173 808
173 807
173 805
173 804
173 801
173 800
173 799
173 796
173 795
173 846
173 847
173 855
173 858
173 895
173 893
173 892
173 891
173 890
173 886
173 885
173 882
173 881
173 880
173 879
173 877
173 876
173 870
173 867
173 866
173 865
173 864
173 860
173 794
173 793
173 791
173 718
173 714
173 711
173 710
173 707
173 706
173 696
173 695
173 694
173 693
173 692
173 690
173 687
173 686
173 684
173 679
173 672
173 670
173 669
173 667
173 716
173 721
173 787
173 722
173 786
173 778
173 776
173 774
173 769
173 764
173 757
173 754
173 753
173 751
173 750
173 747
173 742
173 740
173 729
173 728
173 726
173 725
173 723
173 1
