174 483
174 411
174 501
174 523
174 1157
174 1319
174 1274
174 35
174 1390
174 533
174 1151
174 482
174 1264
174 1389
174 1257
174 369
174 1140
174 1156
174 1377
174 1198
174 1216
174 572
174 439
174 178
174 37
174 1258
174 679
174 1204
174 983
174 1007
174 1314
174 25
174 684
174 789
174 654
174 58
174 1327
174 186
174 1231
174 609
174 291
174 552
174 802
174 630
174 93
174 329
174 811
174 667
174 190
174 160
174 72
174 182
174 568
174 1317
174 334
174 1189
174 1284
174 345
174 524
174 228
174 784
174 929
174 656
174 947
174 8
174 794
174 1179
174 293
174 175
174 170
174 1286
174 1063
174 805
174 1238
174 1121
174 1383
174 1161
174 1248
174 462
174 161
174 295
174 383
174 754
174 706
174 839
174 328
174 211
174 69
174 800
174 998
174 272
174 743
174 304
174 193
174 263
174 276
174 1300
174 1245
174 504
174 1191
174 123
174 230
174 616
174 1394
174 1118
174 803
174 490
174 150
174 1083
174 1228
174 71
174 1313
174 308
174 323
174 617
174 598
174 663
174 705
174 148
174 1312
174 115
174 797
174 1396
174 557
174 1044
174 906
174 68
174 358
174 1122
174 1203
174 1263
174 438
174 294
174 748
174 96
174 204
174 410
174 367
174 1287
174 1336
174 205
174 1184
174 1303
174 317
174 19
174 155
174 1107
174 1211
174 757
174 1202
174 1318
174 201
174 385
174 335
174 903
174 1290
174 467
174 1315
174 1364
174 665
174 1017
174 868
174 270
174 1051
174 290
174 1276
174 484
174 848
174 730
174 256
174 218
174 1208
174 809
174 1239
174 1187
174 798
174 124
174 1119
174 1268
174 943
174 764
174 1181
174 1045
174 925
174 813
174 1183
174 875
174 1301
174 1369
174 651
174 828
174 1298
174 116
174 946
174 384
174 234
174 731
174 171
174 1310
174 1234
174 265
174 1158
174 64
174 569
174 866
174 804
174 810
174 1395
174 435
174 441
174 721
174 781
174 891
174 626
174 1143
174 347
174 977
174 520
174 386
174 63
174 590
174 311
174 677
174 974
174 489
174 1182
174 1392
174 541
174 779
174 527
174 403
174 402
174 549
174 232
174 289
174 595
174 932
174 907
174 1188
174 619
174 615
174 470
174 109
174 889
174 162
174 1165
174 1174
174 1186
174 142
174 785
174 127
174 1101
174 575
174 1252
174 934
174 1230
174 517
174 251
174 570
174 895
174 566
174 2
174 202
174 548
174 635
174 194
174 461
174 670
174 213
174 776
174 79
174 397
174 496
174 1337
174 300
174 1232
174 360
174 421
174 1102
174 812
174 896
174 267
174 128
174 305
174 74
174 636
174 173
174 567
174 1057
174 554
174 749
174 843
174 715
174 110
174 415
174 469
174 216
174 1190
174 38
174 790
174 131
174 975
174 73
174 1281
174 1192
174 1056
174 1309
174 419
174 1197
174 1213
174 1047
174 46
174 976
174 783
174 900
174 1018
174 495
174 1078
174 989
174 697
174 476
174 48
174 710
174 688
174 556
174 1265
174 564
174 1342
174 364
174 1116
174 1084
174 877
174 631
174 1090
174 223
174 443
174 456
174 586
174 652
174 281
174 132
174 340
174 692
174 401
174 612
174 919
174 425
174 1114
174 65
174 526
174 144
174 733
174 198
174 644
174 576
174 1330
174 341
174 337
174 398
174 135
174 1316
174 322
174 1195
174 1196
174 928
174 167
174 807
174 191
174 689
174 121
174 1379
174 372
174 725
174 492
174 1042
174 262
174 1040
174 381
174 607
174 226
174 515
174 547
174 373
174 221
174 1111
174 318
174 1356
174 836
174 76
174 829
174 172
174 865
174 1091
174 628
174 1019
174 1194
174 708
174 714
174 940
174 660
174 950
174 594
174 1088
174 614
174 993
174 217
174 966
174 181
174 856
174 808
174 1205
174 1145
174 17
174 502
174 1104
174 793
174 1391
174 1026
174 282
174 229
174 1021
174 1138
174 233
174 647
174 459
174 735
174 1043
174 905
174 177
174 149
174 687
174 961
174 1267
174 254
174 1321
174 1077
174 908
174 219
174 1235
174 1381
174 40
174 1168
174 935
174 16
174 454
174 104
174 728
174 1222
174 283
174 126
174 1256
174 371
174 1297
174 1011
174 882
174 1225
174 151
174 475
174 192
174 1098
174 1399
174 1367
174 42
174 942
174 1400
174 1125
174 736
174 755
174 278
174 252
174 388
174 838
174 1329
174 893
174 60
174 1227
174 390
174 108
174 1296
174 1375
174 602
174 792
174 1175
174 739
174 1280
174 791
174 857
174 826
174 965
174 767
174 709
174 404
174 446
174 1133
174 1351
174 1339
174 967
174 613
174 1153
174 1171
174 417
174 847
174 1247
174 165
174 1299
174 720
174 1212
174 1092
174 253
174 176
174 1269
174 84
174 119
174 246
174 1006
174 366
174 206
174 1079
174 831
174 1378
174 78
174 365
174 854
174 1065
174 822
174 292
174 47
174 867
174 1270
174 637
174 516
174 673
174 951
174 1123
174 273
174 1209
174 806
174 518
174 159
174 1307
174 414
174 884
174 874
174 782
174 577
174 1081
174 1058
174 185
174 817
174 863
174 853
174 1150
174 990
174 503
174 113
174 1137
174 1199
174 1380
174 422
174 897
174 801
174 1164
174 1103
174 440
174 1097
174 780
174 659
174 187
174 1240
174 209
174 315
174 639
174 105
174 933
174 101
174 288
174 15
174 1224
174 1041
174 1159
174 152
174 1027
174 860
174 264
174 487
174 244
174 92
174 1278
174 1237
174 753
174 180
174 4
174 666
174 1105
174 1110
174 971
174 301
174 704
174 75
174 1333
174 452
174 1024
174 939
174 917
174 956
174 319
174 799
174 664
174 423
174 1218
174 242
174 473
174 368
174 498
174 494
174 1134
174 1387
174 379
174 1082
174 94
174 245
174 50
174 641
174 788
174 297
174 979
174 1106
174 649
174 416
174 883
174 560
174 1130
174 1241
174 432
174 1229
174 1374
174 890
174 1015
174 1334
174 1117
174 916
174 1340
174 621
174 1273
174 1200
174 1236
174 296
174 45
174 196
174 640
174 112
174 408
174 959
174 1162
174 814
174 588
174 169
174 852
174 346
174 538
174 1295
174 949
174 426
174 207
174 493
174 103
174 1089
174 555
174 309
174 1053
174 1029
174 559
174 400
174 1067
174 1370
174 195
174 529
174 448
174 696
174 1010
174 154
174 1050
174 699
174 824
174 197
174 1035
174 881
174 310
174 694
174 740
174 1062
174 210
174 488
174 1037
174 579
174 406
174 1397
174 750
174 601
174 1136
174 756
174 1154
174 1163
174 20
174 1028
174 1279
174 1359
174 257
174 574
174 542
174 761
174 678
174 1169
174 729
174 243
174 844
174 1338
174 97
174 902
174 505
174 513
174 349
174 658
174 987
174 344
174 1322
174 693
174 1126
174 741
174 1148
174 455
174 582
174 458
174 732
174 1353
174 707
174 1054
174 1326
174 449
174 1262
174 686
174 433
174 861
174 571
174 845
174 825
174 991
174 887
174 525
174 307
174 1210
174 1288
174 466
174 922
174 499
174 1260
174 359
174 6
174 1072
174 279
174 141
174 918
174 988
174 1246
174 9
174 530
174 944
174 1031
174 413
174 583
174 299
174 427
174 675
174 819
174 174
174 818
174 563
174 249
174 851
174 766
174 36
174 1061
174 306
174 1055
174 1254
174 99
174 546
174 100
174 742
174 1112
174 1354
174 380
174 189
174 1271
174 200
174 1226
174 1304
174 960
174 611
174 500
174 156
174 1129
174 926
174 86
174 1291
174 287
174 33
174 653
174 589
174 208
174 816
174 52
174 827
174 712
174 536
174 1259
174 765
174 777
174 1302
174 605
174 247
174 738
174 118
174 184
174 370
174 625
174 620
174 1363
174 985
174 1385
174 133
174 428
174 553
174 1002
174 982
174 1207
174 1144
174 734
174 1366
174 314
174 222
174 719
174 1251
174 948
174 830
174 89
174 83
174 1294
174 53
174 1372
174 237
174 332
174 980
174 927
174 32
174 212
174 54
174 1214
174 565
174 125
174 66
174 722
174 357
174 1113
174 375
174 395
174 1059
174 34
174 1352
174 599
174 1034
174 146
174 1289
174 1382
174 29
174 622
174 1343
174 157
174 727
174 486
174 996
174 138
174 168
174 701
174 624
174 992
174 1250
174 837
174 129
174 859
174 1373
174 962
174 140
174 164
174 522
174 695
174 869
174 717
174 1325
174 1201
174 130
174 21
174 18
174 199
174 14
174 338
174 203
174 122
174 343
174 342
174 120
174 339
174 10
174 348
174 179
174 158
174 3
174 163
174 166
174 5
174 153
174 147
174 363
174 145
174 362
174 361
174 7
174 143
174 356
174 134
174 355
174 188
174 354
174 353
174 139
174 352
174 11
174 351
174 12
174 137
174 350
174 13
174 136
174 22
174 285
174 23
174 82
174 260
174 77
174 44
174 259
174 258
174 80
174 255
174 81
174 302
174 39
174 303
174 250
174 248
174 43
174 41
174 85
174 87
174 241
174 298
174 261
174 266
174 268
174 284
174 55
174 56
174 57
174 280
174 277
174 59
174 275
174 274
174 51
174 49
174 61
174 62
174 67
174 271
174 269
174 70
174 240
174 239
174 336
174 27
174 324
174 325
174 326
174 327
174 106
174 28
174 215
174 107
174 330
174 238
174 26
174 331
174 214
174 333
174 111
174 114
174 24
174 117
174 286
174 30
174 220
174 31
174 88
174 312
174 313
174 236
174 316
174 235
174 90
174 91
174 95
174 231
174 320
174 98
174 227
174 225
174 224
174 321
174 102
174 183
174 700
174 374
174 1014
174 1036
174 1033
174 1032
174 1030
174 1025
174 1023
174 1022
174 1020
174 1016
174 1013
174 880
174 1012
174 1009
174 1008
174 1005
174 1004
174 1003
174 1001
174 1000
174 999
174 1038
174 1039
174 1046
174 1048
174 1094
174 1093
174 1087
174 1086
174 1085
174 1080
174 1076
174 1075
174 1074
174 1073
174 1071
174 1070
174 1069
174 1068
174 1066
174 1064
174 1060
174 1052
174 1049
174 997
174 995
174 994
174 931
174 924
174 923
174 921
174 920
174 915
174 914
174 913
174 912
174 911
174 910
174 909
174 904
174 901
174 899
174 898
174 894
174 892
174 888
174 886
174 930
174 936
174 986
174 937
174 984
174 981
174 978
174 973
174 972
174 970
174 969
174 968
174 964
174 963
174 958
174 957
174 955
174 954
174 953
174 952
174 945
174 941
174 938
174 1095
174 1096
174 1099
174 1344
174 1335
174 1332
174 1331
174 1328
174 1324
174 1323
174 1320
174 1311
174 1308
174 1306
174 1305
174 1293
174 1292
174 1285
174 1283
174 1282
174 1277
174 1275
174 1272
174 1341
174 1345
174 1261
174 1346
174 1398
174 1393
174 1388
174 1386
174 1384
174 1376
174 1371
174 1368
174 1365
174 1362
174 1361
174 1360
174 1358
174 1357
174 1355
174 1350
174 1349
174 1348
174 1347
174 1266
174 1255
174 1100
174 1167
174 1160
174 1155
174 1152
174 1149
174 1147
174 1146
174 1142
174 1141
174 1139
174 1135
174 1132
174 1131
174 1128
174 1127
174 1124
174 1120
174 1115
174 1109
174 1108
174 1166
174 1170
174 1253
174 1172
174 1249
174 1244
174 1243
174 1242
174 1233
174 1223
174 1221
174 1220
174 1219
174 1217
174 1215
174 1206
174 1193
174 1185
174 1180
174 1178
174 1177
174 1176
174 1173
174 885
174 879
174 376
174 519
174 540
174 539
174 537
174 535
174 534
174 532
174 531
174 528
174 521
174 514
174 878
174 512
174 511
174 510
174 509
174 508
174 507
174 506
174 497
174 491
174 543
174 544
174 545
174 550
174 604
174 603
174 600
174 597
174 596
174 593
174 592
174 591
174 587
174 585
174 584
174 581
174 580
174 578
174 573
174 562
174 561
174 558
174 551
174 485
174 481
174 480
174 431
174 429
174 424
174 420
174 418
174 412
174 409
174 407
174 405
174 399
174 396
174 394
174 393
174 392
174 391
174 389
174 387
174 382
174 378
174 377
174 430
174 434
174 479
174 436
174 478
174 477
174 474
174 472
174 471
174 468
174 465
174 464
174 463
174 460
174 457
174 453
174 451
174 450
174 447
174 445
174 444
174 442
174 437
174 606
174 608
174 610
174 820
174 796
174 795
174 787
174 786
174 778
174 775
174 774
174 773
174 772
174 771
174 770
174 769
174 768
174 763
174 762
174 760
174 759
174 758
174 752
174 815
174 821
174 747
174 823
174 876
174 873
174 872
174 871
174 870
174 864
174 862
174 858
174 855
174 850
174 849
174 846
174 842
174 841
174 840
174 835
174 834
174 833
174 832
174 751
174 746
174 618
174 672
174 669
174 668
174 662
174 661
174 657
174 655
174 650
174 648
174 646
174 645
174 643
174 642
174 638
174 634
174 633
174 632
174 629
174 627
174 623
174 671
174 674
174 745
174 676
174 744
174 737
174 726
174 724
174 723
174 718
174 716
174 713
174 711
174 703
174 702
174 698
174 691
174 690
174 685
174 683
174 682
174 681
174 680
174 1
