175 941
175 1221
175 139
175 491
175 668
175 666
175 238
175 1082
175 1078
175 1222
175 1080
175 270
175 413
175 34
175 670
175 1256
175 710
175 1394
175 9
175 430
175 351
175 537
175 112
175 1191
175 417
175 630
175 53
175 966
175 604
175 1395
175 315
175 1081
175 965
175 530
175 1007
175 550
175 504
175 1264
175 387
175 197
175 1381
175 206
175 254
175 949
175 690
175 184
175 228
175 776
175 10
175 1367
175 361
175 338
175 667
175 534
175 372
175 33
175 415
175 1084
175 519
175 657
175 1083
175 712
175 959
175 147
175 242
175 1076
175 793
175 189
175 117
175 272
175 1322
175 186
175 1302
175 19
175 487
175 1229
175 212
175 43
175 466
175 79
175 816
175 240
175 971
175 294
175 675
175 755
175 347
175 1349
175 343
175 607
175 346
175 203
175 672
175 689
175 1040
175 50
175 165
175 1212
175 919
175 939
175 1188
175 671
175 328
175 123
175 63
175 748
175 895
175 149
175 861
175 663
175 1010
175 115
175 1159
175 360
175 70
175 964
175 992
175 1351
175 182
175 188
175 7
175 423
175 257
175 564
175 179
175 993
175 187
175 1215
175 171
175 49
175 376
175 798
175 134
175 794
175 970
175 55
175 80
175 1239
175 1300
175 316
175 1258
175 222
175 1373
175 96
175 1378
175 979
175 800
175 1107
175 566
175 223
175 54
175 1203
175 1152
175 299
175 1205
175 1374
175 526
175 1315
175 1263
175 371
175 996
175 266
175 196
175 205
175 145
175 1353
175 183
175 880
175 109
175 199
175 1146
175 345
175 1354
175 792
175 37
175 610
175 1085
175 1218
175 133
175 662
175 535
175 122
175 207
175 1198
175 1328
175 1274
175 994
175 73
175 25
175 1313
175 1284
175 1319
175 1393
175 757
175 1195
175 125
175 624
175 225
175 312
175 632
175 1310
175 867
175 314
175 1355
175 120
175 1324
175 1115
175 28
175 602
175 304
175 775
175 916
175 656
175 339
175 799
175 567
175 779
175 702
175 514
175 103
175 696
175 505
175 174
175 1211
175 1360
175 687
175 1231
175 398
175 220
175 694
175 218
175 651
175 208
175 569
175 261
175 575
175 389
175 1281
175 128
175 439
175 214
175 770
175 576
175 579
175 1323
175 780
175 76
175 917
175 1157
175 1336
175 660
175 1391
175 740
175 141
175 719
175 742
175 193
175 918
175 443
175 3
175 571
175 440
175 45
175 86
175 976
175 1075
175 522
175 808
175 200
175 98
175 812
175 481
175 1006
175 89
175 469
175 817
175 1190
175 23
175 306
175 352
175 467
175 211
175 255
175 1223
175 1214
175 975
175 428
175 1273
175 516
175 536
175 898
175 310
175 177
175 1068
175 48
175 245
175 335
175 1242
175 1356
175 998
175 947
175 759
175 1257
175 414
175 1309
175 493
175 1236
175 972
175 124
175 375
175 713
175 232
175 244
175 1233
175 881
175 442
175 359
175 329
175 97
175 1105
175 1228
175 457
175 669
175 1254
175 84
175 383
175 570
175 578
175 609
175 483
175 541
175 560
175 1009
175 1153
175 340
175 1268
175 1292
175 1249
175 88
175 572
175 470
175 74
175 198
175 1341
175 1226
175 565
175 677
175 577
175 600
175 455
175 874
175 701
175 1386
175 1187
175 999
175 1046
175 589
175 110
175 1364
175 1210
175 597
175 588
175 815
175 175
175 771
175 1216
175 309
175 661
175 161
175 400
175 230
175 646
175 593
175 227
175 1098
175 709
175 370
175 797
175 486
175 608
175 774
175 453
175 21
175 311
175 1160
175 229
175 1278
175 56
175 636
175 59
175 520
175 503
175 540
175 1224
175 814
175 1047
175 872
175 1154
175 441
175 1143
175 62
175 393
175 204
175 833
175 404
175 612
175 269
175 796
175 903
175 714
175 451
175 373
175 631
175 287
175 1316
175 1272
175 1385
175 364
175 433
175 57
175 248
175 4
175 900
175 1262
175 129
175 1390
175 901
175 99
175 185
175 342
175 268
175 545
175 22
175 511
175 8
175 160
175 1320
175 987
175 1282
175 1245
175 1149
175 962
175 395
175 683
175 148
175 922
175 1054
175 437
175 1058
175 990
175 1237
175 154
175 1383
175 878
175 427
175 1275
175 1179
175 472
175 649
175 379
175 95
175 554
175 259
175 297
175 708
175 138
175 803
175 456
175 173
175 434
175 391
175 629
175 705
175 300
175 213
175 132
175 562
175 1169
175 118
175 1250
175 81
175 1074
175 1227
175 155
175 761
175 915
175 764
175 633
175 555
175 498
175 151
175 262
175 1151
175 93
175 35
175 1158
175 18
175 1244
175 288
175 634
175 984
175 285
175 386
175 167
175 332
175 1286
175 1104
175 47
175 474
175 924
175 349
175 460
175 303
175 1181
175 464
175 202
175 421
175 101
175 1343
175 52
175 1371
175 1204
175 1338
175 326
175 394
175 119
175 494
175 1182
175 243
175 625
175 527
175 121
175 217
175 490
175 385
175 892
175 1325
175 39
175 1307
175 686
175 278
175 697
175 515
175 468
175 700
175 142
175 1106
175 507
175 305
175 603
175 298
175 1200
175 1095
175 180
175 706
175 236
175 638
175 583
175 791
175 318
175 58
175 665
175 313
175 1184
175 1253
175 574
175 991
175 26
175 1232
175 1377
175 273
175 1267
175 307
175 784
175 1013
175 94
175 1139
175 751
175 246
175 1301
175 252
175 146
175 870
175 806
175 1230
175 1062
175 2
175 626
175 418
175 693
175 282
175 1248
175 1142
175 637
175 363
175 618
175 406
175 1144
175 382
175 967
175 857
175 446
175 1295
175 296
175 801
175 407
175 692
175 1225
175 525
175 333
175 201
175 17
175 377
175 341
175 921
175 1125
175 106
175 126
175 653
175 27
175 733
175 760
175 896
175 234
175 989
175 1189
175 431
175 274
175 539
175 69
175 652
175 216
175 1339
175 324
175 590
175 606
175 388
175 773
175 191
175 60
175 105
175 325
175 258
175 685
175 679
175 1194
175 659
175 344
175 1283
175 1155
175 592
175 420
175 549
175 135
175 1289
175 961
175 82
175 348
175 38
175 645
175 1347
175 40
175 1110
175 265
175 1089
175 914
175 1241
175 452
175 920
175 500
175 720
175 1108
175 410
175 557
175 997
175 239
175 29
175 64
175 927
175 127
175 473
175 1066
175 1001
175 946
175 809
175 277
175 1234
175 1180
175 308
175 538
175 465
175 369
175 1000
175 546
175 317
175 1280
175 904
175 544
175 968
175 1002
175 356
175 1238
175 1061
175 521
175 264
175 1114
175 231
175 1287
175 556
175 450
175 445
175 1357
175 1247
175 1259
175 1148
175 267
175 495
175 926
175 1220
175 531
175 226
175 601
175 302
175 746
175 1025
175 322
175 458
175 772
175 802
175 116
175 1193
175 902
175 485
175 820
175 533
175 1186
175 1235
175 945
175 1297
175 1065
175 1156
175 988
175 482
175 785
175 1035
175 826
175 783
175 680
175 1073
175 622
175 684
175 910
175 846
175 170
175 87
175 873
175 1306
175 1140
175 1255
175 635
175 61
175 319
175 721
175 818
175 781
175 1375
175 913
175 1213
175 795
175 459
175 963
175 563
175 178
175 408
175 676
175 131
175 166
175 1321
175 856
175 210
175 894
175 1382
175 41
175 1112
175 401
175 280
175 786
175 172
175 1304
175 1165
175 825
175 411
175 1399
175 559
175 948
175 454
175 156
175 24
175 1003
175 1246
175 682
175 1266
175 190
175 1369
175 1014
175 640
175 143
175 292
175 337
175 192
175 241
175 1270
175 858
175 906
175 523
175 1330
175 1072
175 366
175 847
175 224
175 435
175 365
175 1290
175 1209
175 884
175 1352
175 1141
175 378
175 256
175 513
175 691
175 977
175 591
175 1008
175 942
175 283
175 85
175 986
175 730
175 426
175 46
175 91
175 323
175 769
175 704
175 681
175 449
175 805
175 501
175 102
175 674
175 807
175 14
175 1388
175 1086
175 358
175 144
175 1370
175 1124
175 475
175 354
175 889
175 1296
175 1312
175 237
175 766
175 980
175 422
175 221
175 973
175 77
175 1368
175 655
175 568
175 983
175 529
175 860
175 1269
175 1183
175 1342
175 381
175 750
175 623
175 1132
175 461
175 673
175 1147
175 176
175 444
175 1318
175 330
175 940
175 295
175 327
175 1096
175 1400
175 30
175 789
175 1202
175 611
175 159
175 981
175 561
175 1004
175 1077
175 843
175 688
175 1288
175 497
175 1337
175 1260
175 6
175 587
175 944
175 547
175 695
175 605
175 876
175 738
175 1365
175 933
175 36
175 16
175 573
175 1119
175 528
175 496
175 1335
175 1379
175 380
175 402
175 1366
175 960
175 1
175 711
175 828
175 1294
175 1093
175 749
175 1372
175 169
175 508
175 489
175 627
175 1332
175 477
175 756
175 754
175 943
175 1334
175 150
175 247
175 934
175 1128
175 1113
175 628
175 542
175 599
175 1088
175 1265
175 985
175 1303
175 790
175 1207
175 974
175 78
175 1251
175 899
175 152
175 699
175 51
175 488
175 1326
175 1252
175 334
175 753
175 1024
175 1097
175 837
175 1392
175 416
175 72
175 811
175 859
175 658
175 907
175 1064
175 157
175 289
175 1261
175 827
175 44
175 164
175 1164
175 484
175 1277
175 1166
175 499
175 767
175 83
175 869
175 1201
175 162
175 1094
175 209
175 158
175 1026
175 1029
175 1099
175 1100
175 1028
175 1027
175 1050
175 1101
175 1117
175 1019
175 140
175 1020
175 1120
175 219
175 1021
175 1118
175 1116
175 153
175 1022
175 1111
175 1023
175 1109
175 1103
175 163
175 215
175 1102
175 168
175 1030
175 1059
175 181
175 1044
175 195
175 194
175 1045
175 1060
175 1048
175 1057
175 1067
175 1056
175 1055
175 1053
175 1052
175 1051
175 1122
175 1049
175 1063
175 1043
175 1092
175 1037
175 1091
175 1031
175 1032
175 1033
175 1034
175 1036
175 1090
175 1038
175 1042
175 1087
175 1079
175 1071
175 1039
175 1070
175 1069
175 1041
175 1121
175 108
175 137
175 1305
175 1340
175 1333
175 42
175 1331
175 1329
175 1327
175 1317
175 1314
175 1311
175 1308
175 1299
175 1345
175 1298
175 1293
175 1291
175 1285
175 1279
175 65
175 66
175 67
175 68
175 1276
175 1344
175 1346
175 71
175 1380
175 1398
175 1397
175 1396
175 5
175 1389
175 1387
175 1384
175 11
175 12
175 13
175 15
175 32
175 1376
175 20
175 1363
175 1362
175 1361
175 1359
175 1358
175 1350
175 1348
175 31
175 1271
175 75
175 136
175 1137
175 111
175 1167
175 113
175 114
175 1163
175 1162
175 1161
175 1150
175 1145
175 1138
175 1136
175 1170
175 1135
175 1134
175 1133
175 1131
175 1130
175 130
175 1129
175 1127
175 1126
175 1123
175 1168
175 1017
175 1243
175 1192
175 1240
175 1219
175 1217
175 1208
175 1206
175 90
175 1199
175 92
175 1197
175 1196
175 1185
175 107
175 1178
175 1177
175 1176
175 100
175 1175
175 1174
175 1173
175 104
175 1172
175 1171
175 1018
175 506
175 1016
175 722
175 729
175 399
175 728
175 727
175 403
175 726
175 405
175 725
175 724
175 723
175 409
175 718
175 396
175 412
175 717
175 716
175 715
175 707
175 419
175 703
175 698
175 424
175 425
175 678
175 397
175 731
175 429
175 747
175 778
175 777
175 768
175 367
175 368
175 765
175 763
175 762
175 758
175 374
175 752
175 745
175 732
175 744
175 743
175 384
175 741
175 739
175 737
175 736
175 390
175 735
175 392
175 734
175 664
175 654
175 782
175 552
175 584
175 582
175 581
175 580
175 471
175 558
175 553
175 476
175 478
175 479
175 480
175 551
175 586
175 548
175 543
175 532
175 492
175 524
175 518
175 517
175 512
175 510
175 509
175 502
175 585
175 463
175 432
175 620
175 650
175 648
175 647
175 436
175 644
175 438
175 643
175 642
175 641
175 639
175 621
175 447
175 462
175 448
175 619
175 617
175 616
175 615
175 614
175 613
175 598
175 596
175 595
175 594
175 362
175 787
175 1015
175 276
175 931
175 930
175 929
175 928
175 925
175 923
175 271
175 912
175 911
175 909
175 275
175 908
175 263
175 279
175 905
175 281
175 897
175 284
175 893
175 286
175 891
175 890
175 290
175 291
175 932
175 260
175 293
175 956
175 1012
175 1011
175 1005
175 995
175 982
175 233
175 235
175 978
175 969
175 958
175 957
175 955
175 935
175 954
175 953
175 952
175 951
175 249
175 250
175 251
175 253
175 938
175 937
175 936
175 888
175 887
175 788
175 829
175 840
175 839
175 838
175 331
175 836
175 835
175 336
175 834
175 832
175 831
175 830
175 824
175 842
175 823
175 822
175 821
175 819
175 813
175 350
175 810
175 353
175 804
175 355
175 357
175 841
175 844
175 886
175 864
175 885
175 883
175 882
175 879
175 877
175 301
175 875
175 871
175 868
175 866
175 865
175 863
175 845
175 862
175 855
175 854
175 853
175 852
175 851
175 850
175 849
175 320
175 321
175 848
175 950
