176 963
176 542
176 1073
176 5
176 606
176 1221
176 981
176 978
176 509
176 497
176 944
176 869
176 586
176 872
176 339
176 6
176 1375
176 1100
176 159
176 666
176 160
176 301
176 1207
176 467
176 570
176 399
176 1248
176 500
176 30
176 495
176 654
176 395
176 1185
176 587
176 1183
176 153
176 667
176 1098
176 784
176 581
176 260
176 962
176 571
176 181
176 307
176 670
176 1192
176 767
176 585
176 777
176 407
176 584
176 93
176 966
176 990
176 435
176 164
176 535
176 369
176 485
176 111
176 269
176 28
176 396
176 1161
176 1263
176 1366
176 145
176 639
176 267
176 473
176 537
176 479
176 61
176 668
176 1393
176 707
176 582
176 1246
176 49
176 1182
176 1222
176 264
176 461
176 398
176 306
176 322
176 1200
176 546
176 305
176 1236
176 498
176 980
176 119
176 1083
176 982
176 1061
176 475
176 470
176 1087
176 1107
176 965
176 98
176 559
176 379
176 985
176 1016
176 81
176 158
176 765
176 292
176 304
176 354
176 1361
176 72
176 580
176 54
176 754
176 131
176 302
176 408
176 144
176 155
176 1108
176 95
176 1047
176 122
176 230
176 1392
176 547
176 476
176 120
176 1389
176 273
176 321
176 421
176 648
176 193
176 1327
176 66
176 853
176 941
176 387
176 149
176 836
176 539
176 73
176 1043
176 551
176 352
176 662
176 1058
176 1297
176 85
176 645
176 1077
176 34
176 454
176 375
176 734
176 460
176 550
176 594
176 101
176 1014
176 329
176 494
176 1055
176 1386
176 424
176 117
176 1258
176 422
176 1231
176 342
176 459
176 689
176 1063
176 704
176 180
176 4
176 1148
176 1219
176 1370
176 1194
176 579
176 1072
176 1179
176 294
176 572
176 1245
176 478
176 661
176 1086
176 492
176 1394
176 298
176 573
176 343
176 410
176 518
176 15
176 13
176 318
176 350
176 1054
176 644
176 623
176 760
176 268
176 493
176 50
176 404
176 208
176 1181
176 62
176 283
176 314
176 1159
176 1076
176 1213
176 1352
176 926
176 527
176 736
176 168
176 337
176 258
176 1294
176 775
176 1368
176 789
176 297
176 325
176 1225
176 702
176 349
176 861
176 112
176 12
176 299
176 23
176 1065
176 660
176 553
176 458
176 274
176 1002
176 1106
176 276
176 677
176 1214
176 611
176 843
176 1037
176 1322
176 320
176 463
176 1336
176 425
176 489
176 635
176 655
176 353
176 1013
176 873
176 814
176 1382
176 1138
176 186
176 1129
176 55
176 231
176 191
176 565
176 68
176 940
176 364
176 1307
176 82
176 1328
176 91
176 104
176 24
176 1238
176 266
176 641
176 486
176 44
176 1084
176 731
176 336
176 652
176 1309
176 477
176 206
176 653
176 1137
176 891
176 303
176 1029
176 989
176 628
176 1337
176 889
176 1346
176 483
176 378
176 328
176 1178
176 481
176 1295
176 1224
176 945
176 1105
176 988
176 1184
176 564
176 1348
176 1384
176 1253
176 365
176 184
176 554
176 1110
176 967
176 1281
176 1285
176 360
176 522
176 916
176 270
176 102
176 566
176 730
176 934
176 1377
176 428
176 47
176 831
176 381
176 575
176 300
176 1140
176 277
176 174
176 33
176 35
176 450
176 1197
176 983
176 682
176 1320
176 142
176 1198
176 524
176 27
176 786
176 21
176 752
176 515
176 770
176 745
176 540
176 1362
176 1085
176 366
176 437
176 1191
176 1019
176 1240
176 1152
176 616
176 1395
176 541
176 201
176 1078
176 523
176 51
176 780
176 1274
176 1330
176 1056
176 1293
176 555
176 1059
176 959
176 1241
176 341
176 1235
176 1312
176 917
176 289
176 309
176 1250
176 1012
176 613
176 87
176 1383
176 1081
176 1319
176 735
176 295
176 1365
176 438
176 1074
176 1147
176 1041
176 412
176 370
176 649
176 1260
176 89
176 659
176 347
176 263
176 255
176 496
176 1015
176 1193
176 169
176 135
176 246
176 788
176 128
176 809
176 507
176 110
176 987
176 247
176 1261
176 728
176 1257
176 232
176 1251
176 499
176 1052
176 738
176 447
176 400
176 84
176 107
176 115
176 852
176 630
176 1385
176 1390
176 348
176 1006
176 607
176 132
176 1097
176 708
176 923
176 1082
176 1040
176 1306
176 373
176 912
176 1089
176 1104
176 557
176 1262
176 750
176 627
176 60
176 1053
176 242
176 442
176 829
176 310
176 338
176 45
176 221
176 198
176 874
176 1149
176 1079
176 88
176 22
176 877
176 629
176 1206
176 1397
176 154
176 1234
176 717
176 703
176 719
176 1088
176 664
176 1273
176 1133
176 52
176 414
176 620
176 1136
176 604
176 538
176 433
176 406
176 823
176 436
176 1109
176 1099
176 656
176 591
176 118
176 1303
176 1186
176 248
176 1324
176 356
176 240
176 166
176 94
176 651
176 783
176 472
176 525
176 37
176 124
176 977
176 157
176 1268
176 1387
176 593
176 78
176 197
176 1373
176 695
176 669
176 1333
176 229
176 1289
176 1233
176 323
176 1180
176 1349
176 1354
176 234
176 1003
176 1338
176 957
176 188
176 1288
176 532
176 907
176 1223
176 394
176 457
176 647
176 676
176 1360
176 392
176 920
176 1342
176 1226
176 665
176 1199
176 1050
176 1282
176 123
176 1326
176 746
176 1070
176 851
176 952
176 1254
176 351
176 29
176 179
176 1232
176 748
176 860
176 501
176 1344
176 474
176 1374
176 1177
176 16
176 1187
176 903
176 865
176 1044
176 372
176 1290
176 36
176 756
176 761
176 1009
176 332
176 165
176 974
176 390
176 1343
176 758
176 1259
176 837
176 59
176 434
176 1264
176 603
176 1249
176 802
176 20
176 453
176 1300
176 1096
176 466
176 445
176 1279
176 833
176 1123
176 287
176 77
176 451
176 281
176 1280
176 1095
176 678
176 1340
176 633
176 1276
176 1004
176 1318
176 1210
176 787
176 19
176 1310
176 259
176 185
176 1265
176 929
176 207
176 840
176 715
176 986
176 1396
176 530
176 560
176 520
176 905
176 984
176 608
176 1217
176 921
176 1339
176 996
176 924
176 1355
176 319
176 391
176 401
176 1112
176 452
176 167
176 217
176 90
176 1204
176 333
176 832
176 393
176 776
176 901
176 223
176 1202
176 826
176 1066
176 1135
176 1208
176 759
176 785
176 1335
176 403
176 1091
176 371
176 402
176 189
176 646
176 380
176 1032
176 1157
176 712
176 855
176 32
176 74
176 446
176 997
176 762
176 108
176 455
176 1283
176 1301
176 385
176 8
176 1305
176 432
176 1023
176 97
176 1311
176 1270
176 549
176 63
176 272
176 619
176 859
176 71
176 1158
176 755
176 419
176 235
176 1292
176 1026
176 552
176 732
176 886
176 781
176 894
176 925
176 362
176 462
176 1242
176 766
176 697
176 705
176 14
176 514
176 367
176 845
176 1266
176 848
176 713
176 970
176 417
176 842
176 1170
176 1332
176 521
176 383
176 1201
176 203
176 1008
176 943
176 40
176 285
176 482
176 241
176 1367
176 1341
176 753
176 1378
176 590
176 625
176 1046
176 150
176 701
176 626
176 948
176 563
176 1125
176 850
176 58
176 1381
176 53
176 804
176 1067
176 968
176 143
176 376
176 1188
176 334
176 311
176 763
176 1119
176 113
176 690
176 947
176 38
176 1369
176 993
176 1347
176 724
176 709
176 888
176 885
176 1027
176 1321
176 444
176 355
176 841
176 1215
176 1376
176 612
176 211
176 1134
176 228
176 592
176 1101
176 416
176 878
176 737
176 361
176 1316
176 1175
176 589
176 856
176 202
176 1379
176 1094
176 109
176 327
176 70
176 386
176 868
176 1291
176 771
176 1126
176 597
176 741
176 922
176 11
176 663
176 979
176 359
176 503
176 897
176 568
176 773
176 465
176 884
176 706
176 815
176 621
176 213
176 896
176 1143
176 67
176 671
176 1080
176 617
176 1218
176 187
176 218
176 576
176 790
176 622
176 296
176 768
176 1189
176 638
176 939
176 1353
176 48
176 163
176 681
176 449
176 284
176 992
176 895
176 397
176 876
176 803
176 330
176 1388
176 1315
176 930
176 280
176 529
176 870
176 1345
176 315
176 468
176 975
176 543
176 1190
176 148
176 567
176 413
176 121
176 1121
176 173
176 105
176 245
176 278
176 127
176 249
176 723
176 899
176 86
176 711
176 556
176 506
176 262
176 890
176 293
176 415
176 1313
176 958
176 605
176 806
176 811
176 679
176 134
176 345
176 1304
176 69
176 694
176 913
176 116
176 192
176 643
176 1298
176 199
176 972
176 443
176 883
176 1302
176 344
176 133
176 602
176 812
176 919
176 368
176 308
176 103
176 813
176 936
176 698
176 43
176 961
176 2
176 828
176 1334
176 1117
176 448
176 346
176 976
176 801
176 574
176 1000
176 227
176 699
176 673
176 1255
176 857
176 830
176 1154
176 1325
176 562
176 692
176 257
176 824
176 927
176 636
176 195
176 56
176 1391
176 146
176 733
176 569
176 114
176 288
176 658
176 237
176 1168
176 456
176 710
176 1034
176 205
176 727
176 151
176 595
176 561
176 844
176 1113
176 9
176 1167
176 1371
176 80
176 822
176 1351
176 720
176 1039
176 423
176 317
176 1356
176 172
176 739
176 548
176 991
176 1277
176 1271
176 1296
176 782
176 427
176 100
176 1239
176 1035
176 441
176 685
176 928
176 1244
176 140
176 792
176 798
176 244
176 25
176 26
176 18
176 253
176 209
176 31
176 204
176 216
176 210
176 222
176 238
176 233
176 239
176 243
176 226
176 3
176 225
176 224
176 7
176 10
176 17
176 220
176 219
176 250
176 254
176 251
176 252
176 215
176 214
176 212
176 200
176 282
176 196
176 141
176 83
176 275
176 152
176 92
176 96
176 99
176 291
176 290
176 147
176 279
176 236
176 161
176 106
176 139
176 138
176 137
176 136
176 130
176 286
176 129
176 126
176 125
176 156
176 162
176 39
176 64
176 41
176 42
176 256
176 194
176 190
176 46
176 261
176 57
176 183
176 182
176 65
176 79
176 178
176 177
176 265
176 176
176 175
176 271
176 171
176 75
176 170
176 76
176 1400
176 700
176 312
176 1024
176 1038
176 1036
176 1033
176 1031
176 1030
176 1028
176 1025
176 1022
176 1001
176 1021
176 1020
176 1018
176 1017
176 1011
176 1010
176 1007
176 1042
176 1045
176 1048
176 1049
176 1111
176 1103
176 1102
176 1093
176 1092
176 1090
176 1075
176 1071
176 1069
176 1068
176 1064
176 1062
176 1060
176 1057
176 1051
176 1005
176 999
176 887
176 910
176 933
176 932
176 931
176 918
176 915
176 914
176 911
176 909
176 998
176 908
176 906
176 904
176 902
176 900
176 898
176 893
176 935
176 937
176 938
176 942
176 995
176 994
176 973
176 971
176 969
176 964
176 960
176 956
176 955
176 954
176 953
176 951
176 950
176 949
176 946
176 1114
176 1115
176 1116
176 1247
176 1278
176 1275
176 1272
176 1269
176 1267
176 1256
176 1252
176 1243
176 1118
176 1237
176 1230
176 1229
176 1228
176 1227
176 1220
176 1216
176 1284
176 1286
176 1287
176 1299
176 1398
176 1380
176 1372
176 1364
176 1363
176 1359
176 1358
176 1357
176 1350
176 1331
176 1329
176 1323
176 1317
176 1314
176 1308
176 1212
176 1211
176 1209
176 1153
176 1150
176 1146
176 1145
176 1144
176 1142
176 1141
176 1139
176 1132
176 1131
176 1130
176 1128
176 1127
176 1124
176 1122
176 1120
176 1151
176 1155
176 1205
176 1156
176 1203
176 1196
176 1195
176 1176
176 1174
176 1173
176 1172
176 1171
176 1169
176 1166
176 1165
176 1164
176 1163
176 1162
176 1160
176 892
176 882
176 313
176 528
176 558
176 545
176 544
176 536
176 534
176 533
176 531
176 526
176 505
176 519
176 517
176 516
176 513
176 512
176 511
176 510
176 577
176 578
176 583
176 588
176 637
176 634
176 632
176 631
176 624
176 618
176 615
176 614
176 610
176 609
176 601
176 600
176 599
176 598
176 596
176 508
176 504
176 881
176 363
176 405
176 389
176 388
176 384
176 382
176 377
176 374
176 358
176 502
176 357
176 340
176 335
176 331
176 326
176 324
176 316
176 409
176 411
176 418
176 420
176 491
176 490
176 488
176 487
176 484
176 480
176 471
176 469
176 464
176 440
176 439
176 431
176 430
176 429
176 426
176 640
176 642
176 650
176 810
176 825
176 821
176 820
176 819
176 818
176 817
176 816
176 808
176 657
176 807
176 805
176 800
176 799
176 797
176 796
176 795
176 827
176 834
176 835
176 838
176 880
176 879
176 875
176 871
176 867
176 866
176 864
176 863
176 862
176 858
176 854
176 849
176 847
176 846
176 839
176 794
176 793
176 791
176 721
176 716
176 714
176 1399
176 696
176 693
176 691
176 688
176 687
176 686
176 684
176 683
176 680
176 675
176 674
176 672
176 718
176 722
176 779
176 725
176 778
176 774
176 772
176 769
176 764
176 757
176 751
176 749
176 747
176 744
176 743
176 742
176 740
176 729
176 726
176 1
