177 589
177 588
177 590
177 543
177 578
177 576
177 592
177 216
177 138
177 772
177 237
177 214
177 426
177 591
177 1111
177 444
177 215
177 441
177 642
177 1034
177 1102
177 1069
177 895
177 213
177 1371
177 18
177 1115
177 1354
177 1089
177 1066
177 990
177 769
177 418
177 1117
177 1322
177 723
177 846
177 985
177 52
177 1169
177 1207
177 311
177 640
177 1171
177 722
177 888
177 1122
177 760
177 764
177 1177
177 685
177 1293
177 902
177 425
177 1126
177 741
177 862
177 382
177 581
177 675
177 687
177 168
177 911
177 1339
177 844
177 932
177 938
177 627
177 518
177 1067
177 1116
177 1131
177 381
177 345
177 1024
177 1368
177 1146
177 750
177 967
177 728
177 788
177 1118
177 885
177 330
177 762
177 248
177 1170
177 915
177 11
177 1145
177 1093
177 68
177 118
177 1336
177 899
177 887
177 1065
177 845
177 814
177 847
177 1356
177 42
177 544
177 19
177 856
177 105
177 326
177 127
177 1384
177 447
177 1106
177 742
177 28
177 1178
177 630
177 67
177 363
177 743
177 192
177 1168
177 605
177 15
177 196
177 484
177 1347
177 1138
177 1281
177 390
177 883
177 725
177 371
177 56
177 970
177 1172
177 935
177 1075
177 634
177 262
177 1366
177 12
177 94
177 1299
177 369
177 387
177 559
177 1283
177 191
177 947
177 1050
177 916
177 188
177 54
177 656
177 341
177 1061
177 919
177 934
177 177
177 1234
177 757
177 266
177 179
177 575
177 541
177 822
177 940
177 1051
177 185
177 991
177 270
177 166
177 1328
177 1123
177 1058
177 1310
177 821
177 1038
177 962
177 957
177 217
177 928
177 23
177 897
177 277
177 373
177 212
177 720
177 1005
177 1289
177 1137
177 707
177 806
177 473
177 1001
177 1301
177 136
177 739
177 1121
177 595
177 1070
177 766
177 1304
177 1173
177 1248
177 140
177 649
177 1130
177 937
177 296
177 1012
177 744
177 73
177 956
177 1068
177 1144
177 816
177 1035
177 984
177 353
177 134
177 1390
177 927
177 435
177 704
177 1361
177 110
177 784
177 852
177 839
177 1222
177 428
177 812
177 1002
177 40
177 1125
177 1386
177 1372
177 740
177 999
177 14
177 1326
177 1279
177 349
177 798
177 1059
177 97
177 1108
177 1382
177 987
177 1082
177 1195
177 85
177 1199
177 62
177 100
177 1119
177 529
177 49
177 364
177 391
177 438
177 389
177 445
177 388
177 392
177 372
177 378
177 374
177 439
177 377
177 385
177 384
177 440
177 443
177 383
177 442
177 393
177 380
177 379
177 375
177 376
177 386
177 424
177 394
177 414
177 432
177 431
177 430
177 411
177 429
177 412
177 413
177 427
177 410
177 415
177 416
177 417
177 419
177 420
177 421
177 422
177 433
177 409
177 395
177 399
177 396
177 437
177 423
177 436
177 397
177 434
177 398
177 400
177 408
177 401
177 402
177 403
177 404
177 405
177 406
177 407
177 446
177 1400
177 448
177 550
177 552
177 553
177 554
177 555
177 556
177 557
177 558
177 560
177 561
177 562
177 563
177 564
177 565
177 566
177 567
177 551
177 549
177 569
177 548
177 530
177 531
177 532
177 533
177 534
177 535
177 536
177 537
177 538
177 539
177 540
177 542
177 545
177 546
177 547
177 568
177 570
177 527
177 599
177 601
177 602
177 603
177 604
177 606
177 607
177 608
177 609
177 610
177 611
177 612
177 613
177 614
177 615
177 616
177 600
177 598
177 571
177 597
177 572
177 573
177 574
177 577
177 579
177 580
177 582
177 583
177 584
177 585
177 586
177 587
177 593
177 594
177 596
177 528
177 526
177 449
177 467
177 469
177 470
177 471
177 472
177 474
177 475
177 476
177 477
177 478
177 479
177 480
177 481
177 482
177 483
177 485
177 468
177 466
177 487
177 465
177 450
177 451
177 452
177 453
177 454
177 455
177 456
177 457
177 458
177 459
177 460
177 461
177 462
177 463
177 464
177 486
177 488
177 525
177 507
177 509
177 510
177 511
177 512
177 513
177 514
177 515
177 516
177 517
177 519
177 520
177 521
177 522
177 523
177 524
177 508
177 506
177 489
177 505
177 490
177 370
177 492
177 493
177 494
177 495
177 496
177 497
177 498
177 499
177 500
177 501
177 502
177 503
177 504
177 491
177 310
177 368
177 131
177 123
177 124
177 125
177 126
177 128
177 129
177 130
177 132
177 98
177 133
177 135
177 137
177 139
177 141
177 142
177 143
177 122
177 121
177 120
177 119
177 101
177 102
177 103
177 104
177 106
177 107
177 108
177 109
177 111
177 112
177 113
177 114
177 115
177 116
177 117
177 144
177 145
177 146
177 165
177 169
177 170
177 171
177 172
177 173
177 174
177 175
177 176
177 178
177 180
177 181
177 182
177 183
177 184
177 186
177 167
177 164
177 147
177 163
177 148
177 149
177 150
177 151
177 152
177 153
177 154
177 155
177 156
177 157
177 158
177 159
177 160
177 161
177 162
177 99
177 96
177 189
177 36
177 29
177 30
177 31
177 32
177 33
177 34
177 35
177 37
177 95
177 38
177 39
177 41
177 43
177 44
177 45
177 46
177 27
177 26
177 25
177 24
177 2
177 3
177 4
177 5
177 6
177 7
177 8
177 9
177 10
177 13
177 16
177 17
177 20
177 21
177 22
177 47
177 48
177 50
177 76
177 78
177 79
177 80
177 81
177 82
177 83
177 84
177 86
177 87
177 88
177 89
177 90
177 91
177 92
177 93
177 77
177 75
177 51
177 74
177 53
177 55
177 57
177 58
177 59
177 60
177 61
177 63
177 64
177 65
177 66
177 69
177 70
177 71
177 72
177 187
177 190
177 367
177 312
177 304
177 305
177 306
177 307
177 308
177 309
177 618
177 313
177 282
177 314
177 315
177 316
177 317
177 318
177 319
177 320
177 303
177 302
177 301
177 300
177 284
177 285
177 286
177 287
177 288
177 289
177 290
177 291
177 292
177 293
177 294
177 295
177 297
177 298
177 299
177 321
177 322
177 323
177 346
177 348
177 350
177 351
177 352
177 354
177 355
177 356
177 357
177 358
177 359
177 360
177 361
177 362
177 365
177 366
177 347
177 344
177 324
177 343
177 325
177 327
177 328
177 329
177 331
177 332
177 333
177 334
177 335
177 336
177 337
177 338
177 339
177 340
177 342
177 283
177 281
177 193
177 227
177 220
177 221
177 222
177 223
177 224
177 225
177 226
177 228
177 280
177 229
177 230
177 231
177 232
177 233
177 234
177 235
177 219
177 218
177 211
177 210
177 194
177 195
177 197
177 198
177 199
177 200
177 201
177 202
177 203
177 204
177 205
177 206
177 207
177 208
177 209
177 236
177 238
177 239
177 259
177 261
177 263
177 264
177 265
177 267
177 268
177 269
177 271
177 272
177 273
177 274
177 275
177 276
177 278
177 279
177 260
177 258
177 240
177 257
177 241
177 242
177 243
177 244
177 245
177 246
177 247
177 249
177 250
177 251
177 252
177 253
177 254
177 255
177 256
177 617
177 700
177 619
177 1157
177 1150
177 1151
177 1152
177 1153
177 1154
177 1155
177 1156
177 1158
177 1167
177 1159
177 1160
177 1161
177 1162
177 1163
177 1164
177 1165
177 1149
177 1148
177 1147
177 1143
177 1114
177 1120
177 1124
177 1127
177 1128
177 1129
177 1132
177 1133
177 1134
177 1135
177 1136
177 1139
177 1140
177 1141
177 1142
177 1166
177 1174
177 1011
177 1206
177 1198
177 1200
177 1201
177 1202
177 1203
177 1204
177 1205
177 1208
177 1175
177 1209
177 1210
177 1211
177 1212
177 1213
177 1214
177 1215
177 1197
177 1196
177 1194
177 1193
177 1176
177 1179
177 1180
177 1181
177 1182
177 1183
177 1184
177 1185
177 1186
177 1187
177 1188
177 1189
177 1190
177 1191
177 1192
177 1113
177 1112
177 1110
177 1044
177 1036
177 1037
177 1039
177 1040
177 1041
177 1042
177 1043
177 1045
177 1109
177 1046
177 1047
177 1048
177 1049
177 1052
177 1053
177 1054
177 1033
177 1032
177 1031
177 1030
177 1014
177 1015
177 1016
177 1017
177 1018
177 1019
177 1020
177 1021
177 1022
177 1023
177 1025
177 1026
177 1027
177 1028
177 1029
177 1055
177 1056
177 1057
177 1087
177 1090
177 1091
177 1092
177 1094
177 1095
177 1096
177 1097
177 1098
177 1099
177 1100
177 1101
177 1103
177 1104
177 1105
177 1107
177 1088
177 1086
177 1060
177 1085
177 1062
177 1063
177 1064
177 1071
177 1072
177 1073
177 1074
177 1076
177 1077
177 1078
177 1079
177 1080
177 1081
177 1083
177 1084
177 1216
177 1217
177 1218
177 1340
177 1331
177 1332
177 1333
177 1334
177 1335
177 1337
177 1338
177 1341
177 1306
177 1342
177 1343
177 1344
177 1345
177 1346
177 1348
177 1349
177 1330
177 1329
177 1327
177 1325
177 1308
177 1309
177 1311
177 1312
177 1313
177 1314
177 1315
177 1316
177 1317
177 1318
177 1319
177 1320
177 1321
177 1323
177 1324
177 1350
177 1351
177 1352
177 1378
177 1380
177 1381
177 1383
177 1385
177 1387
177 1388
177 1389
177 1391
177 1392
177 1393
177 1394
177 1395
177 1396
177 1397
177 1398
177 1379
177 1377
177 1353
177 1376
177 1355
177 1357
177 1358
177 1359
177 1360
177 1362
177 1363
177 1364
177 1365
177 1367
177 1369
177 1370
177 1373
177 1374
177 1375
177 1307
177 1305
177 1219
177 1249
177 1241
177 1242
177 1243
177 1244
177 1245
177 1246
177 1247
177 1250
177 1303
177 1251
177 1252
177 1253
177 1254
177 1255
177 1256
177 1257
177 1240
177 1239
177 1238
177 1237
177 1220
177 1221
177 1223
177 1224
177 1225
177 1226
177 1227
177 1228
177 1229
177 1230
177 1231
177 1232
177 1233
177 1235
177 1236
177 1258
177 1259
177 1260
177 1280
177 1284
177 1285
177 1286
177 1287
177 1288
177 1290
177 1291
177 1292
177 1294
177 1295
177 1296
177 1297
177 1298
177 1300
177 1302
177 1282
177 1278
177 1261
177 1277
177 1262
177 1263
177 1264
177 1265
177 1266
177 1267
177 1268
177 1269
177 1270
177 1271
177 1272
177 1273
177 1274
177 1275
177 1276
177 1013
177 1010
177 620
177 747
177 734
177 735
177 736
177 737
177 738
177 745
177 746
177 748
177 759
177 749
177 751
177 752
177 753
177 754
177 755
177 756
177 733
177 732
177 731
177 730
177 710
177 711
177 712
177 713
177 714
177 715
177 716
177 717
177 718
177 719
177 721
177 724
177 726
177 727
177 729
177 758
177 761
177 1009
177 796
177 789
177 790
177 791
177 792
177 793
177 794
177 795
177 797
177 763
177 799
177 800
177 801
177 802
177 803
177 804
177 805
177 787
177 786
177 785
177 783
177 765
177 767
177 768
177 770
177 771
177 773
177 774
177 775
177 776
177 777
177 778
177 779
177 780
177 781
177 782
177 709
177 708
177 706
177 653
177 645
177 646
177 647
177 648
177 650
177 651
177 652
177 654
177 705
177 655
177 657
177 658
177 659
177 660
177 661
177 662
177 644
177 643
177 641
177 639
177 621
177 622
177 623
177 624
177 625
177 626
177 628
177 629
177 631
177 632
177 633
177 635
177 636
177 637
177 638
177 663
177 664
177 665
177 686
177 689
177 690
177 691
177 692
177 693
177 694
177 695
177 696
177 697
177 698
177 699
177 1399
177 701
177 702
177 703
177 688
177 684
177 666
177 683
177 667
177 668
177 669
177 670
177 671
177 672
177 673
177 674
177 676
177 677
177 678
177 679
177 680
177 681
177 682
177 807
177 808
177 809
177 948
177 939
177 941
177 942
177 943
177 944
177 945
177 946
177 949
177 907
177 950
177 951
177 952
177 953
177 954
177 955
177 958
177 936
177 933
177 931
177 930
177 909
177 910
177 912
177 913
177 914
177 917
177 918
177 920
177 921
177 922
177 923
177 924
177 925
177 926
177 929
177 959
177 960
177 961
177 983
177 988
177 989
177 992
177 993
177 994
177 995
177 996
177 997
177 998
177 1000
177 1003
177 1004
177 1006
177 1007
177 1008
177 986
177 982
177 963
177 981
177 964
177 965
177 966
177 968
177 969
177 971
177 972
177 973
177 974
177 975
177 976
177 977
177 978
177 979
177 980
177 908
177 906
177 810
177 843
177 835
177 836
177 837
177 838
177 840
177 841
177 842
177 848
177 905
177 849
177 850
177 851
177 853
177 854
177 855
177 857
177 834
177 833
177 832
177 831
177 811
177 813
177 815
177 817
177 818
177 819
177 820
177 823
177 824
177 825
177 826
177 827
177 828
177 829
177 830
177 858
177 859
177 860
177 880
177 882
177 884
177 886
177 889
177 890
177 891
177 892
177 893
177 894
177 896
177 898
177 900
177 901
177 903
177 904
177 881
177 879
177 861
177 878
177 863
177 864
177 865
177 866
177 867
177 868
177 869
177 870
177 871
177 872
177 873
177 874
177 875
177 876
177 877
177 1
