178 591
178 543
178 590
178 592
178 31
178 216
178 214
178 772
178 589
178 237
178 426
178 1171
178 1155
178 138
178 1153
178 588
178 387
178 827
178 511
178 1275
178 1085
178 990
178 1183
178 984
178 1368
178 693
178 341
178 578
178 523
178 1293
178 819
178 985
178 888
178 349
178 932
178 18
178 236
178 1323
178 1068
178 1116
178 1154
178 940
178 576
178 1151
178 850
178 196
178 957
178 1343
178 885
178 1390
178 1316
178 822
178 769
178 363
178 967
178 764
178 73
178 564
178 970
178 1318
178 1304
178 461
178 692
178 273
178 451
178 39
178 105
178 979
178 561
178 37
178 742
178 1126
178 741
178 433
178 382
178 1242
178 659
178 938
178 54
178 694
178 213
178 843
178 962
178 813
178 1371
178 1117
178 417
178 934
178 731
178 1067
178 1131
178 379
178 642
178 345
178 1004
178 84
178 1146
178 643
178 750
178 1038
178 1118
178 762
178 760
178 43
178 889
178 897
178 839
178 277
178 626
178 227
178 11
178 1145
178 539
178 1005
178 118
178 1008
178 473
178 1059
178 873
178 222
178 887
178 177
178 1224
178 1301
178 947
178 1195
178 91
178 140
178 1297
178 799
178 814
178 987
178 1194
178 1076
178 371
178 19
178 702
178 830
178 326
178 127
178 820
178 869
178 233
178 1144
178 816
178 1178
178 1360
178 874
178 1307
178 941
178 743
178 198
178 752
178 157
178 364
178 914
178 1361
178 1109
178 1168
178 992
178 40
178 1209
178 630
178 1122
178 17
178 758
178 1133
178 1069
178 1386
178 1138
178 373
178 999
178 1273
178 1172
178 935
178 608
178 287
178 581
178 484
178 696
178 1112
178 1366
178 94
178 1299
178 559
178 618
178 1024
178 1283
178 191
178 97
178 164
178 1035
178 1281
178 584
178 1050
178 267
178 322
178 188
178 1320
178 190
178 211
178 485
178 780
178 620
178 666
178 261
178 1206
178 238
178 1252
178 1032
178 786
178 531
178 1234
178 266
178 246
178 179
178 56
178 420
178 249
178 85
178 1051
178 872
178 185
178 51
178 1328
178 891
178 1123
178 158
178 1058
178 779
178 821
178 217
178 928
178 1075
178 60
178 301
178 155
178 1240
178 725
178 23
178 1267
178 221
178 476
178 162
178 529
178 968
178 775
178 673
178 270
178 1266
178 563
178 72
178 1066
178 1333
178 1137
178 565
178 1001
178 910
178 171
178 136
178 1342
178 739
178 370
178 99
178 1277
178 1121
178 1070
178 88
178 408
178 1173
178 720
178 1219
178 362
178 728
178 1130
178 701
178 974
178 504
178 937
178 1012
178 205
178 624
178 744
178 314
178 1381
178 956
178 501
178 965
178 994
178 432
178 197
178 782
178 1227
178 1378
178 1163
178 154
178 980
178 1280
178 683
178 767
178 655
178 1167
178 1264
178 1338
178 353
178 296
178 677
178 927
178 571
178 134
178 435
178 460
178 784
178 852
178 1222
178 1179
178 428
178 812
178 503
178 1002
178 129
178 372
178 794
178 757
178 1271
178 424
178 434
178 1125
178 29
178 622
178 710
178 1150
178 582
178 823
178 1372
178 248
178 740
178 1262
178 1261
178 861
178 1159
178 803
178 1326
178 1331
178 517
178 1103
178 440
178 657
178 354
178 459
178 95
178 996
178 1105
178 1279
178 381
178 815
178 617
178 973
178 669
178 1196
178 526
178 860
178 1108
178 585
178 80
178 905
178 423
178 452
178 851
178 952
178 971
178 90
178 1382
178 1254
178 596
178 391
178 1092
178 845
178 351
178 1082
178 1257
178 911
178 1020
178 1129
178 410
178 704
178 1
178 268
178 262
178 463
178 108
178 1009
178 602
178 1199
178 193
178 1003
178 616
178 1362
178 225
178 497
178 62
178 521
178 1065
178 1015
178 100
178 1162
178 57
178 777
178 1356
178 1119
178 1128
178 554
178 183
178 112
178 1268
178 913
178 116
178 697
178 79
178 1393
178 467
178 1043
178 135
178 439
178 1282
178 691
178 713
178 1385
178 1335
178 49
178 734
178 1247
178 1216
178 1255
178 1053
178 1251
178 1329
178 1383
178 804
178 288
178 801
178 904
178 661
178 1349
178 857
178 1274
178 122
178 993
178 1391
178 601
178 455
178 1319
178 722
178 357
178 1198
178 375
178 542
178 325
178 1212
178 123
178 1263
178 599
178 856
178 1064
178 1322
178 456
178 229
178 78
178 174
178 1225
178 131
178 149
178 466
178 766
178 1039
178 989
178 1235
178 638
178 1164
178 92
178 933
178 1218
178 660
178 1166
178 416
178 662
178 1375
178 202
178 712
178 1291
178 1134
178 132
178 1239
178 14
178 717
178 1047
178 165
178 1147
178 792
178 721
178 244
178 68
178 76
178 512
178 421
178 66
178 419
178 77
178 75
178 418
178 8
178 513
178 429
178 9
178 13
178 10
178 506
178 427
178 505
178 422
178 74
178 71
178 67
178 509
178 70
178 425
178 508
178 507
178 12
178 69
178 510
178 514
178 415
178 406
178 405
178 404
178 528
178 83
178 4
178 403
178 402
178 3
178 401
178 400
178 399
178 530
178 398
178 2
178 86
178 532
178 87
178 82
178 407
178 431
178 5
178 515
178 516
178 414
178 7
178 413
178 412
178 411
178 518
178 519
178 520
178 522
178 524
178 525
178 6
178 409
178 81
178 527
178 430
178 32
178 65
178 474
178 472
178 44
178 471
178 491
178 470
178 469
178 468
178 492
178 493
178 28
178 465
178 494
178 464
178 495
178 462
178 45
178 89
178 490
178 42
178 46
178 475
178 486
178 483
178 482
178 487
178 481
178 480
178 479
178 488
178 33
178 34
178 478
178 35
178 489
178 477
178 36
178 38
178 41
178 496
178 47
178 64
178 447
178 53
178 445
178 444
178 55
178 443
178 442
178 441
178 16
178 58
178 502
178 438
178 15
178 59
178 437
178 436
178 61
178 30
178 446
178 448
178 48
178 500
178 458
178 457
178 27
178 26
178 454
178 453
178 25
178 24
178 498
178 22
178 450
178 499
178 50
178 449
178 52
178 21
178 20
178 63
178 232
178 397
178 396
178 172
178 286
178 285
178 284
178 283
178 282
178 281
178 280
178 279
178 278
178 173
178 175
178 276
178 275
178 176
178 178
178 180
178 274
178 181
178 182
178 184
178 186
178 272
178 289
178 170
178 290
178 300
178 307
178 159
178 160
178 161
178 306
178 305
178 304
178 303
178 302
178 163
178 299
178 169
178 298
178 297
178 166
178 295
178 167
178 294
178 293
178 292
178 291
178 168
178 271
178 187
178 269
178 219
178 247
178 209
178 245
178 210
178 212
178 243
178 242
178 215
178 218
178 241
178 240
178 207
178 239
178 220
178 223
178 224
178 226
178 228
178 230
178 231
178 235
178 234
178 208
178 206
178 189
178 199
178 192
178 265
178 264
178 194
178 263
178 195
178 260
178 259
178 258
178 257
178 256
178 250
178 255
178 200
178 254
178 534
178 201
178 253
178 203
178 252
178 204
178 251
178 308
178 309
178 310
178 117
178 111
178 374
178 113
178 114
178 115
178 369
178 368
178 367
178 366
178 365
178 119
178 376
178 120
178 121
178 361
178 360
178 359
178 358
178 356
178 355
178 124
178 125
178 110
178 109
178 128
178 386
178 395
178 394
178 393
178 392
178 93
178 390
178 389
178 388
178 96
178 98
178 101
178 377
178 385
178 102
178 384
178 103
178 383
178 104
178 106
178 107
178 380
178 378
178 126
178 130
178 311
178 320
178 331
178 330
178 329
178 328
178 327
178 148
178 150
178 324
178 323
178 321
178 151
178 146
178 319
178 318
178 152
178 153
178 156
178 317
178 316
178 315
178 313
178 312
178 147
178 145
178 133
178 343
178 352
178 137
178 350
178 139
178 141
178 348
178 347
178 346
178 142
178 344
178 342
178 332
178 340
178 339
178 338
178 337
178 143
178 336
178 144
178 335
178 334
178 333
178 533
178 1400
178 535
178 1089
178 1106
178 1104
178 1102
178 1101
178 1100
178 1099
178 1098
178 1097
178 1096
178 1095
178 1094
178 1093
178 1091
178 1090
178 1088
178 1061
178 1087
178 1086
178 1084
178 1083
178 1081
178 1080
178 1079
178 1078
178 1077
178 1074
178 1073
178 1072
178 1071
178 1063
178 1107
178 1110
178 1111
178 1113
178 1180
178 1177
178 1176
178 1175
178 1174
178 1170
178 1169
178 1165
178 1161
178 1160
178 1158
178 1157
178 1156
178 1152
178 1149
178 1148
178 1143
178 1142
178 1141
178 1140
178 1139
178 1136
178 1135
178 1132
178 1127
178 1124
178 1120
178 1115
178 1114
178 1062
178 1060
178 949
178 977
178 1010
178 1007
178 1006
178 1000
178 998
178 997
178 995
178 991
178 988
178 986
178 983
178 982
178 981
178 978
178 976
178 1057
178 975
178 972
178 969
178 966
178 964
178 963
178 961
178 960
178 959
178 958
178 955
178 954
178 953
178 951
178 1011
178 1013
178 1014
178 1016
178 1056
178 1055
178 1054
178 1052
178 1049
178 1048
178 1046
178 1045
178 1044
178 1042
178 1041
178 1040
178 1037
178 1036
178 1034
178 1033
178 1031
178 1030
178 1029
178 1028
178 1027
178 1026
178 1025
178 1023
178 1022
178 1021
178 1019
178 1018
178 1017
178 1181
178 1182
178 1184
178 1321
178 1346
178 1345
178 1344
178 1341
178 1340
178 1339
178 1337
178 1336
178 1334
178 1332
178 1330
178 1327
178 1325
178 1324
178 1317
178 1185
178 1315
178 1314
178 1313
178 1312
178 1311
178 1310
178 1309
178 1308
178 1306
178 1305
178 1303
178 1302
178 1300
178 1298
178 1347
178 1348
178 1350
178 1351
178 1398
178 1397
178 1396
178 1395
178 1394
178 1392
178 1389
178 1388
178 1387
178 1384
178 1380
178 1379
178 1377
178 1376
178 1374
178 1373
178 1370
178 1369
178 1367
178 1365
178 1364
178 1363
178 1359
178 1358
178 1357
178 1355
178 1354
178 1353
178 1352
178 1296
178 1295
178 1294
178 1231
178 1229
178 1228
178 1226
178 1223
178 1221
178 1220
178 1217
178 1215
178 1214
178 1213
178 1211
178 1210
178 1208
178 1207
178 1205
178 1204
178 1203
178 1202
178 1201
178 1200
178 1197
178 1193
178 1192
178 1191
178 1190
178 1189
178 1188
178 1187
178 1186
178 1230
178 1232
178 1292
178 1233
178 1290
178 1289
178 1288
178 1287
178 1286
178 1285
178 1284
178 1278
178 1276
178 1272
178 1270
178 1269
178 1265
178 1260
178 1259
178 1258
178 1256
178 1253
178 1250
178 1249
178 1248
178 1246
178 1245
178 1244
178 1243
178 1241
178 1238
178 1237
178 1236
178 950
178 948
178 536
178 658
178 680
178 679
178 678
178 676
178 675
178 674
178 672
178 671
178 670
178 668
178 667
178 665
178 664
178 663
178 656
178 636
178 654
178 653
178 652
178 651
178 650
178 649
178 648
178 647
178 646
178 645
178 644
178 641
178 640
178 639
178 681
178 682
178 684
178 685
178 733
178 732
178 730
178 729
178 727
178 726
178 724
178 723
178 719
178 718
178 716
178 715
178 714
178 711
178 709
178 708
178 707
178 706
178 705
178 703
178 1399
178 699
178 698
178 695
178 690
178 689
178 688
178 687
178 686
178 637
178 635
178 946
178 556
178 577
178 575
178 574
178 573
178 572
178 570
178 569
178 568
178 567
178 566
178 562
178 560
178 558
178 557
178 555
178 634
178 553
178 552
178 551
178 550
178 549
178 548
178 547
178 546
178 545
178 544
178 541
178 540
178 538
178 537
178 579
178 580
178 583
178 586
178 633
178 632
178 631
178 629
178 628
178 627
178 625
178 623
178 621
178 619
178 615
178 614
178 613
178 612
178 611
178 610
178 609
178 607
178 606
178 605
178 604
178 603
178 600
178 598
178 597
178 595
178 594
178 593
178 587
178 735
178 736
178 737
178 876
178 895
178 894
178 893
178 892
178 890
178 886
178 884
178 883
178 882
178 881
178 880
178 879
178 878
178 877
178 875
178 738
178 871
178 870
178 868
178 867
178 866
178 865
178 864
178 863
178 862
178 859
178 858
178 855
178 854
178 853
178 896
178 898
178 899
178 900
178 945
178 944
178 943
178 942
178 939
178 936
178 931
178 930
178 929
178 926
178 925
178 924
178 923
178 922
178 921
178 920
178 919
178 918
178 917
178 916
178 915
178 912
178 909
178 908
178 907
178 906
178 903
178 902
178 901
178 849
178 848
178 847
178 795
178 791
178 790
178 789
178 788
178 787
178 785
178 783
178 781
178 778
178 776
178 774
178 773
178 771
178 770
178 768
178 765
178 763
178 761
178 759
178 756
178 755
178 754
178 753
178 751
178 749
178 748
178 747
178 746
178 745
178 793
178 796
178 846
178 797
178 844
178 842
178 841
178 840
178 838
178 837
178 836
178 835
178 834
178 833
178 832
178 831
178 829
178 828
178 826
178 825
178 824
178 818
178 817
178 811
178 810
178 809
178 808
178 807
178 806
178 805
178 802
178 800
178 798
178 700
