179 633
179 680
179 224
179 682
179 918
179 428
179 1080
179 930
179 753
179 512
179 147
179 247
179 227
179 194
179 514
179 683
179 706
179 1343
179 1267
179 250
179 379
179 920
179 470
179 278
179 232
179 854
179 1280
179 122
179 705
179 601
179 445
179 674
179 688
179 226
179 200
179 19
179 802
179 579
179 699
179 1271
179 231
179 124
179 1261
179 1339
179 97
179 987
179 698
179 49
179 1210
179 1330
179 248
179 458
179 562
179 1047
179 774
179 940
179 1376
179 626
179 229
179 513
179 677
179 257
179 702
179 567
179 52
179 704
179 1307
179 1304
179 922
179 380
179 1076
179 951
179 452
179 485
179 701
179 294
179 779
179 39
179 1266
179 435
179 627
179 468
179 921
179 659
179 1061
179 467
179 225
179 469
179 395
179 1275
179 1262
179 873
179 1383
179 433
179 235
179 369
179 1164
179 1332
179 1075
179 814
179 917
179 849
179 1074
179 447
179 1289
179 584
179 242
179 1227
179 657
179 1196
179 313
179 665
179 1124
179 1231
179 249
179 967
179 236
179 1259
179 1272
179 27
179 1329
179 345
179 370
179 20
179 146
179 1212
179 1388
179 1270
179 259
179 373
179 894
179 108
179 1258
179 508
179 758
179 271
179 1321
179 675
179 360
179 899
179 938
179 637
179 183
179 781
179 1322
179 223
179 363
179 826
179 852
179 981
179 561
179 1328
179 1310
179 459
179 928
179 1151
179 1333
179 757
179 703
179 1235
179 465
179 1082
179 1190
179 423
179 280
179 86
179 305
179 1200
179 1141
179 1108
179 907
179 1302
179 14
179 477
179 234
179 538
179 135
179 745
179 347
179 898
179 117
179 820
179 1007
179 731
179 653
179 624
179 1192
179 391
179 1352
179 443
179 1070
179 1014
179 211
179 1188
179 222
179 1265
179 632
179 811
179 319
179 233
179 203
179 676
179 1356
179 1137
179 692
179 371
179 404
179 160
179 537
179 1043
179 73
179 33
179 48
179 901
179 179
179 191
179 37
179 807
179 342
179 794
179 803
179 1197
179 1254
179 1182
179 1246
179 1180
179 681
179 151
179 990
179 1041
179 961
179 193
179 1
179 684
179 205
179 965
179 496
179 195
179 1334
179 903
179 246
179 206
179 487
179 937
179 72
179 1202
179 1248
179 605
179 1355
179 958
179 966
179 1059
179 273
179 978
179 325
179 1243
179 1384
179 599
179 430
179 924
179 230
179 915
179 1216
179 1297
179 931
179 95
179 416
179 1006
179 1269
179 521
179 927
179 1233
179 188
179 93
179 572
179 1222
179 666
179 187
179 243
179 130
179 787
179 1207
179 923
179 847
179 348
179 563
179 38
179 251
179 1112
179 1191
179 1367
179 1193
179 556
179 429
179 530
179 1256
179 687
179 121
179 415
179 1058
179 547
179 1149
179 455
179 364
179 1174
179 386
179 678
179 793
179 476
179 1283
179 137
179 312
179 352
179 829
179 216
179 1044
179 587
179 1347
179 365
179 498
179 801
179 628
179 25
179 1020
179 418
179 155
179 134
179 159
179 1208
179 451
179 1309
179 581
179 1390
179 540
179 1130
179 90
179 217
179 933
179 1219
179 192
179 420
179 282
179 1305
179 300
179 131
179 89
179 583
179 389
179 734
179 266
179 253
179 1039
179 484
179 47
179 936
179 652
179 1380
179 1228
179 80
179 214
179 1199
179 1051
179 359
179 689
179 982
179 861
179 977
179 1301
179 685
179 891
179 749
179 693
179 84
179 998
179 679
179 553
179 527
179 1391
179 738
179 105
179 691
179 971
179 204
179 31
179 279
179 724
179 580
179 1187
179 148
179 808
179 1062
179 464
179 1236
179 919
179 775
179 1239
179 212
179 133
179 872
179 94
179 444
179 1274
179 900
179 288
179 351
179 892
179 1268
179 655
179 461
179 949
179 507
179 943
179 942
179 1028
179 349
179 99
179 1229
179 621
179 337
179 1319
179 176
179 28
179 962
179 634
179 1273
179 662
179 817
179 926
179 819
179 59
179 341
179 1360
179 150
179 673
179 115
179 671
179 964
179 935
179 1118
179 1311
179 1303
179 472
179 118
179 790
179 545
179 934
179 136
179 798
179 67
179 1237
179 79
179 173
179 157
179 593
179 1385
179 120
179 999
179 908
179 799
179 979
179 213
179 773
179 167
179 791
179 557
179 123
179 344
179 478
179 1072
179 1331
179 1119
179 140
179 154
179 850
179 1178
179 219
179 1224
179 694
179 328
179 1186
179 1013
179 1320
179 816
179 1048
179 497
179 612
179 1365
179 592
179 297
179 809
179 74
179 1238
179 1218
179 390
179 772
179 1374
179 270
179 116
179 975
179 486
179 462
179 638
179 1291
179 1386
179 446
179 700
179 1129
179 1324
179 54
179 367
179 1068
179 1306
179 667
179 574
179 504
179 525
179 36
179 1326
179 708
179 109
179 989
179 1213
179 492
179 190
179 384
179 317
179 752
179 197
179 569
179 663
179 1031
179 58
179 286
179 1079
179 1143
179 1066
179 1341
179 40
179 417
179 1281
179 1240
179 1132
179 456
179 378
179 1157
179 1295
179 947
179 207
179 818
179 466
179 272
179 283
179 535
179 16
179 719
179 1106
179 488
179 797
179 1116
179 815
179 1285
179 1120
179 721
179 1342
179 96
179 590
179 499
179 788
179 1263
179 743
179 202
179 1184
179 974
179 252
179 1127
179 1081
179 887
179 993
179 576
179 1005
179 1104
179 1179
179 1165
179 439
179 310
179 1009
179 24
179 635
179 1225
179 289
179 321
179 65
179 26
179 119
179 331
179 1109
179 656
179 1205
179 426
179 1140
179 985
179 1159
179 1090
179 1287
179 994
179 1093
179 767
179 1131
179 110
179 1015
179 309
179 784
179 573
179 17
179 4
179 1366
179 335
179 1247
179 785
179 144
179 712
179 1344
179 658
179 410
179 388
179 1166
179 686
179 209
179 1036
179 597
179 460
179 240
179 1045
179 101
179 1298
179 575
179 77
179 1001
179 1000
179 614
179 15
179 1364
179 132
179 912
179 481
179 668
179 1368
179 284
179 770
179 1327
179 51
179 500
179 631
179 98
179 952
179 970
179 792
179 1378
179 265
179 1223
179 399
179 1050
179 381
179 748
179 756
179 158
179 641
179 732
179 804
179 295
179 453
179 522
179 327
179 566
179 292
179 473
179 302
179 82
179 268
179 406
179 1389
179 57
179 558
179 1147
179 220
179 1107
179 262
179 69
179 660
179 330
179 529
179 88
179 1091
179 427
179 953
179 198
179 432
179 611
179 311
179 916
179 145
179 153
179 35
179 281
179 70
179 980
179 34
179 375
179 30
179 1135
179 1308
179 411
179 625
179 1288
179 1195
179 41
179 50
179 172
179 1234
179 201
179 1209
179 483
179 1217
179 91
179 600
179 1138
179 1313
179 541
179 306
179 651
179 334
179 1381
179 1393
179 825
179 322
179 629
179 836
179 1373
179 1220
179 1382
179 127
179 316
179 307
179 618
179 511
179 1377
179 1139
179 945
179 842
179 755
179 1399
179 260
179 696
179 340
179 241
179 1245
179 329
179 175
179 889
179 869
179 164
179 503
179 550
179 672
179 805
179 1154
179 161
179 18
179 988
179 1175
179 1255
179 166
179 141
179 106
179 332
179 661
179 1073
179 972
179 407
179 642
179 1002
179 126
179 1181
179 301
179 866
179 174
179 1353
179 880
179 542
179 245
179 960
179 944
179 338
179 1253
179 617
179 186
179 740
179 457
179 85
179 1128
179 554
179 372
179 571
179 431
179 3
179 163
179 868
179 169
179 383
179 244
179 1363
179 62
179 984
179 221
179 733
179 56
179 1194
179 1198
179 454
179 357
179 1230
179 736
179 710
179 1370
179 1394
179 760
179 1012
179 434
179 1345
179 182
179 549
179 1300
179 356
179 713
179 343
179 505
179 397
179 1158
179 608
179 149
179 800
179 695
179 323
179 851
179 796
179 11
179 591
179 125
179 730
179 68
179 441
179 442
179 76
179 1241
179 1086
179 810
179 992
179 1110
179 1038
179 353
179 716
179 290
179 168
179 60
179 1121
179 509
179 604
179 1078
179 1105
179 9
179 501
179 422
179 495
179 103
179 840
179 518
179 837
179 1336
179 957
179 104
179 480
179 709
179 1145
179 449
179 717
179 1100
179 1087
179 956
179 860
179 727
179 177
179 714
179 1250
179 1325
179 10
179 1083
179 723
179 1351
179 1084
179 142
179 346
179 1153
179 711
179 991
179 867
179 865
179 1226
179 1098
179 690
179 1035
179 883
179 87
179 1092
179 409
179 588
179 1032
179 782
179 843
179 274
179 368
179 1003
179 475
179 7
179 196
179 199
179 746
179 983
179 1204
179 463
179 393
179 531
179 941
179 208
179 1277
179 263
179 551
179 636
179 515
179 650
179 870
179 138
179 739
179 546
179 8
179 1133
179 1346
179 1387
179 1065
179 1056
179 1060
179 806
179 697
179 438
179 1315
179 879
179 165
179 564
179 1040
179 1318
179 890
179 506
179 1023
179 1278
179 1125
179 275
179 1299
179 1176
179 1185
179 1021
179 112
179 1064
179 644
179 1113
179 315
179 526
179 189
179 729
179 707
179 55
179 1057
179 902
179 532
179 913
179 1117
179 291
179 997
179 855
179 520
179 1264
179 1371
179 932
179 929
179 789
179 822
179 1025
179 1335
179 828
179 440
179 210
179 523
179 848
179 6
179 23
179 1096
179 1067
179 996
179 1242
179 413
179 830
179 287
179 53
179 603
179 555
179 1211
179 1010
179 1276
179 519
179 32
179 1030
179 585
179 1348
179 491
179 255
179 1392
179 1375
179 1337
179 107
179 1169
179 845
179 1279
179 516
179 1049
179 398
179 326
179 394
179 494
179 1354
179 1395
179 1284
179 1359
179 490
179 640
179 385
179 761
179 1349
179 606
179 780
179 42
179 534
179 45
179 1144
179 171
179 669
179 298
179 882
179 401
179 548
179 720
179 950
179 607
179 180
179 831
179 1126
179 318
179 1150
179 1122
179 823
179 267
179 1077
179 986
179 1232
179 170
179 754
179 821
179 1338
179 1053
179 751
179 5
179 181
179 1206
179 976
179 1296
179 1168
179 1397
179 560
179 2
179 1249
179 568
179 1071
179 1142
179 888
179 1244
179 577
179 382
179 152
179 1215
179 143
179 589
179 646
179 29
179 602
179 333
179 771
179 377
179 376
179 886
179 1167
179 649
179 293
179 909
179 885
179 735
179 1189
179 539
179 13
179 324
179 314
179 647
179 299
179 403
179 1033
179 1257
179 877
179 258
179 362
179 896
179 387
179 613
179 1201
179 586
179 1171
179 1052
179 215
179 269
179 744
179 1282
179 396
179 1323
179 610
179 955
179 63
179 827
179 1024
179 1099
179 111
179 833
179 1089
179 904
179 1398
179 543
179 296
179 765
179 969
179 973
179 856
179 1018
179 737
179 228
179 277
179 654
179 350
179 308
179 954
179 1203
179 1400
179 1101
179 544
179 425
179 959
179 450
179 1148
179 1340
179 44
179 43
179 304
179 22
179 582
179 533
179 769
179 1372
179 1221
179 354
179 1155
179 128
179 747
179 61
179 412
179 75
179 795
179 81
179 963
179 905
179 895
179 764
179 876
179 536
179 1361
179 839
179 21
179 824
179 1114
179 374
179 766
179 66
179 261
179 552
179 1160
179 906
179 366
179 643
179 783
179 276
179 645
179 1115
179 1097
179 129
179 1034
179 914
179 102
179 1294
179 622
179 358
179 570
179 237
179 762
179 565
179 722
179 1085
179 844
179 750
179 303
179 623
179 1088
179 718
179 78
179 846
179 361
179 578
179 620
179 1260
179 939
179 1019
179 92
179 156
179 100
179 528
179 1379
179 402
179 630
179 489
179 421
179 184
179 64
179 1251
179 1252
179 857
179 1156
179 185
179 777
179 728
179 778
179 71
179 725
179 1369
179 968
179 355
179 726
179 776
179 768
179 1173
179 741
179 1170
179 1162
179 336
179 1163
179 742
179 1172
179 763
179 759
179 339
179 320
179 424
179 46
179 864
179 254
179 858
179 859
179 1214
179 862
179 12
179 863
179 871
179 1396
179 874
179 875
179 239
179 878
179 881
179 884
179 897
179 853
179 256
179 786
179 925
179 218
179 1177
179 1183
179 948
179 946
179 812
179 813
179 832
179 264
179 834
179 835
179 838
179 285
179 841
179 911
179 910
179 715
179 1022
179 995
179 524
179 1314
179 1095
179 1094
179 1316
179 1317
179 510
179 517
179 139
179 414
179 1293
179 1292
179 559
179 1069
179 408
179 405
179 1290
179 502
179 493
179 1004
179 1111
179 436
179 437
179 893
179 448
179 178
179 1123
179 1136
179 471
179 1312
179 474
179 1103
179 162
179 479
179 482
179 1102
179 419
179 1063
179 594
179 595
179 670
179 648
179 1029
179 664
179 1027
179 1357
179 1358
179 1026
179 1362
179 596
179 1134
179 1017
179 1016
179 1011
179 83
179 1008
179 1161
179 1152
179 1146
179 392
179 639
179 400
179 598
179 1055
179 1054
179 609
179 238
179 616
179 619
179 114
179 113
179 1286
179 1046
179 1042
179 1350
179 1037
179 615
