18 492
18 197
18 248
18 498
18 56
18 1231
18 234
18 354
18 1352
18 122
18 801
18 1005
18 1006
18 106
18 154
18 232
18 927
18 360
18 69
18 19
18 231
18 57
18 1262
18 225
18 1114
18 443
18 1307
18 688
18 196
18 124
18 58
18 993
18 421
18 1350
18 947
18 1192
18 435
18 1104
18 1301
18 1304
18 312
18 988
18 48
18 1259
18 922
18 567
18 946
18 803
18 1112
18 1124
18 808
18 815
18 1115
18 189
18 1062
18 373
18 708
18 1214
18 468
18 717
18 662
18 25
18 999
18 802
18 1074
18 192
18 694
18 423
18 433
18 1285
18 27
18 1277
18 1218
18 1145
18 174
18 372
18 1310
18 907
18 1378
18 1193
18 494
18 1077
18 973
18 1179
18 410
18 326
18 279
18 1393
18 1347
18 636
18 1186
18 1229
18 370
18 291
18 1351
18 924
18 469
18 173
18 186
18 572
18 233
18 709
18 441
18 161
18 1075
18 384
18 698
18 70
18 179
18 1319
18 1108
18 1171
18 1000
18 632
18 711
18 273
18 901
18 1243
18 849
18 553
18 1045
18 414
18 1339
18 434
18 32
18 528
18 713
18 1
18 626
18 205
18 809
18 1355
18 188
18 712
18 1303
18 447
18 1001
18 1204
18 1381
18 556
18 972
18 1274
18 1188
18 609
18 1263
18 541
18 1149
18 1332
18 123
18 195
18 1292
18 282
18 411
18 1213
18 1334
18 564
18 992
18 1224
18 283
18 994
18 1309
18 693
18 1105
18 971
18 369
18 277
18 997
18 522
18 363
18 35
18 1040
18 430
18 1248
18 673
18 37
18 657
18 193
18 1184
18 1234
18 1356
18 484
18 146
18 464
18 1382
18 142
18 814
18 670
18 1336
18 12
18 1080
18 695
18 1051
18 714
18 97
18 1043
18 307
18 704
18 1212
18 689
18 1135
18 991
18 544
18 655
18 666
18 514
18 336
18 439
18 1147
18 1216
18 1106
18 1076
18 772
18 836
18 194
18 605
18 1002
18 569
18 969
18 979
18 1363
18 1390
18 250
18 728
18 816
18 101
18 38
18 465
18 292
18 230
18 923
18 671
18 679
18 456
18 983
18 508
18 1197
18 17
18 467
18 176
18 1039
18 1201
18 943
18 878
18 1064
18 1157
18 203
18 222
18 251
18 652
18 473
18 680
18 94
18 1258
18 665
18 1117
18 674
18 235
18 612
18 566
18 1227
18 1349
18 1090
18 520
18 1247
18 115
18 330
18 511
18 247
18 545
18 1261
18 420
18 1185
18 1151
18 1237
18 30
18 1107
18 996
18 687
18 1239
18 1205
18 147
18 335
18 1306
18 39
18 519
18 96
18 257
18 573
18 259
18 891
18 85
18 967
18 954
18 887
18 440
18 229
18 294
18 1391
18 211
18 346
18 431
18 663
18 1302
18 635
18 530
18 64
18 1255
18 574
18 637
18 638
18 183
18 675
18 512
18 876
18 84
18 690
18 955
18 1276
18 1337
18 610
18 1155
18 639
18 1161
18 266
18 36
18 1209
18 409
18 692
18 318
18 1250
18 904
18 1156
18 736
18 513
18 187
18 206
18 1154
18 287
18 1225
18 1004
18 1211
18 11
18 536
18 790
18 830
18 1298
18 338
18 212
18 213
18 1111
18 1343
18 650
18 1118
18 810
18 1092
18 20
18 63
18 496
18 1066
18 470
18 254
18 501
18 906
18 1070
18 93
18 523
18 1195
18 552
18 829
18 345
18 581
18 243
18 1217
18 505
18 753
18 601
18 271
18 403
18 332
18 89
18 599
18 226
18 857
18 710
18 216
18 1267
18 495
18 1238
18 915
18 936
18 681
18 134
18 432
18 1125
18 966
18 565
18 329
18 1187
18 160
18 1137
18 1341
18 1386
18 347
18 549
18 262
18 781
18 531
18 181
18 1230
18 126
18 121
18 413
18 1253
18 921
18 794
18 10
18 289
18 125
18 872
18 811
18 1228
18 595
18 846
18 295
18 44
18 310
18 265
18 1233
18 293
18 558
18 989
18 245
18 678
18 427
18 138
18 631
18 1046
18 981
18 696
18 978
18 580
18 220
18 415
18 900
18 74
18 428
18 1359
18 1266
18 164
18 1311
18 1110
18 297
18 559
18 952
18 1283
18 767
18 766
18 918
18 932
18 1136
18 1133
18 317
18 1271
18 977
18 935
18 356
18 763
18 944
18 654
18 29
18 1331
18 743
18 95
18 1174
18 1198
18 984
18 976
18 847
18 1366
18 1081
18 1019
18 1377
18 788
18 1008
18 518
18 204
18 62
18 1208
18 747
18 800
18 1314
18 856
18 930
18 383
18 720
18 1328
18 249
18 1146
18 79
18 182
18 321
18 3
18 117
18 1153
18 252
18 127
18 917
18 1373
18 49
18 1269
18 1280
18 54
18 1364
18 839
18 1324
18 296
18 950
18 1049
18 1200
18 525
18 43
18 937
18 577
18 1385
18 535
18 1281
18 838
18 961
18 770
18 304
18 806
18 529
18 1222
18 934
18 352
18 459
18 920
18 721
18 986
18 1374
18 1392
18 256
18 562
18 1264
18 624
18 863
18 683
18 497
18 554
18 202
18 334
18 1232
18 761
18 905
18 616
18 823
18 137
18 8
18 858
18 1097
18 785
18 80
18 16
18 557
18 962
18 110
18 733
18 286
18 386
18 1082
18 242
18 339
18 1317
18 1191
18 458
18 76
18 1015
18 576
18 1199
18 798
18 260
18 158
18 1091
18 1175
18 1196
18 970
18 275
18 371
18 349
18 1127
18 31
18 1003
18 499
18 1320
18 949
18 446
18 938
18 760
18 928
18 1057
18 1071
18 59
18 199
18 442
18 140
18 644
18 948
18 866
18 813
18 55
18 746
18 792
18 894
18 659
18 379
18 1371
18 209
18 1246
18 438
18 258
18 90
18 139
18 1315
18 227
18 783
18 1394
18 112
18 491
18 651
18 1116
18 1294
18 542
18 1166
18 540
18 697
18 1140
18 1167
18 625
18 185
18 351
18 276
18 344
18 1172
18 4
18 773
18 1083
18 537
18 278
18 985
18 974
18 14
18 168
18 628
18 1297
18 661
18 418
18 555
18 323
18 388
18 191
18 705
18 34
18 53
18 114
18 903
18 964
18 308
18 171
18 1068
18 1029
18 2
18 162
18 1042
18 723
18 1182
18 1069
18 729
18 1305
18 622
18 831
18 827
18 912
18 207
18 131
18 1165
18 1010
18 364
18 735
18 407
18 224
18 41
18 1095
18 77
18 476
18 647
18 1033
18 538
18 1279
18 1103
18 478
18 155
18 886
18 362
18 990
18 311
18 965
18 228
18 975
18 1335
18 91
18 119
18 701
18 842
18 588
18 850
18 1399
18 1318
18 939
18 1160
18 583
18 1354
18 1369
18 685
18 487
18 475
18 1338
18 328
18 796
18 1119
18 1383
18 1158
18 805
18 1132
18 1061
18 1056
18 642
18 1397
18 699
18 1398
18 1368
18 563
18 455
18 1291
18 175
18 951
18 503
18 452
18 1326
18 1181
18 703
18 715
18 1284
18 1129
18 359
18 1268
18 926
18 1235
18 305
18 547
18 1130
18 1162
18 272
18 1009
18 493
18 1122
18 169
18 87
18 585
18 78
18 105
18 653
18 664
18 845
18 1159
18 1143
18 1345
18 789
18 1016
18 65
18 517
18 100
18 1296
18 582
18 561
18 416
18 769
18 1265
18 285
18 449
18 765
18 757
18 241
18 1078
18 13
18 1038
18 1396
18 1021
18 151
18 786
18 640
18 1072
18 397
18 1011
18 1177
18 219
18 167
18 99
18 591
18 133
18 1032
18 860
18 672
18 677
18 848
18 604
18 1327
18 239
18 261
18 791
18 1047
18 1053
18 1065
18 457
18 358
18 1067
18 454
18 1245
18 1384
18 911
18 1241
18 546
18 606
18 592
18 725
18 916
18 1178
18 1244
18 406
18 634
18 377
18 611
18 500
18 109
18 641
18 1190
18 108
18 1094
18 959
18 722
18 52
18 1344
18 1134
18 633
18 719
18 184
18 787
18 477
18 462
18 103
18 240
18 1240
18 782
18 867
18 941
18 1249
18 1126
18 1194
18 215
18 246
18 645
18 9
18 1054
18 120
18 504
18 1164
18 727
18 807
18 578
18 784
18 881
18 1325
18 957
18 945
18 1312
18 600
18 982
18 1098
18 300
18 603
18 897
18 141
18 1372
18 314
18 740
18 1031
18 718
18 253
18 1183
18 144
18 1365
18 1329
18 762
18 288
18 15
18 575
18 1131
18 1220
18 1139
18 1055
18 1254
18 170
18 579
18 75
18 844
18 1028
18 1323
18 391
18 764
18 24
18 381
18 1290
18 1173
18 1059
18 893
18 658
18 1052
18 47
18 302
18 172
18 453
18 682
18 602
18 506
18 1093
18 263
18 825
18 1380
18 956
18 758
18 1289
18 489
18 707
18 348
18 309
18 82
18 646
18 157
18 198
18 315
18 1270
18 1144
18 820
18 116
18 236
18 852
18 691
18 156
18 593
18 1207
18 426
18 739
18 128
18 1370
18 1202
18 804
18 152
18 401
18 166
18 42
18 649
18 177
18 163
18 132
18 869
18 1034
18 486
18 466
18 417
18 1313
18 92
18 859
18 1226
18 589
18 1321
18 210
18 165
18 107
18 102
18 237
18 104
18 200
18 238
18 98
18 327
18 244
18 264
18 6
18 325
18 324
18 313
18 26
18 190
18 88
18 322
18 223
18 86
18 46
18 40
18 320
18 45
18 111
18 319
18 113
18 5
18 316
18 118
18 217
18 83
18 221
18 150
18 153
18 267
18 284
18 18
18 159
18 281
18 280
18 268
18 255
18 66
18 208
18 21
18 269
18 60
18 73
18 72
18 71
18 270
18 274
18 68
18 61
18 22
18 33
18 149
18 148
18 129
18 7
18 306
18 180
18 50
18 303
18 301
18 299
18 298
18 218
18 81
18 67
18 178
18 130
18 23
18 135
18 136
18 51
18 28
18 143
18 201
18 290
18 145
18 214
18 1400
18 331
18 1013
18 1007
18 998
18 995
18 987
18 980
18 968
18 963
18 960
18 958
18 953
18 942
18 940
18 933
18 931
18 929
18 925
18 919
18 1012
18 1014
18 1063
18 1017
18 1058
18 1050
18 1048
18 1044
18 1041
18 1037
18 1036
18 1035
18 1030
18 1027
18 1026
18 1025
18 1024
18 1023
18 1022
18 1020
18 1018
18 914
18 913
18 910
18 909
18 871
18 870
18 868
18 865
18 864
18 862
18 861
18 855
18 854
18 853
18 851
18 843
18 841
18 840
18 837
18 835
18 834
18 873
18 874
18 875
18 890
18 908
18 902
18 899
18 898
18 896
18 895
18 892
18 889
18 877
18 888
18 885
18 884
18 883
18 882
18 880
18 879
18 1060
18 1073
18 333
18 1330
18 1316
18 1308
18 1300
18 1299
18 1295
18 1293
18 1288
18 1287
18 1286
18 1282
18 1278
18 1275
18 1273
18 1272
18 1260
18 1257
18 1256
18 1322
18 1333
18 1079
18 1340
18 1395
18 1389
18 1388
18 1387
18 1379
18 1376
18 1375
18 1367
18 1362
18 1361
18 1360
18 1358
18 1357
18 1353
18 1348
18 1346
18 1342
18 1252
18 1251
18 1242
18 1236
18 1128
18 1123
18 1121
18 1120
18 1113
18 1109
18 1102
18 1101
18 1100
18 1099
18 1096
18 1089
18 1088
18 1087
18 1086
18 1085
18 1084
18 1138
18 1141
18 1142
18 1189
18 1223
18 1221
18 1219
18 1215
18 1210
18 1206
18 1203
18 1180
18 1148
18 1176
18 1170
18 1169
18 1168
18 1163
18 1152
18 1150
18 833
18 832
18 828
18 483
18 481
18 480
18 479
18 474
18 472
18 471
18 463
18 461
18 460
18 451
18 450
18 448
18 445
18 444
18 437
18 436
18 429
18 482
18 485
18 826
18 488
18 548
18 543
18 539
18 534
18 533
18 532
18 527
18 526
18 524
18 521
18 516
18 515
18 510
18 509
18 507
18 502
18 490
18 425
18 424
18 422
18 419
18 376
18 375
18 374
18 368
18 367
18 366
18 365
18 361
18 357
18 355
18 353
18 350
18 343
18 342
18 341
18 340
18 337
18 378
18 380
18 382
18 398
18 412
18 408
18 405
18 404
18 402
18 400
18 399
18 396
18 385
18 395
18 394
18 393
18 392
18 390
18 389
18 387
18 550
18 551
18 560
18 730
18 759
18 756
18 755
18 754
18 752
18 751
18 750
18 749
18 748
18 745
18 744
18 742
18 741
18 738
18 737
18 734
18 732
18 768
18 771
18 774
18 799
18 824
18 822
18 821
18 819
18 818
18 817
18 812
18 797
18 775
18 795
18 793
18 780
18 779
18 778
18 777
18 776
18 731
18 726
18 568
18 724
18 618
18 617
18 615
18 614
18 613
18 608
18 607
18 598
18 597
18 596
18 594
18 590
18 587
18 586
18 584
18 571
18 570
18 619
18 620
18 621
18 668
18 716
18 706
18 702
18 686
18 684
18 676
18 669
18 667
18 623
18 660
18 656
18 648
18 643
18 630
18 629
18 627
18 700
