181 997
181 176
181 993
181 610
181 1074
181 131
181 243
181 1062
181 409
181 970
181 1350
181 696
181 1075
181 1195
181 1243
181 1349
181 519
181 697
181 1093
181 1292
181 1352
181 695
181 245
181 121
181 971
181 925
181 1265
181 174
181 799
181 992
181 1232
181 177
181 973
181 1151
181 991
181 1306
181 188
181 173
181 350
181 672
181 725
181 1223
181 60
181 1367
181 969
181 179
181 946
181 1374
181 791
181 97
181 924
181 1021
181 86
181 233
181 994
181 772
181 1154
181 38
181 186
181 692
181 795
181 693
181 427
181 909
181 465
181 242
181 1227
181 126
181 1153
181 252
181 927
181 694
181 920
181 1222
181 282
181 775
181 972
181 221
181 923
181 1096
181 657
181 1239
181 1084
181 803
181 453
181 472
181 520
181 182
181 1377
181 273
181 1302
181 431
181 103
181 171
181 430
181 516
181 228
181 1267
181 1216
181 1061
181 1083
181 1272
181 278
181 774
181 172
181 129
181 911
181 1301
181 1181
181 650
181 1184
181 1351
181 439
181 216
181 124
181 398
181 251
181 663
181 455
181 335
181 213
181 1209
181 487
181 385
181 290
181 1182
181 1110
181 624
181 557
181 428
181 895
181 1375
181 360
181 814
181 391
181 961
181 607
181 779
181 19
181 464
181 426
181 218
181 1212
181 891
181 918
181 1228
181 556
181 572
181 197
181 40
181 1211
181 544
181 410
181 467
181 798
181 574
181 721
181 118
181 983
181 1317
181 521
181 429
181 904
181 979
181 527
181 921
181 7
181 222
181 231
181 137
181 1046
181 187
181 230
181 1314
181 1196
181 266
181 148
181 688
181 128
181 214
181 1200
181 219
181 1393
181 248
181 229
181 1199
181 875
181 802
181 1245
181 915
181 1006
181 860
181 31
181 633
181 1233
181 626
181 1320
181 41
181 1321
181 922
181 93
181 388
181 330
181 1269
181 636
181 496
181 306
181 829
181 680
181 662
181 345
181 288
181 549
181 706
181 406
181 48
181 491
181 319
181 640
181 577
181 375
181 511
181 167
181 206
181 371
181 726
181 1244
181 340
181 270
181 839
181 896
181 998
181 175
181 1088
181 1284
181 161
181 1169
181 800
181 74
181 1112
181 341
181 1259
181 84
181 1197
181 1063
181 1234
181 906
181 45
181 722
181 523
181 1051
181 301
181 466
181 226
181 538
181 880
181 227
181 1379
181 1396
181 1125
181 719
181 142
181 39
181 987
181 105
181 1287
181 211
181 503
181 773
181 11
181 241
181 1210
181 1273
181 3
181 1187
181 469
181 89
181 1266
181 1225
181 1108
181 792
181 630
181 793
181 1295
181 80
181 2
181 141
181 443
181 1270
181 328
181 147
181 1078
181 193
181 660
181 224
181 608
181 470
181 579
181 1371
181 1007
181 739
181 743
181 287
181 811
181 1143
181 433
181 1146
181 901
181 373
181 1262
181 809
181 729
181 212
181 960
181 123
181 730
181 46
181 1198
181 352
181 1397
181 461
181 1343
181 1328
181 1092
181 1098
181 1105
181 1122
181 683
181 501
181 1303
181 119
181 363
181 78
181 196
181 959
181 35
181 146
181 825
181 1119
181 497
181 954
181 223
181 586
181 281
181 200
181 201
181 541
181 52
181 159
181 1229
181 1383
181 747
181 370
181 395
181 240
181 529
181 827
181 346
181 767
181 1246
181 817
181 190
181 85
181 597
181 1339
181 1313
181 295
181 327
181 1180
181 280
181 294
181 1017
181 304
181 195
181 928
181 902
181 908
181 1081
181 714
181 1207
181 393
181 112
181 941
181 404
181 261
181 567
181 307
181 740
181 277
181 681
181 284
181 1202
181 933
181 784
181 57
181 561
181 575
181 1111
181 807
181 1255
181 1231
181 903
181 484
181 1235
181 757
181 10
181 225
181 4
181 900
181 366
181 55
181 365
181 1288
181 564
181 594
181 1039
181 844
181 1213
181 181
181 283
181 589
181 144
181 276
181 526
181 189
181 1310
181 115
181 1257
181 919
181 1384
181 1082
181 710
181 684
181 1026
181 253
181 950
181 1275
181 127
181 1101
181 310
181 691
181 720
181 379
181 33
181 1224
181 735
181 94
181 1179
181 1271
181 1330
181 489
181 416
181 36
181 440
181 289
181 1311
181 898
181 629
181 606
181 682
181 415
181 1
181 1356
181 23
181 935
181 754
181 1337
181 658
181 728
181 1334
181 202
181 1057
181 889
181 708
181 537
181 571
181 498
181 53
181 1399
181 746
181 1010
181 18
181 434
181 984
181 329
181 736
181 386
181 1080
181 332
181 828
181 609
181 1329
181 199
181 207
181 122
181 178
181 1277
181 550
181 965
181 326
181 1047
181 99
181 394
181 627
181 494
181 651
181 535
181 1354
181 96
181 1133
181 1258
181 217
181 490
181 560
181 1380
181 892
181 666
181 389
181 149
181 534
181 917
181 101
181 468
181 1106
181 507
181 400
181 305
181 669
181 1116
181 593
181 298
181 1391
181 180
181 236
181 583
181 209
181 512
181 488
181 1050
181 318
181 1079
181 753
181 665
181 642
181 313
181 1160
181 838
181 259
181 220
181 1253
181 1369
181 133
181 257
181 822
181 26
181 309
181 372
181 1139
181 98
181 964
181 751
181 1316
181 170
181 442
181 383
181 1099
181 417
181 1056
181 1247
181 1058
181 781
181 418
181 1359
181 1249
181 134
181 761
181 49
181 678
181 1280
181 1142
181 637
181 160
181 540
181 369
181 334
181 1353
181 355
181 382
181 872
181 685
181 967
181 1248
181 422
181 51
181 897
181 635
181 407
181 28
181 863
181 602
181 525
181 1256
181 1236
181 29
181 333
181 771
181 17
181 949
181 377
181 106
181 653
181 376
181 823
181 37
181 364
181 27
181 76
181 886
181 1183
181 1145
181 1161
181 810
181 628
181 989
181 530
181 1189
181 861
181 1327
181 110
181 539
181 15
181 652
181 514
181 1041
181 324
181 590
181 1394
181 425
181 955
181 191
181 299
181 34
181 513
181 258
181 604
181 387
181 1194
181 659
181 183
181 1283
181 1390
181 65
181 232
181 1268
181 215
181 117
181 894
181 592
181 420
181 456
181 269
181 109
181 1192
181 135
181 88
181 1282
181 397
181 1323
181 975
181 522
181 1324
181 727
181 674
181 157
181 63
181 990
181 1044
181 966
181 265
181 952
181 300
181 452
181 95
181 500
181 368
181 515
181 367
181 1134
181 1104
181 59
181 268
181 42
181 546
181 279
181 649
181 1009
181 1309
181 569
181 1121
181 890
181 308
181 562
181 1400
181 1015
181 474
181 1117
181 317
181 30
181 1203
181 947
181 1300
181 356
181 1238
181 419
181 625
181 612
181 108
181 1052
181 1130
181 1107
181 450
181 445
181 462
181 1274
181 297
181 1191
181 1148
181 495
181 843
181 136
181 1220
181 1362
181 956
181 531
181 1208
181 852
181 601
181 808
181 806
181 1319
181 322
181 458
181 1159
181 656
181 545
181 22
181 116
181 1193
181 1089
181 770
181 555
181 485
181 794
181 820
181 533
181 1186
181 945
181 755
181 797
181 446
181 690
181 605
181 390
181 675
181 1297
181 1221
181 483
181 988
181 454
181 785
181 733
181 644
181 262
181 1073
181 1281
181 25
181 87
181 873
181 566
181 481
181 912
181 61
181 600
181 818
181 1242
181 1386
181 667
181 1254
181 81
181 459
181 1136
181 756
181 963
181 563
181 876
181 1279
181 166
181 661
181 1364
181 1144
181 401
181 536
181 870
181 576
181 760
181 351
181 830
181 21
181 1304
181 1165
181 448
181 1372
181 50
181 1190
181 732
181 707
181 272
181 1003
181 1366
181 1076
181 705
181 1014
181 632
181 552
181 208
181 312
181 1025
181 1205
181 203
181 292
181 804
181 192
181 1290
181 874
181 782
181 205
181 1315
181 1072
181 916
181 1127
181 518
181 58
181 435
181 1149
181 47
181 1141
181 378
181 311
181 977
181 687
181 591
181 942
181 986
181 805
181 9
181 1381
181 588
181 845
181 701
181 504
181 100
181 91
181 1230
181 323
181 151
181 1097
181 73
181 914
181 432
181 102
181 423
181 1086
181 358
181 1370
181 570
181 1124
181 475
181 1296
181 790
181 237
181 801
181 980
181 1325
181 1368
181 655
181 315
181 1264
181 1158
181 342
181 70
181 565
181 1085
181 381
181 349
181 125
181 750
181 460
181 303
181 623
181 1204
181 668
181 325
181 444
181 316
181 1318
181 940
181 1289
181 1307
181 700
181 789
181 347
181 981
181 361
181 646
181 120
181 1040
181 578
181 145
181 996
181 83
181 1260
181 6
181 138
181 587
181 944
181 547
181 939
181 413
181 1365
181 82
181 1237
181 1250
181 457
181 16
181 528
181 380
181 244
181 14
181 748
181 402
181 69
181 1373
181 749
181 169
181 508
181 634
181 132
181 348
181 1332
181 421
181 477
181 943
181 198
181 1241
181 150
181 247
181 1128
181 702
181 184
181 64
181 204
181 985
181 1385
181 1002
181 165
181 974
181 1341
181 267
181 314
181 56
181 1157
181 1336
181 1251
181 899
181 152
181 699
181 1326
181 1252
181 54
181 1278
181 857
181 1156
181 344
181 689
181 155
181 1024
181 686
181 1263
181 72
181 856
181 1382
181 907
181 1064
181 1322
181 1261
181 24
181 486
181 44
181 603
181 296
181 1164
181 62
181 234
181 1166
181 274
181 704
181 185
181 869
181 1201
181 611
181 764
181 210
181 777
181 776
181 769
181 613
181 1226
181 1162
181 1219
181 1163
181 765
181 614
181 153
181 763
181 617
181 1167
181 1155
181 1152
181 1150
181 762
181 778
181 143
181 780
181 1147
181 599
181 1140
181 1138
181 1137
181 598
181 631
181 154
181 1168
181 194
181 622
181 768
181 140
181 168
181 1176
181 1177
181 1206
181 1178
181 1188
181 621
181 1185
181 620
181 619
181 618
181 616
181 766
181 1175
181 1174
181 164
181 163
181 1173
181 162
181 1172
181 1171
181 1170
181 1214
181 1215
181 1217
181 158
181 1218
181 156
181 615
181 868
181 111
181 139
181 717
181 1360
181 1358
181 1357
181 1355
181 43
181 1348
181 1347
181 677
181 1346
181 1345
181 676
181 1344
181 1342
181 1340
181 1338
181 718
181 1335
181 673
181 1333
181 66
181 67
181 1361
181 1363
181 1240
181 679
181 1398
181 1395
181 1392
181 5
181 1389
181 8
181 1388
181 1387
181 12
181 13
181 703
181 20
181 1378
181 709
181 1376
181 711
181 712
181 713
181 715
181 32
181 716
181 68
181 723
181 71
181 671
181 104
181 1293
181 1291
181 107
181 648
181 647
181 1132
181 1286
181 113
181 114
181 1285
181 645
181 643
181 752
181 1276
181 641
181 639
181 638
181 758
181 130
181 759
181 1294
181 745
181 744
181 737
181 1331
181 75
181 77
181 670
181 79
181 724
181 731
181 664
181 734
181 1312
181 1298
181 1308
181 90
181 738
181 92
181 741
181 1305
181 742
181 654
181 1299
181 1135
181 246
181 1131
181 783
181 958
181 957
181 396
181 841
181 953
181 399
181 951
181 403
181 948
181 405
181 842
181 524
181 408
181 411
181 412
181 414
181 846
181 847
181 938
181 848
181 937
181 936
181 849
181 424
181 934
181 962
181 392
181 840
181 995
181 359
181 1012
181 362
181 1011
181 1008
181 1005
181 1004
181 831
181 1001
181 1000
181 999
181 374
181 532
181 832
181 833
181 834
181 982
181 835
181 836
181 384
181 978
181 837
181 976
181 968
181 932
181 931
181 930
181 499
181 884
181 883
181 882
181 881
181 879
181 878
181 877
181 471
181 859
181 473
181 862
181 476
181 502
181 478
181 479
181 480
181 864
181 482
181 865
181 866
181 867
181 493
181 871
181 492
181 463
181 885
181 929
181 441
181 926
181 850
181 517
181 851
181 913
181 853
181 436
181 437
181 438
181 854
181 910
181 905
181 858
181 855
181 510
181 447
181 509
181 449
181 451
181 893
181 888
181 887
181 506
181 505
181 542
181 357
181 543
181 275
181 1091
181 263
181 264
181 1090
181 585
181 1087
181 584
181 582
181 271
181 581
181 1077
181 580
181 1094
181 796
181 1071
181 1070
181 1069
181 1068
181 1067
181 1066
181 285
181 286
181 1065
181 1060
181 260
181 1095
181 291
181 787
181 1129
181 596
181 1126
181 595
181 1123
181 1120
181 235
181 1118
181 786
181 238
181 239
181 1115
181 256
181 1114
181 1113
181 1109
181 788
181 249
181 250
181 1103
181 1102
181 1100
181 254
181 255
181 1059
181 573
181 1013
181 337
181 551
181 1031
181 1030
181 1029
181 1028
181 1027
181 331
181 821
181 1023
181 1022
181 336
181 338
181 553
181 339
181 1020
181 1019
181 824
181 343
181 1018
181 1016
181 548
181 826
181 353
181 354
181 1032
181 554
181 293
181 1042
181 1055
181 1054
181 568
181 1053
181 812
181 1049
181 1048
181 302
181 813
181 1045
181 1043
181 1038
181 321
181 1037
181 1036
181 815
181 816
181 1035
181 559
181 558
181 819
181 1034
181 1033
181 320
181 698
