182 634
182 685
182 686
182 593
182 1300
182 211
182 712
182 1338
182 1290
182 597
182 26
182 655
182 880
182 440
182 70
182 39
182 1107
182 856
182 1188
182 1341
182 189
182 544
182 1229
182 857
182 312
182 1267
182 204
182 632
182 1339
182 793
182 687
182 526
182 675
182 193
182 503
182 674
182 1210
182 757
182 334
182 521
182 439
182 971
182 753
182 794
182 1272
182 749
182 465
182 201
182 444
182 52
182 766
182 1111
182 797
182 285
182 1001
182 391
182 467
182 484
182 1008
182 701
182 625
182 205
182 1228
182 1218
182 736
182 514
182 442
182 1233
182 1311
182 572
182 571
182 372
182 511
182 1198
182 441
182 878
182 332
182 1378
182 713
182 380
182 683
182 25
182 54
182 1248
182 1354
182 310
182 464
182 933
182 816
182 858
182 894
182 900
182 748
182 776
182 1062
182 948
182 421
182 194
182 1355
182 1157
182 999
182 569
182 570
182 612
182 796
182 901
182 14
182 390
182 1007
182 200
182 924
182 1343
182 876
182 815
182 443
182 1274
182 496
182 783
182 1006
182 1211
182 1319
182 1181
182 567
182 707
182 1263
182 307
182 702
182 1289
182 899
182 1364
182 1337
182 362
182 420
182 662
182 676
182 791
182 874
182 673
182 1320
182 1104
182 708
182 859
182 788
182 79
182 452
182 1213
182 627
182 513
182 371
182 1251
182 298
182 187
182 647
182 879
182 902
182 470
182 1353
182 1065
182 15
182 994
182 409
182 759
182 626
182 304
182 1079
182 746
182 1207
182 7
182 227
182 781
182 1000
182 709
182 903
182 719
182 661
182 182
182 1292
182 973
182 127
182 688
182 925
182 134
182 780
182 1194
182 126
182 1363
182 1307
182 792
182 530
182 689
182 747
182 9
182 604
182 1392
182 946
182 519
182 202
182 1381
182 540
182 864
182 547
182 445
182 197
182 1256
182 559
182 1387
182 671
182 161
182 1098
182 179
182 644
182 142
182 342
182 600
182 947
182 1066
182 1064
182 979
182 347
182 869
182 1324
182 1284
182 566
182 643
182 1076
182 53
182 427
182 146
182 1330
182 658
182 369
182 264
182 1040
182 318
182 55
182 212
182 560
182 174
182 57
182 1329
182 56
182 1115
182 1264
182 1173
182 8
182 638
182 601
182 1151
182 226
182 670
182 422
182 239
182 1212
182 798
182 160
182 996
182 363
182 1105
182 76
182 730
182 1277
182 1246
182 273
182 124
182 222
182 354
182 1082
182 541
182 1310
182 155
182 917
182 1110
182 404
182 565
182 1197
182 806
182 431
182 1075
182 139
182 1266
182 516
182 1249
182 599
182 392
182 171
182 690
182 1262
182 1175
182 710
182 58
182 186
182 1091
182 897
182 63
182 5
182 922
182 423
182 975
182 282
182 44
182 1002
182 352
182 633
182 328
182 666
182 40
182 1367
182 1189
182 105
182 1342
182 609
182 346
182 466
182 1386
182 697
182 959
182 35
182 704
182 997
182 703
182 133
182 191
182 1106
182 430
182 93
182 809
182 1271
182 1241
182 125
182 23
182 648
182 1010
182 672
182 1202
182 803
182 73
182 590
182 1179
182 545
182 1351
182 469
182 800
182 624
182 1395
182 349
182 43
182 487
182 319
182 309
182 914
182 962
182 735
182 1154
182 315
182 473
182 311
182 370
182 528
182 1227
182 1396
182 993
182 608
182 714
182 1009
182 770
182 1153
182 550
182 1191
182 410
182 657
182 720
182 774
182 1328
182 799
182 972
182 272
182 453
182 1356
182 694
182 557
182 188
182 1237
182 337
182 998
182 151
182 234
182 80
182 1313
182 456
182 123
182 474
182 970
182 711
182 706
182 576
182 1089
182 727
182 504
182 1245
182 546
182 1371
182 316
182 434
182 209
182 413
182 306
182 1278
182 1183
182 896
182 1003
182 1281
182 1349
182 89
182 308
182 50
182 1282
182 353
182 553
182 1394
182 340
182 843
182 173
182 578
182 807
182 1159
182 1225
182 74
182 1366
182 327
182 537
182 6
182 1060
182 543
182 341
182 1352
182 424
182 693
182 1239
182 141
182 284
182 373
182 812
182 416
182 1258
182 966
182 406
182 1074
182 1169
182 267
182 772
182 225
182 663
182 692
182 67
182 913
182 889
182 314
182 303
182 101
182 486
182 1132
182 574
182 536
182 266
182 232
182 591
182 110
182 185
182 680
182 1309
182 846
182 2
182 848
182 605
182 983
182 1336
182 84
182 1304
182 483
182 1200
182 345
182 1383
182 1265
182 343
182 1163
182 395
182 636
182 1204
182 1380
182 573
182 60
182 808
182 992
182 1399
182 1004
182 10
182 1231
182 149
182 1390
182 454
182 145
182 129
182 245
182 861
182 33
182 175
182 525
182 588
182 1167
182 1215
182 529
182 1350
182 696
182 695
182 1114
182 297
182 122
182 198
182 417
182 360
182 568
182 1316
182 294
182 419
182 20
182 886
182 755
182 1221
182 157
182 649
182 1078
182 1250
182 476
182 329
182 49
182 240
182 610
182 338
182 825
182 1057
182 505
182 1092
182 1162
182 156
182 801
182 1302
182 1208
182 534
182 114
182 96
182 1247
182 482
182 260
182 11
182 147
182 976
182 1054
182 69
182 991
182 1058
182 1322
182 1296
182 606
182 1140
182 852
182 1315
182 36
182 45
182 1276
182 1059
182 562
182 21
182 218
182 887
182 1155
182 927
182 1077
182 1220
182 178
182 508
182 668
182 630
182 732
182 62
182 293
182 1224
182 94
182 814
182 41
182 1391
182 1370
182 1164
182 165
182 438
182 411
182 1216
182 1240
182 433
182 1088
182 779
182 412
182 523
182 811
182 254
182 641
182 915
182 1398
182 1393
182 121
182 208
182 1206
182 261
182 283
182 1158
182 301
182 1257
182 335
182 299
182 324
182 323
182 682
182 181
182 1384
182 255
182 775
182 177
182 489
182 287
182 564
182 501
182 928
182 81
182 326
182 949
182 243
182 117
182 112
182 754
182 1297
182 256
182 705
182 777
182 646
182 1096
182 580
182 700
182 82
182 1156
182 48
182 577
182 248
182 805
182 170
182 539
182 1373
182 85
182 872
182 1253
182 628
182 428
182 1377
182 771
182 837
182 1312
182 1234
182 678
182 964
182 375
182 1318
182 1222
182 213
182 359
182 538
182 847
182 401
182 669
182 295
182 760
182 860
182 721
182 651
182 921
182 1142
182 823
182 1273
182 733
182 941
182 184
182 1161
182 656
182 252
182 97
182 769
182 288
182 449
182 166
182 784
182 1187
182 767
182 152
182 729
182 522
182 867
182 629
182 650
182 756
182 667
182 461
182 575
182 262
182 934
182 214
182 1186
182 47
182 1005
182 1177
182 258
182 717
182 231
182 1094
182 199
182 1143
182 821
182 987
182 348
182 826
182 331
182 493
182 955
182 965
182 29
182 623
182 269
182 790
182 802
182 1260
182 1147
182 1038
182 763
182 1400
182 64
182 957
182 131
182 1097
182 585
182 1226
182 1093
182 99
182 59
182 923
182 1100
182 1362
182 1335
182 520
182 1235
182 1205
182 244
182 1254
182 228
182 494
182 1230
182 167
182 556
182 1327
182 1365
182 1047
182 13
182 851
182 1279
182 1081
182 425
182 1055
182 1379
182 286
182 742
182 278
182 870
182 517
182 1317
182 132
182 168
182 960
182 95
182 1325
182 1172
182 893
182 518
182 744
182 1030
182 635
182 905
182 223
182 128
182 1152
182 1223
182 1232
182 238
182 1131
182 787
182 762
182 206
182 1139
182 366
182 828
182 827
182 365
182 1270
182 890
182 398
182 1268
182 78
182 4
182 389
182 462
182 773
182 1
182 207
182 985
182 351
182 875
182 1357
182 1195
182 751
182 926
182 664
182 594
182 1280
182 242
182 302
182 715
182 1374
182 943
182 98
182 830
182 203
182 1069
182 458
182 1025
182 291
182 684
182 910
182 1361
182 1028
182 1039
182 24
182 42
182 645
182 1236
182 1149
182 909
182 1095
182 1108
182 88
182 408
182 953
182 275
182 27
182 598
182 907
182 102
182 414
182 1244
182 865
182 786
182 437
182 1127
182 881
182 292
182 448
182 162
182 892
182 838
182 115
182 1056
182 968
182 1165
182 1099
182 1369
182 432
182 1214
182 210
182 143
182 176
182 499
182 737
182 1085
182 460
182 989
182 355
182 954
182 822
182 1119
182 1287
182 450
182 119
182 849
182 1126
182 884
182 383
182 739
182 120
182 1080
182 1144
182 535
182 1243
182 1331
182 46
182 361
182 217
182 589
182 681
182 68
182 782
182 615
182 77
182 1134
182 1388
182 22
182 1196
182 939
182 1031
182 296
182 233
182 87
182 397
182 481
182 61
182 930
182 249
182 986
182 83
182 1323
182 548
182 491
182 1061
182 403
182 1109
182 447
182 613
182 330
182 1252
182 602
182 506
182 30
182 611
182 377
182 956
182 653
182 190
182 268
182 620
182 1259
182 765
182 37
182 1217
182 1013
182 1018
182 531
182 497
182 196
182 1128
182 679
182 290
182 435
182 259
182 961
182 738
182 912
182 1346
182 1295
182 839
182 554
182 942
182 618
182 103
182 220
182 919
182 974
182 990
182 555
182 51
182 1326
182 1294
182 1372
182 257
182 276
182 614
182 66
182 344
182 1184
182 764
182 230
182 1113
182 1051
182 300
182 542
182 325
182 317
182 1203
182 229
182 1382
182 270
182 1019
182 1242
182 603
182 219
182 172
182 660
182 100
182 677
182 274
182 1375
182 1321
182 1347
182 140
182 164
182 1201
182 163
182 130
182 981
182 596
182 768
182 944
182 477
182 595
182 135
182 592
182 778
182 475
182 136
182 137
182 138
182 587
182 586
182 1219
182 1238
182 940
182 761
182 144
182 745
182 938
182 104
182 1269
182 106
182 107
182 108
182 109
182 750
182 111
182 1261
182 113
182 472
182 607
182 116
182 1255
182 118
182 752
182 758
182 906
182 436
182 584
182 148
182 429
182 183
182 1178
182 1176
182 804
182 1174
182 810
182 1171
182 180
182 1170
182 1168
182 1166
182 583
182 813
182 1160
182 817
182 1150
182 818
182 478
182 1148
182 192
182 1146
182 1180
182 426
182 1182
182 950
182 1209
182 582
182 150
182 945
182 153
182 154
182 1199
182 581
182 785
182 158
182 159
182 1193
182 1192
182 579
182 1190
182 1185
182 789
182 795
182 169
182 937
182 936
182 743
182 451
182 28
182 1360
182 916
182 31
182 32
182 1359
182 34
182 1358
182 722
182 38
182 718
182 1348
182 911
182 640
182 1345
182 1344
182 1340
182 639
182 723
182 1334
182 642
182 716
182 1332
182 654
182 1397
182 3
182 665
182 1389
182 1385
182 463
182 457
182 1376
182 12
182 455
182 699
182 920
182 16
182 17
182 18
182 19
182 652
182 1368
182 691
182 698
182 1333
182 929
182 195
182 932
182 741
182 931
182 1293
182 1291
182 1288
182 622
182 621
182 1286
182 86
182 619
182 471
182 1285
182 90
182 91
182 92
182 1283
182 935
182 617
182 616
182 1275
182 740
182 75
182 637
182 1306
182 724
182 468
182 725
182 726
182 728
182 631
182 1314
182 731
182 1308
182 734
182 1298
182 65
182 908
182 1305
182 446
182 1303
182 1301
182 71
182 72
182 1299
182 1145
182 951
182 982
182 1024
182 321
182 322
182 1041
182 512
182 978
182 1037
182 1036
182 1035
182 1034
182 659
182 1033
182 1032
182 333
182 877
182 510
182 336
182 1029
182 509
182 339
182 1027
182 1026
182 320
182 1042
182 1043
182 1053
182 1068
182 1067
182 1063
182 977
182 866
182 868
182 871
182 515
182 305
182 1052
182 402
182 891
182 1050
182 1049
182 1048
182 873
182 313
182 1046
182 1045
182 1044
182 507
182 400
182 863
182 1023
182 995
182 980
182 500
182 988
182 374
182 498
182 376
182 394
182 378
182 379
182 393
182 381
182 382
182 888
182 384
182 385
182 386
182 387
182 388
182 495
182 984
182 1011
182 368
182 367
182 882
182 1022
182 1021
182 1020
182 399
182 350
182 490
182 492
182 1017
182 1016
182 356
182 885
182 357
182 358
182 1015
182 1014
182 883
182 396
182 1012
182 364
182 502
182 524
182 1070
182 819
182 836
182 1125
182 833
182 224
182 1124
182 1123
182 1122
182 552
182 958
182 459
182 1121
182 1120
182 551
182 834
182 235
182 236
182 237
182 549
182 1118
182 1117
182 241
182 835
182 221
182 418
182 904
182 561
182 1141
182 820
182 1138
182 1137
182 1136
182 824
182 1135
182 563
182 829
182 1133
182 480
182 831
182 558
182 1130
182 1129
182 952
182 832
182 215
182 216
182 479
182 1116
182 898
182 1071
182 246
182 271
182 1086
182 533
182 532
182 488
182 277
182 407
182 279
182 280
182 281
182 1084
182 1083
182 853
182 854
182 855
182 1073
182 1072
182 289
182 405
182 527
182 862
182 969
182 1087
182 485
182 1102
182 247
182 1112
182 415
182 250
182 251
182 840
182 253
182 895
182 1103
182 963
182 1090
182 1101
182 967
182 841
182 842
182 844
182 263
182 845
182 265
182 850
182 918
