183 809
183 758
183 804
183 1243
183 808
183 1247
183 806
183 39
183 811
183 88
183 268
183 1226
183 409
183 1177
183 807
183 805
183 810
183 253
183 883
183 993
183 642
183 1045
183 1142
183 71
183 583
183 1034
183 783
183 823
183 555
183 997
183 523
183 971
183 1311
183 157
183 1128
183 683
183 1313
183 439
183 227
183 340
183 590
183 1203
183 1350
183 822
183 1332
183 774
183 1124
183 127
183 1277
183 1237
183 566
183 952
183 942
183 895
183 625
183 1151
183 568
183 1342
183 1111
183 927
183 1199
183 562
183 975
183 849
183 1172
183 23
183 238
183 142
183 521
183 199
183 341
183 174
183 798
183 334
183 845
183 486
183 366
183 781
183 1014
183 694
183 1155
183 1293
183 972
183 645
183 593
183 1170
183 1364
183 893
183 1092
183 1236
183 925
183 596
183 749
183 1282
183 932
183 1273
183 1003
183 12
183 610
183 834
183 1046
183 701
183 574
183 1258
183 1271
183 1217
183 70
183 760
183 500
183 843
183 1314
183 490
183 26
183 1377
183 1264
183 989
183 1352
183 601
183 24
183 941
183 518
183 1253
183 1334
183 365
183 865
183 577
183 1251
183 84
183 651
183 535
183 256
183 272
183 333
183 291
183 650
183 1126
183 106
183 1122
183 468
183 672
183 141
183 514
183 1391
183 416
183 803
183 953
183 1016
183 1210
183 102
183 1302
183 877
183 753
183 1090
183 343
183 219
183 427
183 757
183 87
183 215
183 265
183 1154
183 1132
183 614
183 440
183 162
183 599
183 894
183 503
183 452
183 316
183 123
183 37
183 345
183 799
183 55
183 493
183 309
183 1380
183 520
183 453
183 1242
183 1130
183 82
183 11
183 472
183 889
183 1012
183 1131
183 626
183 118
183 653
183 681
183 81
183 1144
183 1191
183 274
183 1390
183 480
183 22
183 58
183 85
183 697
183 662
183 1175
183 615
183 63
183 280
183 970
183 1121
183 1015
183 1147
183 897
183 1013
183 148
183 171
183 606
183 112
183 1341
183 675
183 484
183 837
183 182
183 1320
183 665
183 839
183 10
183 114
183 801
183 1301
183 608
183 374
183 391
183 729
183 158
183 346
183 600
183 1047
183 1125
183 403
183 1209
183 344
183 960
183 613
183 773
183 1211
183 338
183 1188
183 724
183 1068
183 744
183 1239
183 800
183 1156
183 502
183 705
183 813
183 664
183 779
183 94
183 379
183 1205
183 177
183 57
183 431
183 14
183 254
183 434
183 540
183 131
183 1141
183 311
183 929
183 376
183 1136
183 1297
183 229
183 652
183 1207
183 323
183 1399
183 794
183 841
183 696
183 115
183 965
183 736
183 475
183 44
183 7
183 740
183 1372
183 739
183 38
183 93
183 1062
183 589
183 524
183 1381
183 1037
183 107
183 458
183 303
183 623
183 552
183 835
183 33
183 902
183 300
183 451
183 847
183 1263
183 940
183 231
183 1333
183 327
183 917
183 173
183 456
183 1080
183 541
183 1300
183 445
183 294
183 575
183 46
183 495
183 205
183 663
183 584
183 248
183 1161
183 1356
183 1331
183 517
183 874
183 767
183 770
183 1225
183 1246
183 1288
183 771
183 1186
183 595
183 666
183 529
183 213
183 27
183 586
183 187
183 1396
183 172
183 1189
183 168
183 680
183 526
183 1032
183 80
183 1027
183 860
183 624
183 1104
183 481
183 318
183 487
183 1250
183 319
183 1248
183 105
183 818
183 930
183 1223
183 15
183 36
183 412
183 1392
183 117
183 16
183 1187
183 958
183 548
183 479
183 126
183 522
183 726
183 742
183 13
183 351
183 793
183 1257
183 1304
183 474
183 611
183 967
183 717
183 1135
183 49
183 1044
183 1009
183 28
183 937
183 506
183 1374
183 1004
183 836
183 263
183 377
183 132
183 723
183 572
183 1238
183 829
183 1245
183 765
183 531
183 916
183 870
183 103
183 435
183 79
183 467
183 872
183 867
183 135
183 928
183 1346
183 443
183 1265
183 207
183 977
183 1115
183 1335
183 618
183 1002
183 921
183 504
183 89
183 1281
183 903
183 899
183 2
183 1329
183 762
183 288
183 448
183 442
183 369
183 166
183 904
183 51
183 188
183 579
183 792
183 1252
183 54
183 406
183 1279
183 125
183 170
183 1169
183 455
183 844
183 357
183 1198
183 656
183 375
183 628
183 304
183 97
183 1213
183 179
183 1212
183 1371
183 1088
183 1051
183 707
183 730
183 646
183 825
183 846
183 1330
183 688
183 667
183 151
183 1019
183 149
183 432
183 466
183 1039
183 328
183 329
183 1280
183 73
183 62
183 933
183 660
183 373
183 1296
183 1035
183 129
183 1375
183 1321
183 110
183 210
183 1134
183 315
183 1040
183 163
183 527
183 399
183 463
183 464
183 398
183 465
183 438
183 437
183 539
183 459
183 436
183 441
183 525
183 390
183 400
183 457
183 469
183 470
183 471
183 544
183 460
183 462
183 394
183 449
183 450
183 537
183 536
183 534
183 533
183 392
183 532
183 393
183 395
183 444
183 396
183 542
183 397
183 543
183 530
183 528
183 446
183 538
183 461
183 447
183 498
183 519
183 414
183 510
183 509
183 508
183 411
183 423
183 507
183 489
183 491
183 492
183 413
183 505
183 422
183 401
183 494
183 454
183 496
183 497
183 421
183 415
183 501
183 420
183 417
183 499
183 418
183 511
183 410
183 488
183 512
183 402
183 473
183 433
183 419
183 404
183 516
183 405
183 476
183 477
183 407
183 515
183 430
183 478
183 429
183 408
183 428
183 513
183 482
183 426
183 483
183 425
183 424
183 485
183 1400
183 282
183 389
183 165
183 161
183 160
183 159
183 156
183 155
183 154
183 153
183 152
183 150
183 147
183 146
183 145
183 144
183 143
183 140
183 139
183 138
183 137
183 136
183 134
183 133
183 130
183 128
183 124
183 122
183 121
183 120
183 164
183 167
183 116
183 169
183 209
183 208
183 206
183 204
183 203
183 202
183 201
183 200
183 198
183 197
183 196
183 195
183 194
183 193
183 192
183 191
183 190
183 189
183 186
183 185
183 184
183 183
183 181
183 180
183 178
183 176
183 175
183 119
183 113
183 212
183 56
183 52
183 50
183 48
183 47
183 45
183 43
183 42
183 41
183 40
183 35
183 34
183 32
183 31
183 30
183 29
183 25
183 21
183 20
183 19
183 18
183 17
183 9
183 8
183 6
183 5
183 4
183 3
183 53
183 59
183 111
183 60
183 109
183 108
183 104
183 101
183 100
183 99
183 98
183 96
183 95
183 92
183 91
183 90
183 86
183 83
183 78
183 77
183 76
183 75
183 74
183 72
183 69
183 68
183 67
183 66
183 65
183 64
183 61
183 211
183 214
183 388
183 347
183 339
183 337
183 336
183 335
183 332
183 331
183 330
183 326
183 325
183 324
183 322
183 321
183 320
183 317
183 314
183 313
183 312
183 310
183 308
183 307
183 306
183 305
183 302
183 301
183 299
183 298
183 297
183 342
183 348
183 295
183 349
183 387
183 386
183 385
183 384
183 383
183 382
183 381
183 380
183 378
183 372
183 371
183 370
183 368
183 367
183 364
183 363
183 362
183 361
183 360
183 359
183 358
183 356
183 355
183 354
183 353
183 352
183 350
183 296
183 293
183 216
183 251
183 249
183 247
183 246
183 245
183 244
183 243
183 242
183 241
183 240
183 239
183 237
183 236
183 235
183 234
183 233
183 232
183 230
183 228
183 226
183 225
183 224
183 223
183 222
183 221
183 220
183 218
183 217
183 250
183 252
183 292
183 255
183 290
183 289
183 287
183 286
183 285
183 284
183 283
183 546
183 281
183 279
183 278
183 277
183 276
183 275
183 273
183 271
183 270
183 269
183 267
183 266
183 264
183 262
183 261
183 260
183 259
183 258
183 257
183 545
183 700
183 547
183 1110
183 1103
183 1105
183 1106
183 1107
183 1108
183 1109
183 1112
183 985
183 1113
183 1114
183 1116
183 1117
183 1118
183 1119
183 1102
183 1101
183 1100
183 1099
183 1098
183 1097
183 1096
183 1095
183 1094
183 1093
183 1091
183 1089
183 1087
183 1086
183 1085
183 1084
183 1083
183 1120
183 1123
183 1127
183 1159
183 1179
183 1178
183 1176
183 1174
183 1173
183 1171
183 1168
183 1167
183 1166
183 1165
183 1164
183 1163
183 1162
183 1160
183 1158
183 1129
183 1157
183 1153
183 1152
183 1150
183 1149
183 1148
183 1146
183 1145
183 1143
183 1140
183 1139
183 1138
183 1137
183 1133
183 1082
183 1081
183 1079
183 1008
183 1030
183 1029
183 1028
183 1026
183 1025
183 1024
183 1023
183 1022
183 1021
183 1020
183 1018
183 1017
183 1011
183 1010
183 1007
183 1033
183 1006
183 1005
183 1001
183 1000
183 999
183 998
183 996
183 995
183 994
183 992
183 991
183 990
183 988
183 987
183 1031
183 1036
183 1078
183 1061
183 1077
183 1076
183 1075
183 1074
183 1073
183 1072
183 1071
183 1070
183 1069
183 1067
183 1066
183 1065
183 1064
183 1063
183 1060
183 1038
183 1059
183 1058
183 1057
183 1056
183 1055
183 1054
183 1053
183 1052
183 1050
183 1049
183 1048
183 1043
183 1042
183 1041
183 1180
183 1181
183 1182
183 1325
183 1349
183 1348
183 1347
183 1345
183 1344
183 1343
183 1340
183 1339
183 1338
183 1337
183 1336
183 1328
183 1327
183 1326
183 1324
183 1353
183 1323
183 1322
183 1319
183 1318
183 1317
183 1316
183 1315
183 1312
183 1310
183 1309
183 1308
183 1307
183 1306
183 1305
183 1351
183 1354
183 1299
183 1378
183 1398
183 1397
183 1395
183 1394
183 1393
183 1389
183 1388
183 1387
183 1386
183 1385
183 1384
183 1383
183 1382
183 1379
183 1376
183 1355
183 1373
183 1370
183 1369
183 1368
183 1367
183 1366
183 1365
183 1363
183 1362
183 1361
183 1360
183 1359
183 1358
183 1357
183 1303
183 1298
183 1183
183 1214
183 1232
183 1231
183 1230
183 1229
183 1228
183 1227
183 1224
183 1222
183 1221
183 1220
183 1219
183 1218
183 1216
183 1215
183 1208
183 1234
183 1206
183 1204
183 1202
183 1201
183 1200
183 1197
183 1196
183 1195
183 1194
183 1193
183 1192
183 1190
183 1185
183 1184
183 1233
183 1235
183 1295
183 1272
183 1294
183 1292
183 1291
183 1290
183 1289
183 1287
183 1286
183 1285
183 1284
183 1283
183 1278
183 1276
183 1275
183 1274
183 1270
183 1240
183 1269
183 1268
183 1267
183 1266
183 1262
183 1261
183 1260
183 1259
183 1256
183 1255
183 1254
183 1249
183 1244
183 1241
183 986
183 984
183 549
183 699
183 690
183 691
183 692
183 693
183 695
183 698
183 702
183 983
183 703
183 704
183 706
183 708
183 709
183 710
183 689
183 687
183 686
183 685
183 684
183 682
183 679
183 678
183 677
183 676
183 674
183 673
183 671
183 670
183 669
183 668
183 661
183 711
183 712
183 713
183 737
183 759
183 756
183 755
183 754
183 752
183 751
183 750
183 748
183 747
183 746
183 745
183 743
183 741
183 738
183 735
183 714
183 734
183 733
183 732
183 731
183 728
183 727
183 725
183 722
183 721
183 720
183 719
183 718
183 716
183 715
183 659
183 658
183 657
183 570
183 597
183 594
183 592
183 591
183 588
183 587
183 585
183 582
183 581
183 580
183 578
183 576
183 573
183 571
183 569
183 602
183 567
183 565
183 564
183 563
183 561
183 560
183 559
183 558
183 557
183 556
183 554
183 553
183 551
183 550
183 598
183 603
183 655
183 633
183 654
183 649
183 648
183 647
183 644
183 643
183 641
183 640
183 639
183 638
183 637
183 636
183 635
183 634
183 632
183 604
183 631
183 630
183 629
183 627
183 622
183 621
183 620
183 619
183 617
183 616
183 612
183 609
183 607
183 605
183 761
183 763
183 764
183 909
183 931
183 926
183 924
183 923
183 922
183 920
183 919
183 918
183 915
183 914
183 913
183 912
183 911
183 910
183 908
183 935
183 907
183 906
183 905
183 901
183 900
183 898
183 896
183 892
183 891
183 890
183 888
183 887
183 886
183 885
183 934
183 936
183 882
183 961
183 982
183 981
183 980
183 979
183 978
183 976
183 974
183 973
183 969
183 968
183 966
183 964
183 963
183 962
183 959
183 938
183 957
183 956
183 955
183 954
183 951
183 950
183 949
183 948
183 947
183 946
183 945
183 944
183 943
183 939
183 884
183 881
183 766
183 790
183 824
183 821
183 820
183 819
183 817
183 816
183 815
183 814
183 812
183 802
183 797
183 796
183 795
183 791
183 789
183 827
183 788
183 787
183 786
183 785
183 784
183 782
183 780
183 778
183 777
183 776
183 775
183 772
183 769
183 768
183 826
183 828
183 880
183 858
183 879
183 878
183 876
183 875
183 873
183 871
183 869
183 868
183 866
183 864
183 863
183 862
183 861
183 859
183 857
183 830
183 856
183 855
183 854
183 853
183 852
183 851
183 850
183 848
183 842
183 840
183 838
183 833
183 832
183 831
183 1
