184 207
184 715
184 515
184 716
184 895
184 1115
184 703
184 813
184 687
184 658
184 1152
184 164
184 281
184 1348
184 917
184 1000
184 509
184 944
184 790
184 162
184 67
184 717
184 554
184 1329
184 32
184 1346
184 1333
184 982
184 202
184 1141
184 153
184 919
184 82
184 200
184 1322
184 1345
184 639
184 1113
184 441
184 163
184 430
184 544
184 445
184 903
184 1046
184 764
184 1112
184 1110
184 779
184 918
184 1313
184 245
184 408
184 698
184 1344
184 1217
184 1347
184 379
184 1291
184 201
184 184
184 264
184 1219
184 978
184 1146
184 1286
184 1111
184 361
184 353
184 1047
184 275
184 417
184 1251
184 151
184 131
184 558
184 1259
184 916
184 699
184 532
184 786
184 665
184 339
184 1339
184 1048
184 660
184 1360
184 848
184 1066
184 220
184 618
184 212
184 138
184 599
184 413
184 19
184 604
184 77
184 447
184 251
184 740
184 415
184 196
184 742
184 704
184 597
184 1309
184 345
184 607
184 787
184 27
184 1206
184 1013
184 318
184 1214
184 262
184 677
184 798
184 402
184 21
184 705
184 186
184 656
184 1083
184 898
184 992
184 1068
184 1218
184 1379
184 242
184 902
184 428
184 894
184 368
184 69
184 254
184 470
184 838
184 309
184 967
184 575
184 1244
184 274
184 609
184 376
184 112
184 826
184 672
184 1394
184 147
184 977
184 553
184 400
184 496
184 966
184 99
184 123
184 584
184 210
184 713
184 1370
184 1160
184 1283
184 115
184 1297
184 555
184 549
184 499
184 109
184 853
184 1369
184 799
184 1260
184 833
184 1114
184 71
184 49
184 1207
184 1082
184 451
184 1337
184 316
184 595
184 473
184 815
184 444
184 1080
184 682
184 1074
184 383
184 1391
184 1279
184 661
184 1289
184 1054
184 380
184 1058
184 941
184 817
184 637
184 145
184 160
184 95
184 466
184 226
184 26
184 545
184 1044
184 1331
184 945
184 194
184 956
184 1371
184 664
184 617
184 5
184 139
184 104
184 192
184 457
184 1005
184 61
184 1018
184 550
184 247
184 25
184 15
184 117
184 748
184 333
184 149
184 1361
184 784
184 781
184 1222
184 755
184 403
184 1190
184 28
184 960
184 974
184 602
184 296
184 1296
184 410
184 949
184 60
184 800
184 506
184 2
184 190
184 1226
184 1330
184 915
184 42
184 801
184 1392
184 723
184 625
184 331
184 556
184 52
184 1315
184 246
184 297
184 870
184 1007
184 868
184 531
184 763
184 614
184 702
184 701
184 290
184 183
184 370
184 1188
184 1390
184 1385
184 14
184 1377
184 414
184 1118
184 872
184 881
184 133
184 1042
184 1125
184 321
184 733
184 760
184 1249
184 789
184 1126
184 211
184 582
184 541
184 1383
184 873
184 719
184 191
184 714
184 579
184 288
184 22
184 648
184 562
184 1233
184 257
184 122
184 874
184 1186
184 1072
184 1221
184 530
184 155
184 168
184 1032
184 583
184 299
184 397
184 73
184 484
184 34
184 319
184 914
184 167
184 300
184 851
184 971
184 720
184 244
184 809
184 1254
184 29
184 596
184 1191
184 294
184 136
184 293
184 1343
184 548
184 199
184 987
184 280
184 589
184 968
184 1321
184 500
184 926
184 641
184 613
184 235
184 305
184 302
184 1310
184 1153
184 603
184 328
184 1004
184 169
184 1181
184 621
184 520
184 808
184 404
184 566
184 827
184 627
184 497
184 208
184 521
184 261
184 187
184 816
184 754
184 431
184 1117
184 1270
184 605
184 1144
184 1035
184 452
184 1316
184 134
184 435
184 936
184 236
184 467
184 1017
184 135
184 852
184 929
184 975
184 1172
184 1373
184 464
184 239
184 899
184 1320
184 454
184 1075
184 1147
184 649
184 828
184 114
184 197
184 332
184 152
184 574
184 904
184 1268
184 756
184 1154
184 1165
184 1220
184 640
184 623
184 601
184 844
184 1179
184 282
184 97
184 1034
184 1051
184 788
184 1307
184 1382
184 47
184 622
184 363
184 825
184 846
184 252
184 1381
184 792
184 991
184 174
184 766
184 1195
184 344
184 427
184 329
184 1167
184 80
184 1137
184 423
184 1166
184 947
184 416
184 806
184 811
184 189
184 712
184 1204
184 225
184 695
184 94
184 869
184 1325
184 433
184 315
184 89
184 673
184 1040
184 721
184 533
184 412
184 406
184 405
184 420
184 528
184 557
184 527
184 469
184 559
184 418
184 560
184 401
184 561
184 524
184 526
184 563
184 411
184 419
184 407
184 534
184 552
184 535
184 536
184 543
184 546
184 409
184 547
184 537
184 542
184 468
184 538
184 551
184 539
184 540
184 465
184 529
184 525
184 455
184 421
184 490
184 446
184 458
184 486
184 487
184 488
184 489
184 491
184 442
184 492
184 493
184 494
184 459
184 443
184 495
184 485
184 483
184 482
184 481
184 448
184 449
184 480
184 450
184 471
184 456
184 479
184 478
184 477
184 453
184 476
184 475
184 474
184 460
184 498
184 523
184 426
184 429
184 511
184 512
184 472
184 514
184 516
184 517
184 440
184 425
184 424
184 518
184 519
184 422
184 522
184 510
184 508
184 463
184 432
184 434
184 462
184 436
184 461
184 507
184 437
184 505
184 504
184 503
184 502
184 501
184 438
184 439
184 513
184 1400
184 399
184 144
184 142
184 141
184 140
184 137
184 132
184 130
184 129
184 128
184 127
184 126
184 125
184 124
184 121
184 120
184 119
184 118
184 116
184 113
184 111
184 110
184 108
184 107
184 106
184 105
184 103
184 102
184 101
184 100
184 98
184 143
184 146
184 398
184 148
184 205
184 204
184 203
184 198
184 195
184 193
184 188
184 185
184 182
184 181
184 180
184 179
184 178
184 177
184 176
184 175
184 173
184 172
184 171
184 170
184 166
184 165
184 161
184 159
184 158
184 157
184 156
184 154
184 150
184 96
184 93
184 92
184 91
184 45
184 44
184 43
184 41
184 40
184 39
184 38
184 37
184 36
184 35
184 33
184 31
184 30
184 24
184 23
184 20
184 18
184 17
184 16
184 13
184 12
184 11
184 10
184 9
184 8
184 7
184 6
184 4
184 3
184 46
184 48
184 50
184 72
184 90
184 88
184 87
184 86
184 85
184 84
184 83
184 81
184 79
184 78
184 76
184 75
184 74
184 70
184 51
184 68
184 66
184 65
184 64
184 63
184 62
184 59
184 58
184 57
184 56
184 55
184 54
184 53
184 206
184 209
184 213
184 312
184 356
184 355
184 354
184 352
184 351
184 350
184 349
184 348
184 347
184 346
184 343
184 342
184 341
184 340
184 338
184 337
184 336
184 335
184 334
184 330
184 327
184 326
184 325
184 324
184 323
184 322
184 320
184 317
184 314
184 357
184 358
184 359
184 382
184 396
184 395
184 394
184 393
184 392
184 391
184 390
184 389
184 388
184 387
184 386
184 385
184 384
184 381
184 360
184 378
184 377
184 375
184 374
184 373
184 372
184 371
184 369
184 367
184 366
184 365
184 364
184 362
184 313
184 311
184 214
184 310
184 258
184 256
184 255
184 253
184 250
184 249
184 248
184 243
184 241
184 240
184 238
184 237
184 234
184 233
184 232
184 231
184 230
184 229
184 228
184 227
184 224
184 223
184 222
184 221
184 219
184 218
184 217
184 216
184 215
184 259
184 260
184 263
184 285
184 308
184 307
184 306
184 304
184 303
184 301
184 298
184 295
184 564
184 291
184 289
184 287
184 286
184 284
184 265
184 283
184 279
184 278
184 277
184 276
184 273
184 272
184 271
184 270
184 269
184 268
184 267
184 266
184 292
184 700
184 565
184 1130
184 1122
184 1123
184 1124
184 1127
184 1128
184 1129
184 1131
184 1120
184 1132
184 1133
184 1134
184 1135
184 1136
184 1138
184 1121
184 1119
184 1094
184 1102
184 1096
184 1097
184 1098
184 1099
184 1100
184 1101
184 1103
184 1116
184 1104
184 1105
184 1106
184 1107
184 1108
184 1109
184 1139
184 1140
184 1142
184 1178
184 1171
184 1173
184 1174
184 1175
184 1176
184 1177
184 1180
184 1143
184 1182
184 1183
184 1184
184 1185
184 1187
184 1189
184 1170
184 1169
184 1168
184 1164
184 1163
184 1162
184 1161
184 1159
184 1158
184 1157
184 1156
184 1155
184 1151
184 1150
184 1149
184 1148
184 1145
184 1095
184 1093
184 567
184 1029
184 1023
184 1024
184 1025
184 1026
184 1027
184 1028
184 1030
184 1021
184 1031
184 1033
184 1036
184 1037
184 1038
184 1039
184 1022
184 1020
184 1092
184 1008
184 998
184 999
184 1001
184 1002
184 1003
184 1006
184 1009
184 1019
184 1010
184 1011
184 1012
184 1014
184 1015
184 1016
184 1041
184 1043
184 1045
184 1084
184 1073
184 1076
184 1077
184 1078
184 1079
184 1081
184 1085
184 1049
184 1086
184 1087
184 1088
184 1089
184 1090
184 1091
184 1071
184 1070
184 1069
184 1067
184 1065
184 1064
184 1063
184 1062
184 1061
184 1060
184 1059
184 1057
184 1056
184 1055
184 1053
184 1052
184 1050
184 1192
184 1193
184 1194
184 1328
184 1318
184 1319
184 1323
184 1324
184 1326
184 1327
184 1332
184 1314
184 1334
184 1335
184 1336
184 1338
184 1340
184 1341
184 1317
184 1312
184 1196
184 1300
184 1292
184 1293
184 1294
184 1295
184 1298
184 1299
184 1301
184 1311
184 1302
184 1303
184 1304
184 1305
184 1306
184 1308
184 1342
184 1349
184 1350
184 1387
184 1375
184 1376
184 1378
184 1380
184 1384
184 1386
184 1388
184 1351
184 1389
184 1393
184 1395
184 1396
184 1397
184 1398
184 1374
184 1372
184 1368
184 1367
184 1366
184 1365
184 1364
184 1363
184 1362
184 1359
184 1358
184 1357
184 1356
184 1355
184 1354
184 1353
184 1352
184 1290
184 1288
184 1287
184 1231
184 1224
184 1225
184 1227
184 1228
184 1229
184 1230
184 1232
184 1241
184 1234
184 1235
184 1236
184 1237
184 1238
184 1239
184 1223
184 1216
184 1215
184 1213
184 1212
184 1211
184 1210
184 1209
184 1208
184 1205
184 1203
184 1202
184 1201
184 1200
184 1199
184 1198
184 1197
184 1240
184 1242
184 1285
184 1275
184 1267
184 1269
184 1271
184 1272
184 1273
184 1274
184 1276
184 1243
184 1277
184 1278
184 1280
184 1281
184 1282
184 1284
184 1266
184 1265
184 1264
184 1263
184 1262
184 1261
184 1258
184 1257
184 1256
184 1255
184 1253
184 1252
184 1250
184 1248
184 1247
184 1246
184 1245
184 997
184 996
184 995
184 724
184 708
184 709
184 710
184 711
184 718
184 722
184 725
184 706
184 726
184 727
184 728
184 729
184 730
184 731
184 707
184 1399
184 780
184 688
184 680
184 681
184 683
184 684
184 685
184 686
184 689
184 697
184 690
184 691
184 692
184 693
184 694
184 696
184 732
184 734
184 735
184 770
184 761
184 762
184 765
184 767
184 768
184 769
184 771
184 736
184 772
184 773
184 774
184 775
184 776
184 777
184 759
184 758
184 757
184 753
184 752
184 751
184 750
184 749
184 747
184 746
184 745
184 744
184 743
184 741
184 739
184 738
184 737
184 679
184 678
184 676
184 608
184 592
184 593
184 594
184 598
184 600
184 606
184 610
184 626
184 611
184 612
184 615
184 616
184 619
184 620
184 591
184 590
184 588
184 587
184 586
184 585
184 581
184 580
184 578
184 577
184 576
184 573
184 572
184 571
184 570
184 569
184 568
184 624
184 628
184 675
184 663
184 653
184 654
184 655
184 657
184 659
184 662
184 666
184 629
184 667
184 668
184 669
184 670
184 671
184 674
184 652
184 651
184 650
184 647
184 646
184 645
184 644
184 643
184 642
184 638
184 636
184 635
184 634
184 633
184 632
184 631
184 630
184 778
184 782
184 994
184 931
184 923
184 924
184 925
184 927
184 928
184 930
184 932
184 921
184 933
184 934
184 935
184 937
184 938
184 939
184 922
184 920
184 783
184 905
184 892
184 893
184 896
184 897
184 900
184 901
184 906
184 913
184 907
184 908
184 909
184 910
184 911
184 912
184 940
184 942
184 943
184 983
184 972
184 973
184 976
184 979
184 980
184 981
184 984
184 946
184 985
184 986
184 988
184 989
184 990
184 993
184 970
184 969
184 965
184 964
184 963
184 962
184 961
184 959
184 958
184 957
184 955
184 954
184 953
184 952
184 951
184 950
184 948
184 891
184 890
184 889
184 830
184 820
184 821
184 822
184 823
184 824
184 829
184 831
184 841
184 832
184 834
184 835
184 836
184 837
184 839
184 819
184 818
184 814
184 812
184 810
184 807
184 805
184 804
184 803
184 802
184 797
184 796
184 795
184 794
184 793
184 791
184 785
184 840
184 842
184 888
184 879
184 867
184 871
184 875
184 876
184 877
184 878
184 880
184 843
184 882
184 883
184 884
184 885
184 886
184 887
184 866
184 865
184 864
184 863
184 862
184 861
184 860
184 859
184 858
184 857
184 856
184 855
184 854
184 850
184 849
184 847
184 845
184 1
