185 856
185 1008
185 857
185 864
185 766
185 391
185 858
185 948
185 390
185 658
185 285
185 627
185 859
185 878
185 15
185 1111
185 894
185 728
185 911
185 1290
185 31
185 1338
185 753
185 686
185 1341
185 1337
185 729
185 727
185 711
185 879
185 781
185 1392
185 202
185 899
185 634
185 442
185 1127
185 593
185 914
185 747
185 880
185 444
185 1339
185 75
185 643
185 52
185 434
185 749
185 685
185 709
185 362
185 1387
185 441
185 876
185 725
185 380
185 1269
185 874
185 719
185 14
185 256
185 997
185 549
185 1400
185 726
185 1314
185 720
185 748
185 207
185 836
185 544
185 1152
185 496
185 433
185 418
185 486
185 421
185 772
185 912
185 507
185 41
185 123
185 74
185 1006
185 464
185 801
185 1042
185 1264
185 907
185 1
185 271
185 847
185 760
185 1277
185 924
185 1214
185 347
185 1272
185 1045
185 171
185 11
185 572
185 530
185 704
185 167
185 1130
185 70
185 1160
185 1019
185 588
185 610
185 941
185 932
185 334
185 935
185 1054
185 455
185 743
185 746
185 1153
185 411
185 1213
185 716
185 17
185 37
185 670
185 289
185 225
185 840
185 563
185 1146
185 61
185 1062
185 1232
185 277
185 1167
185 112
185 950
185 1049
185 270
185 216
185 420
185 293
185 862
185 443
185 1118
185 1398
185 372
185 220
185 21
185 954
185 974
185 863
185 967
185 1216
185 1267
185 823
185 346
185 137
185 644
185 663
185 830
185 1161
185 775
185 286
185 257
185 339
185 186
185 369
185 1317
185 928
185 201
185 666
185 297
185 1258
185 1196
185 45
185 170
185 576
185 413
185 407
185 19
185 991
185 195
185 204
185 1295
185 827
185 432
185 1002
185 1074
185 866
185 514
185 1205
185 29
185 848
185 128
185 330
185 953
185 267
185 363
185 56
185 1336
185 2
185 30
185 933
185 892
185 996
185 209
185 234
185 1278
185 1083
185 71
185 1076
185 820
185 632
185 701
185 337
185 1066
185 1099
185 494
185 303
185 675
185 203
185 722
185 1253
185 1302
185 761
185 581
185 984
185 84
185 884
185 1069
185 688
185 822
185 1225
185 612
185 327
185 1363
185 101
185 164
185 1239
185 1039
185 472
185 157
185 344
185 891
185 1046
185 578
185 1388
185 484
185 657
185 667
185 525
185 1233
185 501
185 957
185 1288
185 25
185 965
185 1075
185 77
185 690
185 42
185 1325
185 197
185 1227
185 279
185 1378
185 154
185 1171
185 680
185 55
185 251
185 767
185 1369
185 1164
185 73
185 585
185 319
185 105
185 1156
185 1158
185 952
185 491
185 1001
185 1268
185 1397
185 90
185 639
185 552
185 425
185 689
185 550
185 951
185 273
185 503
185 33
185 1209
185 176
185 1234
185 678
185 179
185 1352
185 206
185 409
185 1263
185 1081
185 1304
185 505
185 986
185 1109
185 518
185 39
185 295
185 1080
185 613
185 446
185 522
185 1122
185 1145
185 1192
185 78
185 508
185 1262
185 1181
185 653
185 758
185 8
185 845
185 489
185 1159
185 802
185 1016
185 887
185 517
185 354
185 1155
185 307
185 955
185 1284
185 1186
185 198
185 1078
185 973
185 695
185 777
185 1396
185 1018
185 927
185 1228
185 142
185 531
185 1128
185 626
185 118
185 366
185 520
185 397
185 365
185 173
185 640
185 79
185 1177
185 1237
185 99
185 1219
185 975
185 942
185 1097
185 919
185 16
185 1187
185 1281
185 946
185 1112
185 371
185 1110
185 83
185 121
185 1151
185 903
185 352
185 360
185 1251
185 35
185 345
185 1070
185 865
185 1384
185 69
185 498
185 606
185 994
185 804
185 1298
185 574
185 1194
185 221
185 51
185 567
185 519
185 287
185 1204
185 1374
185 923
185 377
185 558
185 1185
185 245
185 993
185 1136
185 12
185 1154
185 43
185 1391
185 497
185 1279
185 829
185 816
185 614
185 959
185 1184
185 1025
185 1231
185 1108
185 679
185 1364
185 184
185 227
185 183
185 370
185 1390
185 511
185 1088
185 462
185 103
185 58
185 694
185 435
185 540
185 1309
185 467
185 338
185 867
185 439
185 560
185 961
185 713
185 456
185 1222
185 1324
185 283
185 645
185 553
185 1172
185 561
185 504
185 805
185 1224
185 1230
185 881
185 151
185 222
185 600
185 1125
185 1246
185 782
185 1098
185 115
185 191
185 53
185 964
185 1372
185 9
185 740
185 999
185 188
185 917
185 1351
185 160
185 660
185 1220
185 1319
185 844
185 1198
185 635
185 1035
185 1028
185 282
185 304
185 636
185 757
185 764
185 548
185 1212
185 1271
185 230
185 797
185 1051
185 569
185 47
185 790
185 294
185 453
185 193
185 825
185 846
185 1261
185 1134
185 1082
185 131
185 595
185 1195
185 1310
185 1199
185 185
185 427
185 329
185 1144
185 187
185 168
185 401
185 423
185 1218
185 156
185 739
185 272
185 662
185 806
185 1092
185 189
185 712
185 536
185 140
185 649
185 869
185 721
185 1201
185 212
185 717
185 262
185 1040
185 89
185 100
185 452
185 437
185 436
185 447
185 102
185 104
185 454
185 106
185 107
185 1377
185 451
185 438
185 98
185 91
185 97
185 96
185 449
185 450
185 440
185 1376
185 448
185 1375
185 108
185 94
185 93
185 445
185 92
185 95
185 266
185 109
185 412
185 126
185 417
185 416
185 127
185 129
185 130
185 415
185 414
185 132
185 431
185 410
185 133
185 134
185 135
185 136
185 408
185 138
185 406
185 1380
185 419
185 125
185 1379
185 430
185 110
185 429
185 87
185 111
185 428
185 113
185 114
185 116
185 426
185 117
185 119
185 424
185 120
185 122
185 422
185 124
185 88
185 81
185 457
185 490
185 502
185 28
185 32
185 500
185 34
185 499
185 36
185 38
185 40
185 1395
185 1371
185 495
185 44
185 46
185 48
185 49
185 493
185 50
185 492
185 27
185 26
185 24
185 13
185 3
185 4
185 5
185 6
185 516
185 515
185 7
185 10
185 513
185 23
185 512
185 18
185 510
185 509
185 20
185 1370
185 22
185 506
185 1394
185 54
185 86
185 57
185 471
185 68
185 470
185 469
185 468
185 72
185 1393
185 466
185 465
185 1373
185 463
185 76
185 80
185 461
185 460
185 459
185 458
185 82
185 85
185 67
185 473
185 474
185 65
185 488
185 487
185 59
185 60
185 62
185 485
185 63
185 64
185 483
185 475
185 482
185 481
185 480
185 479
185 66
185 478
185 477
185 476
185 139
185 143
185 405
185 226
185 311
185 218
185 219
185 310
185 223
185 309
185 224
185 308
185 228
185 312
185 229
185 306
185 305
185 231
185 232
185 302
185 301
185 300
185 217
185 313
185 331
185 323
185 208
185 328
185 210
185 326
185 325
185 211
185 324
185 213
185 322
185 314
185 321
185 320
185 214
185 318
185 317
185 316
185 315
185 215
185 299
185 233
185 298
185 278
185 253
185 254
185 255
185 1386
185 258
185 281
185 280
185 259
185 260
185 235
185 276
185 275
185 274
185 261
185 263
185 264
185 269
185 265
185 252
185 250
185 284
185 1385
185 296
185 236
185 237
185 238
185 239
185 240
185 241
185 242
185 244
185 292
185 291
185 290
185 246
185 288
185 247
185 248
185 249
185 205
185 332
185 404
185 378
185 385
185 384
185 383
185 382
185 381
185 148
185 1383
185 379
185 149
185 147
185 376
185 375
185 374
185 373
185 150
185 152
185 153
185 155
185 386
185 387
185 333
185 396
185 403
185 402
185 141
185 400
185 399
185 268
185 398
185 144
185 395
185 388
185 394
185 393
185 392
185 145
185 1381
185 1382
185 146
185 389
185 158
185 368
185 159
185 192
185 350
185 349
185 348
185 181
185 182
185 190
185 343
185 342
185 341
185 161
185 340
185 194
185 196
185 199
185 336
185 335
185 200
185 1389
185 351
185 180
185 353
185 178
185 367
185 162
185 163
185 364
185 165
185 361
185 166
185 359
185 169
185 358
185 172
185 174
185 357
185 356
185 175
185 355
185 177
185 243
185 655
185 521
185 1041
185 1037
185 1036
185 1034
185 1033
185 1032
185 1031
185 1030
185 1029
185 1027
185 1026
185 1024
185 1023
185 1022
185 1021
185 1020
185 1017
185 1015
185 1014
185 1013
185 1012
185 1011
185 1010
185 1009
185 1007
185 1320
185 1005
185 1004
185 1003
185 1000
185 1038
185 1318
185 523
185 1043
185 1090
185 1089
185 1087
185 1086
185 1085
185 1084
185 1079
185 1077
185 1073
185 1072
185 1071
185 1068
185 1067
185 1065
185 1064
185 1063
185 1061
185 1060
185 1059
185 1058
185 1057
185 1056
185 1055
185 1053
185 1052
185 1050
185 1048
185 1047
185 1044
185 998
185 1321
185 995
185 992
185 938
185 937
185 936
185 934
185 931
185 930
185 929
185 926
185 925
185 922
185 921
185 920
185 918
185 916
185 915
185 1323
185 913
185 910
185 909
185 908
185 1326
185 906
185 905
185 904
185 902
185 901
185 900
185 1327
185 898
185 939
185 940
185 943
185 972
185 990
185 989
185 988
185 987
185 985
185 983
185 982
185 981
185 980
185 979
185 978
185 977
185 976
185 971
185 944
185 970
185 969
185 968
185 966
185 963
185 962
185 960
185 958
185 956
185 949
185 1322
185 947
185 945
185 1091
185 1093
185 1094
185 1203
185 1259
185 1257
185 1256
185 1255
185 1254
185 1252
185 1250
185 1249
185 1248
185 1247
185 1245
185 1244
185 1243
185 1242
185 1241
185 1240
185 1238
185 1236
185 1235
185 1229
185 1226
185 1223
185 1221
185 1217
185 1215
185 1211
185 1210
185 1208
185 1207
185 1260
185 1313
185 1265
185 1291
185 1308
185 1307
185 1306
185 1305
185 1303
185 1301
185 1300
185 1299
185 1297
185 1296
185 1294
185 1293
185 1292
185 1311
185 1266
185 1289
185 1287
185 1286
185 1285
185 1283
185 1282
185 1280
185 1276
185 1275
185 1274
185 1273
185 1270
185 1312
185 1206
185 1202
185 1095
185 1200
185 1139
185 1138
185 1137
185 1135
185 1133
185 1132
185 1131
185 1129
185 1316
185 1126
185 1124
185 1123
185 1121
185 1120
185 1119
185 1117
185 1116
185 1115
185 1114
185 1113
185 1107
185 1106
185 1105
185 1104
185 1103
185 1102
185 1101
185 1100
185 1096
185 1140
185 1141
185 1142
185 1174
185 1197
185 1193
185 1191
185 1190
185 1189
185 1188
185 1183
185 1182
185 1180
185 1179
185 1178
185 1176
185 1175
185 1173
185 1143
185 1170
185 1169
185 1168
185 1166
185 1165
185 1163
185 1162
185 1157
185 1315
185 1150
185 1149
185 1148
185 1147
185 897
185 896
185 895
185 617
185 664
185 661
185 659
185 656
185 654
185 652
185 651
185 650
185 648
185 647
185 646
185 642
185 641
185 638
185 637
185 1365
185 633
185 631
185 630
185 629
185 628
185 1366
185 625
185 624
185 623
185 622
185 621
185 620
185 619
185 665
185 668
185 669
185 693
185 710
185 1360
185 708
185 707
185 706
185 705
185 703
185 702
185 1399
185 699
185 698
185 697
185 696
185 692
185 671
185 691
185 687
185 1361
185 1362
185 684
185 683
185 682
185 681
185 677
185 676
185 674
185 673
185 672
185 618
185 616
185 714
185 615
185 566
185 565
185 564
185 562
185 559
185 557
185 556
185 555
185 554
185 551
185 1368
185 547
185 546
185 545
185 543
185 542
185 541
185 539
185 538
185 537
185 535
185 534
185 533
185 532
185 529
185 528
185 527
185 526
185 524
185 568
185 570
185 571
185 594
185 611
185 609
185 608
185 607
185 605
185 604
185 603
185 602
185 601
185 599
185 598
185 597
185 596
185 1367
185 573
185 592
185 591
185 590
185 589
185 587
185 586
185 584
185 583
185 582
185 580
185 579
185 577
185 575
185 1359
185 715
185 1328
185 1344
185 849
185 843
185 842
185 841
185 839
185 838
185 837
185 1343
185 835
185 834
185 833
185 832
185 831
185 828
185 826
185 824
185 821
185 819
185 818
185 817
185 815
185 814
185 813
185 812
185 811
185 810
185 809
185 808
185 807
185 850
185 851
185 852
185 875
185 893
185 890
185 889
185 888
185 886
185 885
185 883
185 882
185 1329
185 1330
185 1331
185 877
185 1332
185 1333
185 853
185 873
185 872
185 871
185 870
185 868
185 1334
185 861
185 860
185 1335
185 1340
185 1342
185 855
185 854
185 803
185 800
185 718
185 799
185 755
185 754
185 1348
185 752
185 751
185 750
185 1349
185 1350
185 745
185 744
185 742
185 741
185 738
185 737
185 736
185 735
185 734
185 733
185 732
185 731
185 730
185 1353
185 1354
185 1355
185 1356
185 724
185 723
185 1357
185 1358
185 756
185 759
185 762
185 783
185 798
185 796
185 795
185 794
185 793
185 792
185 791
185 789
185 788
185 787
185 786
185 785
185 784
185 1345
185 763
185 780
185 779
185 778
185 776
185 774
185 773
185 1346
185 771
185 770
185 769
185 768
185 1347
185 765
185 700
