186 1062
186 1074
186 1243
186 803
186 1075
186 923
186 1239
186 230
186 924
186 610
186 229
186 252
186 672
186 993
186 775
186 520
186 557
186 431
186 60
186 1111
186 556
186 160
186 188
186 433
186 179
186 19
186 233
186 1006
186 809
186 921
186 1153
186 146
186 920
186 795
186 1309
186 494
186 318
186 370
186 360
186 420
186 1350
186 205
186 799
186 266
186 93
186 456
186 531
186 791
186 547
186 1377
186 1253
186 1112
186 17
186 186
186 901
186 696
186 1092
186 1337
186 297
186 808
186 666
186 247
186 1221
186 432
186 197
186 749
186 1224
186 342
186 269
186 27
186 971
186 1274
186 61
186 428
186 678
186 970
186 695
186 680
186 1247
186 1319
186 657
186 653
186 332
186 52
186 1184
186 242
186 688
186 927
186 1197
186 919
186 1391
186 1273
186 604
186 326
186 574
186 966
186 626
186 465
186 1154
186 208
186 1105
186 407
186 267
186 753
186 1236
186 316
186 1328
186 1341
186 1218
186 752
186 273
186 25
186 434
186 289
186 802
186 612
186 535
186 1282
186 288
186 97
186 298
186 447
186 1188
186 608
186 601
186 1108
186 1076
186 633
186 122
186 523
186 279
186 204
186 498
186 967
186 1106
186 1222
186 1289
186 1186
186 124
186 801
186 231
186 268
186 193
186 369
186 925
186 191
186 1310
186 1107
186 270
186 1292
186 1259
186 699
186 248
186 811
186 714
186 1169
186 4
186 362
186 794
186 1393
186 224
186 579
186 632
186 991
186 600
186 1255
186 537
186 536
186 922
186 917
186 464
186 1064
186 625
186 964
186 112
186 541
186 916
186 1349
186 225
186 892
186 1238
186 106
186 85
186 1263
186 992
186 1179
186 1301
186 1181
186 918
186 222
186 1093
186 147
186 545
186 2
186 1336
186 251
186 793
186 797
186 516
186 637
186 1232
186 228
186 33
186 349
186 134
186 660
186 779
186 1
186 94
186 503
186 1231
186 683
186 250
186 333
186 299
186 495
186 1124
186 372
186 1164
186 189
186 442
186 35
186 1229
186 671
186 306
186 437
186 1297
186 1343
186 1234
186 941
186 748
186 84
186 117
186 307
186 1194
186 492
186 235
186 895
186 339
186 507
186 13
186 395
186 1339
186 599
186 747
186 18
186 1246
186 783
186 1266
186 379
186 371
186 1375
186 373
186 319
186 675
186 513
186 1368
186 607
186 196
186 1394
186 1362
186 469
186 161
186 1248
186 88
186 1352
186 37
186 105
186 902
186 877
186 662
186 655
186 692
186 227
186 1015
186 450
186 287
186 410
186 36
186 1338
186 1094
186 69
186 512
186 643
186 528
186 311
186 1324
186 484
186 1091
186 1095
186 1180
186 1193
186 529
186 700
186 780
186 89
186 572
186 990
186 800
186 1110
186 606
186 629
186 872
186 569
186 693
186 1280
186 95
186 192
186 435
186 1334
186 472
186 23
186 1277
186 404
186 1268
186 468
186 7
186 500
186 490
186 402
186 313
186 1281
186 540
186 676
186 324
186 133
186 44
186 26
186 577
186 31
186 694
186 141
186 712
186 1002
186 487
186 481
186 261
186 665
186 444
186 1295
186 114
186 110
186 1223
186 1009
186 679
186 1356
186 1340
186 559
186 174
186 664
186 698
186 211
186 1333
186 1332
186 550
186 997
186 467
186 994
186 315
186 667
186 1142
186 1090
186 304
186 375
186 497
186 1198
186 200
186 336
186 638
186 912
186 129
186 1304
186 983
186 690
186 1351
186 1228
186 673
186 408
186 453
186 757
186 328
186 473
186 1052
186 1144
186 1262
186 294
186 180
186 708
186 1165
186 283
186 1331
186 443
186 947
186 232
186 652
186 1040
186 87
186 816
186 190
186 57
186 173
186 259
186 403
186 278
186 723
186 199
186 1082
186 1163
186 1089
186 458
186 781
186 42
186 798
186 591
186 258
186 240
186 580
186 448
186 1245
186 128
186 1162
186 965
186 1189
186 849
186 659
186 686
186 1182
186 1355
186 1207
186 527
186 792
186 234
186 1390
186 496
186 946
186 553
186 646
186 814
186 466
186 322
186 1342
186 292
186 682
186 681
186 265
186 284
186 1115
186 770
186 636
186 28
186 1202
186 784
186 702
186 815
186 674
186 1139
186 663
186 1211
186 996
186 1170
186 1307
186 1251
186 1279
186 470
186 1220
186 1151
186 943
186 63
186 1073
186 763
186 857
186 751
186 3
186 796
186 979
186 514
186 1212
186 1381
186 860
186 145
186 334
186 711
186 1373
186 975
186 1157
186 563
186 706
186 1152
186 1272
186 341
186 1098
186 445
186 649
186 534
186 1367
186 677
186 317
186 575
186 701
186 746
186 182
186 181
186 79
186 976
186 929
186 329
186 998
186 973
186 561
186 305
186 216
186 661
186 1147
186 1168
186 449
186 1233
186 217
186 576
186 525
186 356
186 985
186 206
186 1213
186 43
186 771
186 1296
186 1265
186 777
186 49
186 384
186 609
186 962
186 611
186 309
186 593
186 34
186 296
186 703
186 1149
186 705
186 201
186 1227
186 1209
186 721
186 132
186 115
186 590
186 340
186 1128
186 654
186 39
186 978
186 1100
186 1249
186 897
186 56
186 245
186 74
186 565
186 9
186 522
186 623
186 710
186 301
186 323
186 697
186 493
186 848
186 959
186 1104
186 1303
186 658
186 1005
186 81
186 1316
186 573
186 1270
186 1235
186 501
186 1241
186 1371
186 1148
186 873
186 768
186 417
186 1365
186 670
186 709
186 131
186 406
186 154
186 489
186 246
186 1083
186 587
186 359
186 1084
186 21
186 1276
186 928
186 421
186 704
186 423
186 754
186 774
186 198
186 945
186 602
186 352
186 20
186 391
186 879
186 377
186 202
186 96
186 988
186 1201
186 977
186 1081
186 987
186 300
186 195
186 1370
186 570
186 1287
186 475
186 393
186 689
186 119
186 401
186 1380
186 1323
186 355
186 1318
186 1386
186 630
186 14
186 1313
186 989
186 295
186 363
186 142
186 974
186 1214
186 364
186 1114
186 73
186 1159
186 571
186 900
186 125
186 1327
186 981
186 452
186 788
186 116
186 460
186 280
186 416
186 308
186 30
186 461
186 479
186 755
186 148
186 76
186 526
186 1284
186 415
186 904
186 226
186 972
186 1215
186 1190
186 766
186 293
186 68
186 1065
186 969
186 567
186 1275
186 645
186 455
186 123
186 310
186 1374
186 786
186 414
186 718
186 1290
186 1003
186 940
186 380
186 568
186 656
186 102
186 1271
186 605
186 1311
186 64
186 562
186 440
186 1205
186 80
186 53
186 878
186 361
186 1320
186 59
186 118
186 899
186 290
186 1047
186 856
186 396
186 1200
186 823
186 634
186 424
186 439
186 729
186 1203
186 24
186 366
186 719
186 566
186 365
186 158
186 187
186 1072
186 597
186 1010
186 303
186 907
186 984
186 1322
186 386
186 167
186 1080
186 944
186 491
186 650
186 459
186 176
186 1016
186 933
186 648
186 1042
186 48
186 446
186 398
186 262
186 138
186 394
186 853
186 651
186 1354
186 155
186 166
186 508
186 586
186 773
186 121
186 281
186 385
186 813
186 100
186 1195
186 389
186 347
186 1302
186 1177
186 45
186 438
186 1019
186 669
186 120
186 511
186 1330
186 335
186 58
186 765
186 236
186 583
186 15
186 826
186 331
186 1140
186 430
186 257
186 942
186 1267
186 104
186 337
186 98
186 939
186 1187
186 1321
186 383
186 624
186 244
186 55
186 325
186 776
186 627
186 418
186 1237
186 1167
186 555
186 477
186 1135
186 256
186 759
186 8
186 1366
186 302
186 1007
186 1353
186 1059
186 382
186 263
186 1029
186 1225
186 499
186 986
186 828
186 1264
186 1256
186 78
186 1210
186 1305
186 949
186 376
186 353
186 1143
186 509
186 1066
186 207
186 548
186 108
186 101
186 286
186 1385
186 427
186 1023
186 530
186 807
186 870
186 539
186 517
186 1317
186 149
186 388
186 168
186 886
186 1172
186 387
186 518
186 183
186 628
186 588
186 1283
186 40
186 592
186 560
186 486
186 1383
186 1030
186 549
186 109
186 135
186 905
186 38
186 441
186 734
186 346
186 171
186 842
186 54
186 1131
186 462
186 184
186 762
186 172
186 1208
186 874
186 454
186 1161
186 1216
186 1204
186 86
186 1378
186 277
186 1096
186 345
186 151
186 1173
186 883
186 544
186 143
186 521
186 253
186 107
186 1004
186 875
186 272
186 585
186 594
186 581
186 885
186 157
186 152
186 685
186 772
186 715
186 806
186 51
186 103
186 1079
186 22
186 343
186 1326
186 485
186 820
186 533
186 1156
186 254
186 731
186 831
186 1078
186 1364
186 582
186 344
186 483
186 170
186 1069
186 785
186 1058
186 291
186 1361
186 1306
186 1039
186 903
186 354
186 818
186 908
186 1242
186 909
186 111
186 1254
186 1061
186 963
186 175
186 953
186 275
186 598
186 239
186 1294
186 156
186 213
186 865
186 1183
186 351
186 1097
186 218
186 50
186 838
186 1041
186 639
186 412
186 1055
186 554
186 165
186 603
186 717
186 330
186 1099
186 1014
186 77
186 1070
186 1384
186 474
186 312
186 1395
186 282
186 1129
186 210
186 203
186 926
186 847
186 737
186 241
186 906
186 1087
186 274
186 954
186 822
186 1315
186 616
186 1008
186 896
186 515
186 1185
186 758
186 1240
186 1126
186 1141
186 378
186 829
186 769
186 11
186 846
186 691
186 164
186 687
186 890
186 260
186 887
186 426
186 504
186 91
186 1230
186 782
186 615
186 913
186 1043
186 1086
186 358
186 1396
186 144
186 543
186 542
186 1196
186 1031
186 92
186 812
186 237
186 915
186 397
186 980
186 221
186 1325
186 139
186 930
186 1132
186 249
186 1001
186 1158
186 589
186 1269
186 1191
186 70
186 1085
186 381
186 644
186 750
186 546
186 1000
186 668
186 1400
186 243
186 1109
186 255
186 613
186 1136
186 390
186 327
186 506
186 519
186 789
186 1077
186 159
186 934
186 956
186 620
186 817
186 212
186 578
186 1217
186 1288
186 1013
186 1018
186 876
186 730
186 1260
186 6
186 413
186 338
186 867
186 845
186 727
186 961
186 1346
186 476
186 713
186 839
186 618
186 1250
186 220
186 595
186 1057
186 457
186 1199
186 16
186 1119
186 126
186 1379
186 760
186 1137
186 960
186 999
186 214
186 1392
186 739
186 169
186 276
186 614
186 66
186 858
186 348
186 1347
186 764
186 150
186 1051
186 1134
186 707
186 29
186 538
186 314
186 219
186 488
186 1300
186 1252
186 1278
186 209
186 177
186 635
186 564
186 1024
186 859
186 1244
186 72
186 894
186 1382
186 825
186 140
186 1261
186 82
186 62
186 1166
186 83
186 767
186 185
186 869
186 163
186 893
186 951
186 1372
186 911
186 1398
186 127
186 1150
186 910
186 871
186 1146
186 1138
186 952
186 130
186 888
186 881
186 136
186 955
186 137
186 898
186 950
186 1102
186 1101
186 5
186 880
186 1369
186 1103
186 891
186 884
186 931
186 932
186 1397
186 935
186 99
186 882
186 936
186 113
186 937
186 889
186 938
186 1145
186 948
186 914
186 1120
186 957
186 958
186 1088
186 1034
186 1035
186 1036
186 1037
186 47
186 1118
186 46
186 1038
186 1044
186 1045
186 1046
186 41
186 1048
186 1049
186 1050
186 1053
186 1054
186 1056
186 1387
186 32
186 1060
186 1122
186 1388
186 1063
186 1389
186 1121
186 1067
186 1068
186 1033
186 1032
186 1028
186 1012
186 90
186 1376
186 1113
186 1133
186 968
186 1130
186 982
186 1127
186 1071
186 1125
186 75
186 10
186 1011
186 71
186 1027
186 1116
186 1123
186 1017
186 67
186 868
186 65
186 12
186 1020
186 1021
186 1022
186 1025
186 1026
186 1117
186 995
186 1291
186 866
186 1219
186 264
186 596
186 584
186 271
186 1314
186 558
186 552
186 720
186 551
186 1226
186 532
186 524
186 285
186 1312
186 617
186 619
186 621
186 622
186 1206
186 631
186 640
186 641
186 642
186 647
186 1192
186 684
186 1178
186 1176
186 1399
186 1175
186 716
186 510
186 1308
186 505
186 1299
186 350
186 357
186 367
186 368
186 1286
186 1285
186 374
186 392
186 399
186 400
186 405
186 321
186 320
186 1298
186 409
186 502
186 411
186 419
186 422
186 425
186 429
186 436
186 451
186 463
186 1258
186 471
186 478
186 480
186 482
186 1257
186 238
186 722
186 864
186 830
186 837
186 836
186 1293
186 834
186 833
186 832
186 827
186 1329
186 178
186 1358
186 824
186 821
186 819
186 810
186 840
186 841
186 162
186 1359
186 1360
186 843
186 844
186 850
186 851
186 153
186 852
186 854
186 855
186 1363
186 861
186 862
186 863
186 1357
186 1155
186 805
186 215
186 724
186 725
186 726
186 728
186 732
186 1335
186 733
186 735
186 736
186 223
186 1344
186 738
186 740
186 741
186 742
186 804
186 743
186 744
186 1345
186 745
186 1174
186 1171
186 756
186 761
186 1348
186 778
186 194
186 787
186 790
186 1160
186 835
