187 763
187 841
187 887
187 839
187 1126
187 1068
187 897
187 847
187 838
187 743
187 1172
187 955
187 953
187 1171
187 848
187 769
187 1070
187 1071
187 936
187 846
187 932
187 740
187 926
187 1145
187 1051
187 760
187 741
187 935
187 826
187 1176
187 1123
187 1173
187 764
187 1052
187 885
187 1129
187 1177
187 1118
187 739
187 886
187 1045
187 831
187 765
187 891
187 1067
187 890
187 928
187 1117
187 957
187 854
187 889
187 929
187 1146
187 852
187 1132
187 1285
187 898
187 830
187 853
187 742
187 952
187 1130
187 761
187 934
187 1122
187 1039
187 851
187 1131
187 857
187 173
187 850
187 856
187 1360
187 956
187 843
187 827
187 1054
187 102
187 823
187 1120
187 1174
187 744
187 179
187 188
187 1034
187 1055
187 372
187 1156
187 937
187 1116
187 1178
187 1400
187 1053
187 735
187 642
187 766
187 442
187 993
187 186
187 1175
187 1066
187 1133
187 339
187 1038
187 930
187 221
187 1119
187 836
187 772
187 1227
187 951
187 1125
187 1020
187 1013
187 1022
187 1135
187 954
187 971
187 1059
187 1319
187 1037
187 224
187 1081
187 5
187 1337
187 512
187 1060
187 863
187 567
187 139
187 176
187 1159
187 174
187 284
187 1225
187 197
187 828
187 670
187 858
187 1309
187 566
187 762
187 1363
187 1352
187 15
187 1012
187 1274
187 662
187 258
187 894
187 279
187 168
187 422
187 844
187 1258
187 1082
187 1306
187 522
187 855
187 380
187 1263
187 508
187 822
187 1138
187 1048
187 924
187 225
187 801
187 1062
187 915
187 1046
187 1398
187 421
187 1031
187 519
187 986
187 1044
187 1214
187 1100
187 1106
187 1232
187 733
187 1359
187 400
187 105
187 1317
187 1024
187 888
187 276
187 1078
187 1364
187 672
187 997
187 245
187 535
187 1134
187 864
187 1056
187 669
187 896
187 189
187 1396
187 1205
187 1042
187 89
187 1074
187 74
187 19
187 1043
187 636
187 610
187 1234
187 666
187 647
187 931
187 1076
187 950
187 603
187 428
187 809
187 907
187 31
187 1029
187 1277
187 1187
187 655
187 123
187 948
187 435
187 45
187 1040
187 946
187 1084
187 692
187 736
187 261
187 658
187 1311
187 1075
187 263
187 862
187 1222
187 198
187 994
187 1127
187 1035
187 1376
187 392
187 321
187 534
187 938
187 184
187 1103
187 79
187 497
187 1030
187 996
187 1248
187 1136
187 467
187 714
187 234
187 781
187 403
187 260
187 346
187 53
187 498
187 84
187 671
187 513
187 751
187 78
187 734
187 693
187 57
187 689
187 1004
187 941
187 11
187 1019
187 820
187 627
187 825
187 905
187 411
187 685
187 282
187 1381
187 927
187 728
187 1121
187 310
187 1
187 1155
187 1023
187 1341
187 1026
187 183
187 1017
187 972
187 966
187 592
187 1139
187 1307
187 965
187 859
187 16
187 1231
187 334
187 720
187 37
187 443
187 47
187 29
187 126
187 382
187 812
187 975
187 694
187 454
187 959
187 1371
187 484
187 468
187 222
187 58
187 1338
187 1115
187 704
187 297
187 1097
187 1065
187 347
187 606
187 629
187 1204
187 645
187 335
187 1036
187 518
187 324
187 1350
187 1399
187 1021
187 1387
187 262
187 287
187 1230
187 370
187 695
187 550
187 1367
187 1092
187 1110
187 539
187 697
187 808
187 1294
187 549
187 326
187 1050
187 842
187 973
187 713
187 312
187 784
187 663
187 286
187 166
187 230
187 679
187 569
187 1093
187 1390
187 1213
187 673
187 1165
187 1323
187 1157
187 56
187 1153
187 1033
187 187
187 1253
187 730
187 678
187 712
187 634
187 423
187 431
187 496
187 256
187 1002
187 94
187 409
187 193
187 1362
187 1083
187 1349
187 1008
187 252
187 1247
187 483
187 1310
187 345
187 112
187 870
187 149
187 133
187 1327
187 356
187 540
187 242
187 206
187 1161
187 1016
187 565
187 675
187 912
187 494
187 1192
187 144
187 232
187 1249
187 182
187 122
187 1355
187 49
187 304
187 1378
187 1041
187 789
187 639
187 1148
187 120
187 688
187 175
187 1137
187 1392
187 236
187 1147
187 1207
187 470
187 737
187 72
187 650
187 291
187 1386
187 552
187 371
187 492
187 97
187 456
187 696
187 991
187 1229
187 207
187 510
187 1032
187 1094
187 533
187 500
187 1252
187 503
187 110
187 967
187 1105
187 271
187 1237
187 301
187 1211
187 205
187 1098
187 1194
187 481
187 875
187 785
187 44
187 40
187 412
187 1358
187 1326
187 465
187 961
187 1389
187 1001
187 1361
187 819
187 330
187 824
187 811
187 1114
187 536
187 1064
187 341
187 12
187 1191
187 414
187 1112
187 1166
187 815
187 427
187 780
187 992
187 970
187 1293
187 646
187 878
187 1196
187 30
187 529
187 572
187 216
187 121
187 251
187 520
187 644
187 413
187 1357
187 195
187 1262
187 35
187 495
187 1069
187 289
187 10
187 1264
187 1091
187 517
187 1216
187 686
187 433
187 34
187 354
187 799
187 595
187 563
187 635
187 55
187 613
187 829
187 923
187 1154
187 83
187 782
187 448
187 1289
187 558
187 573
187 43
187 311
187 1014
187 8
187 553
187 1238
187 1111
187 1313
187 80
187 625
187 1009
187 505
187 783
187 243
187 1015
187 600
187 707
187 131
187 1292
187 821
187 1006
187 623
187 464
187 419
187 902
187 664
187 711
187 115
187 1304
187 1241
187 570
187 462
187 773
187 25
187 806
187 39
187 893
187 42
187 710
187 892
187 807
187 999
187 1163
187 93
187 162
187 1346
187 220
187 308
187 342
187 1256
187 974
187 9
187 1335
187 147
187 1018
187 1220
187 1303
187 277
187 571
187 171
187 213
187 1198
187 984
187 170
187 128
187 1395
187 1201
187 939
187 759
187 1212
187 687
187 531
187 140
187 668
187 1095
187 114
187 964
187 667
187 876
187 99
187 1047
187 514
187 1195
187 1080
187 1314
187 466
187 1072
187 729
187 933
187 129
187 940
187 239
187 434
187 272
187 3
187 528
187 1144
187 942
187 124
187 14
187 1028
187 1305
187 215
187 294
187 641
187 1269
187 527
187 618
187 1124
187 981
187 792
187 70
187 814
187 1049
187 212
187 833
187 525
187 307
187 1058
187 1243
187 96
187 38
187 1340
187 1366
187 1382
187 605
187 1324
187 406
187 918
187 142
187 283
187 1288
187 794
187 749
187 1215
187 288
187 1182
187 756
187 544
187 463
187 397
187 6
187 653
187 26
187 800
187 233
187 344
187 1164
187 798
187 87
187 987
187 816
187 665
187 633
187 845
187 137
187 1322
187 943
187 1107
187 266
187 721
187 160
187 614
187 257
187 146
187 612
187 293
187 1162
187 177
187 1142
187 564
187 76
187 1151
187 48
187 1353
187 69
187 588
187 250
187 1199
187 1246
187 1188
187 1339
187 7
187 904
187 979
187 1027
187 1239
187 657
187 1356
187 593
187 410
187 390
187 377
187 23
187 1003
187 268
187 949
187 690
187 156
187 1281
187 1185
187 229
187 362
187 28
187 141
187 92
187 52
187 416
187 296
187 652
187 866
187 680
187 211
187 202
187 787
187 101
187 574
187 201
187 1375
187 393
187 1315
187 1245
187 227
187 36
187 511
187 473
187 491
187 1261
187 1271
187 1061
187 1090
187 338
187 738
187 867
187 331
187 589
187 1354
187 439
187 73
187 116
187 601
187 624
187 1184
187 63
187 452
187 337
187 1167
187 441
187 50
187 649
187 18
187 576
187 632
187 1290
187 82
187 59
187 418
187 203
187 602
187 638
187 506
187 209
187 1218
187 240
187 747
187 444
187 316
187 388
187 191
187 1302
187 2
187 719
187 489
187 208
187 796
187 363
187 369
187 374
187 723
187 804
187 196
187 62
187 445
187 556
187 51
187 1259
187 1279
187 210
187 523
187 353
187 637
187 1010
187 248
187 626
187 41
187 797
187 64
187 165
187 328
187 85
187 643
187 810
187 1276
187 545
187 1219
187 95
187 329
187 259
187 1233
187 501
187 922
187 1221
187 917
187 1351
187 1063
187 786
187 364
187 682
187 154
187 299
187 267
187 453
187 705
187 1160
187 583
187 319
187 767
187 1320
187 1369
187 899
187 1223
187 487
187 317
187 1158
187 805
187 306
187 81
187 490
187 562
187 874
187 1397
187 152
187 1025
187 455
187 661
187 476
187 265
187 273
187 1096
187 1209
187 54
187 21
187 4
187 486
187 436
187 125
187 219
187 228
187 1377
187 295
187 753
187 746
187 925
187 305
187 430
187 226
187 1342
187 469
187 1267
187 1104
187 169
187 594
187 194
187 715
187 1143
187 802
187 274
187 700
187 1272
187 837
187 516
187 1186
187 254
187 285
187 757
187 241
187 1224
187 1200
187 1228
187 315
187 1011
187 1265
187 163
187 1291
187 167
187 591
187 138
187 701
187 631
187 104
187 909
187 1235
187 590
187 340
187 1202
187 900
187 275
187 598
187 818
187 559
187 865
187 791
187 90
187 1336
187 164
187 360
187 437
187 358
187 1384
187 911
187 1283
187 185
187 958
187 1298
187 725
187 983
187 280
187 1257
187 1374
187 474
187 960
187 17
187 1321
187 214
187 1099
187 109
187 654
187 597
187 303
187 1190
187 1169
187 375
187 722
187 355
187 132
187 383
187 1287
187 450
187 103
187 849
187 420
187 449
187 554
187 246
187 681
187 803
187 365
187 145
187 1331
187 504
187 1393
187 727
187 217
187 578
187 135
187 881
187 68
187 770
187 615
187 945
187 1312
187 27
187 543
187 568
187 547
187 1372
187 314
187 318
187 61
187 604
187 1183
187 249
187 1365
187 651
187 1383
187 1250
187 117
187 269
187 699
187 1254
187 546
187 33
187 1316
187 75
187 415
187 548
187 1208
187 391
187 709
187 381
187 1109
187 447
187 60
187 901
187 557
187 542
187 1077
187 302
187 790
187 190
187 998
187 620
187 758
187 1333
187 754
187 348
187 309
187 1343
187 379
187 1217
187 192
187 1273
187 1128
187 1270
187 290
187 580
187 247
187 134
187 432
187 204
187 1282
187 1193
187 1295
187 1297
187 691
187 985
187 919
187 1057
187 417
187 20
187 921
187 426
187 1251
187 903
187 352
187 1370
187 332
187 1000
187 349
187 1373
187 66
187 628
187 395
187 458
187 155
187 869
187 599
187 788
187 1268
187 560
187 1203
187 717
187 541
187 292
187 270
187 24
187 151
187 683
187 172
187 493
187 1380
187 1300
187 660
187 100
187 1296
187 373
187 1226
187 962
187 401
187 199
187 77
187 976
187 244
187 579
187 577
187 555
187 561
187 582
187 1280
187 91
187 755
187 752
187 98
187 1181
187 581
187 86
187 575
187 1170
187 1179
187 1180
187 88
187 1005
187 551
187 990
187 127
187 995
187 530
187 130
187 1189
187 776
187 777
187 106
187 778
187 136
187 989
187 526
187 1379
187 988
187 775
187 532
187 774
187 771
187 537
187 119
187 118
187 538
187 1275
187 768
187 584
187 113
187 1007
187 111
187 1278
187 108
187 107
187 1385
187 320
187 585
187 1079
187 716
187 1088
187 1087
187 718
187 1086
187 1085
187 32
187 708
187 1308
187 1113
187 659
187 1073
187 656
187 1140
187 22
187 706
187 648
187 1101
187 1299
187 698
187 1301
187 1108
187 684
187 1102
187 677
187 703
187 676
187 13
187 702
187 1394
187 1089
187 674
187 1141
187 724
187 586
187 524
187 65
187 67
187 609
187 608
187 607
187 71
187 748
187 611
187 1388
187 596
187 750
187 1284
187 1168
187 587
187 1318
187 745
187 726
187 1149
187 1391
187 46
187 640
187 731
187 732
187 630
187 622
187 616
187 1150
187 621
187 1152
187 619
187 1286
187 617
187 779
187 158
187 143
187 386
187 255
187 913
187 394
187 389
187 387
187 910
187 385
187 253
187 264
187 384
187 861
187 378
187 376
187 908
187 396
187 914
187 231
187 405
187 407
187 1244
187 235
187 237
187 238
187 920
187 404
187 860
187 1242
187 916
187 402
187 1240
187 399
187 398
187 1344
187 368
187 367
187 882
187 879
187 300
187 333
187 880
187 327
187 325
187 323
187 366
187 1236
187 322
187 1348
187 884
187 883
187 313
187 298
187 877
187 336
187 895
187 873
187 872
187 343
187 871
187 868
187 350
187 351
187 281
187 357
187 359
187 278
187 906
187 361
187 408
187 1210
187 1325
187 485
187 499
187 978
187 1330
187 977
187 488
187 969
187 482
187 795
187 178
187 180
187 181
187 968
187 963
187 480
187 502
187 507
187 1255
187 1328
187 521
187 148
187 982
187 150
187 515
187 153
187 793
187 1329
187 157
187 1347
187 159
187 509
187 161
187 980
187 479
187 478
187 477
187 835
187 834
187 947
187 440
187 438
187 944
187 1334
187 218
187 475
187 429
187 1206
187 840
187 223
187 425
187 424
187 446
187 832
187 451
187 1260
187 457
187 459
187 460
187 461
187 1266
187 200
187 1197
187 1368
187 1332
187 817
187 813
187 471
187 472
187 1345
