188 725
188 909
188 722
188 640
188 720
188 908
188 102
188 911
188 137
188 729
188 29
188 220
188 781
188 764
188 209
188 1279
188 1146
188 1331
188 997
188 78
188 728
188 1046
188 723
188 497
188 724
188 113
188 608
188 727
188 1298
188 805
188 1270
188 219
188 811
188 658
188 1317
188 202
188 47
188 12
188 834
188 581
188 1260
188 883
188 1039
188 1062
188 195
188 1160
188 184
188 345
188 114
188 1360
188 339
188 884
188 1286
188 151
188 168
188 413
188 740
188 19
188 951
188 1195
188 30
188 552
188 862
188 100
188 898
188 186
188 123
188 833
188 51
188 544
188 954
188 346
188 430
188 171
188 609
188 760
188 1083
188 726
188 827
188 296
188 1016
188 953
188 952
188 836
188 1320
188 950
188 743
188 400
188 1122
188 1363
188 826
188 891
188 95
188 721
188 1337
188 1264
188 1397
188 1314
188 1074
188 129
188 956
188 409
188 1209
188 245
188 779
188 1021
188 654
188 806
188 1244
188 294
188 810
188 835
188 649
188 147
188 66
188 863
188 1125
188 823
188 663
188 896
188 1161
188 138
188 603
188 65
188 739
188 753
188 1080
188 352
188 303
188 1376
188 807
188 767
188 14
188 517
188 1102
188 870
188 1361
188 1196
188 1165
188 31
188 1170
188 840
188 1381
188 1316
188 99
188 610
188 860
188 1075
188 159
188 1384
188 790
188 197
188 207
188 1130
188 1035
188 330
188 588
188 251
188 1369
188 287
188 1374
188 604
188 75
188 572
188 1362
188 747
188 856
188 1082
188 212
188 1
188 829
188 988
188 415
188 1198
188 196
188 466
188 742
188 273
188 503
188 271
188 678
188 1213
188 446
188 92
188 607
188 395
188 442
188 1199
188 875
188 236
188 295
188 766
188 110
188 858
188 443
188 1302
188 1051
188 1045
188 11
188 1145
188 84
188 1068
188 1309
188 280
188 428
188 1015
188 624
188 242
188 793
188 1263
188 307
188 955
188 222
188 912
188 254
188 1329
188 576
188 1396
188 927
188 650
188 142
188 980
188 329
188 397
188 376
188 1277
188 465
188 672
188 899
188 881
188 262
188 688
188 496
188 804
188 946
188 762
188 837
188 1092
188 121
188 1151
188 173
188 932
188 334
188 520
188 935
188 606
188 1289
188 1297
188 455
188 317
188 756
188 1017
188 453
188 411
188 886
188 1352
188 109
188 289
188 253
188 799
188 670
188 144
188 518
188 651
188 959
188 49
188 1306
188 451
188 316
188 1231
188 845
188 1114
188 10
188 1269
188 370
188 46
188 1049
188 846
188 284
188 601
188 361
188 1222
188 283
188 1118
188 1054
188 372
188 563
188 1058
188 1257
188 817
188 145
188 256
188 662
188 464
188 522
188 1310
188 589
188 456
188 830
188 1311
188 964
188 1372
188 772
188 1327
188 286
188 677
188 928
188 1041
188 1229
188 139
188 241
188 666
188 1367
188 457
188 13
188 550
188 844
188 1120
188 1040
188 635
188 748
188 178
188 979
188 1290
188 225
188 452
188 755
188 1012
188 1127
188 1061
188 1190
188 866
188 28
188 602
188 344
188 949
188 515
188 1214
188 825
188 800
188 1116
188 1202
188 1217
188 1117
188 1050
188 131
188 642
188 38
188 45
188 838
188 580
188 1013
188 234
188 1268
188 277
188 1315
188 427
188 246
188 187
188 1076
188 1099
188 632
188 1007
188 1066
188 494
188 418
188 228
188 203
188 564
188 1359
188 1377
188 1188
188 761
188 1385
188 1047
188 243
188 469
188 618
188 414
188 355
188 873
188 984
188 401
188 327
188 1069
188 796
188 1225
188 1294
188 1019
188 101
188 733
188 211
188 1383
188 41
188 861
188 714
188 993
188 1243
188 657
188 579
188 484
188 199
188 501
188 122
188 74
188 965
188 85
188 1024
188 1006
188 148
188 1227
188 1378
188 154
188 155
188 801
188 55
188 549
188 1171
188 878
188 233
188 656
188 685
188 1338
188 34
188 857
188 1156
188 1158
188 914
188 491
188 798
188 809
188 689
188 546
188 1322
188 126
188 575
188 391
188 1343
188 176
188 1234
188 433
188 847
188 1121
188 179
188 1400
188 874
188 474
188 206
188 486
188 901
188 968
188 1081
188 505
188 557
188 986
188 1008
188 60
188 108
188 1052
188 347
188 843
188 328
188 1192
188 1380
188 808
188 1262
188 1159
188 521
188 802
188 261
188 887
188 917
188 556
188 354
188 1155
188 1186
188 660
188 57
188 1078
188 605
188 973
188 1200
188 1228
188 366
188 859
188 365
188 1393
188 538
188 1177
188 1237
188 839
188 167
188 814
188 593
188 919
188 1097
188 16
188 128
188 1187
188 210
188 441
188 132
188 1112
188 1110
188 360
188 35
188 1070
188 1182
188 69
188 288
188 498
188 448
188 574
188 704
188 221
188 1153
188 567
188 519
188 1204
188 571
188 923
188 634
188 17
188 377
188 558
188 1185
188 37
188 43
188 1025
188 816
188 421
188 52
188 97
188 679
188 1364
188 417
188 1088
188 227
188 183
188 240
188 112
188 1390
188 511
188 462
188 103
188 58
188 434
188 694
188 435
188 540
188 420
188 560
188 467
188 338
188 867
188 730
188 439
188 961
188 363
188 713
188 1324
188 645
188 553
188 1172
188 974
188 504
188 1230
188 889
188 1341
188 792
188 1246
188 1216
188 432
188 600
188 1098
188 1313
188 644
188 115
188 191
188 53
188 257
188 369
188 999
188 1104
188 80
188 188
188 70
188 1220
188 947
188 1119
188 170
188 1339
188 1319
188 924
188 1028
188 282
188 304
188 636
188 1212
188 1321
188 230
188 569
188 1205
188 907
188 244
188 1261
188 1239
188 595
188 996
188 1167
188 820
188 216
188 675
188 82
188 423
188 1218
188 156
188 1392
188 189
188 712
188 536
188 25
188 42
188 140
188 869
188 717
188 290
188 1247
188 1248
188 318
188 293
188 269
188 268
188 292
188 270
188 313
188 315
188 311
188 312
188 291
188 267
188 266
188 314
188 1240
188 285
188 310
188 297
188 1250
188 299
188 300
188 301
188 1252
188 302
188 298
188 281
188 1253
188 1242
188 279
188 278
188 1254
188 1256
188 276
188 306
188 1241
188 308
188 1245
188 1249
188 275
188 1251
188 274
188 309
188 1255
188 272
188 305
188 957
188 319
188 387
188 1215
188 396
188 394
188 393
188 392
188 390
188 389
188 388
188 386
188 399
188 385
188 384
188 383
188 382
188 381
188 380
188 379
188 378
188 398
188 1211
188 375
188 412
188 426
188 425
188 424
188 422
188 419
188 416
188 1206
188 1207
188 1208
188 402
188 410
188 1210
188 408
188 407
188 406
188 405
188 404
188 403
188 1219
188 374
188 320
188 332
188 341
188 340
188 1233
188 337
188 336
188 335
188 1235
188 333
188 331
188 343
188 1236
188 1238
188 326
188 325
188 324
188 323
188 322
188 321
188 342
188 1232
188 373
188 358
188 371
188 1221
188 368
188 367
188 364
188 362
188 1223
188 359
188 357
188 348
188 356
188 1224
188 264
188 353
188 1226
188 351
188 350
188 349
188 265
188 1283
188 263
188 134
188 98
188 96
188 1353
188 94
188 93
188 1354
188 91
188 90
188 89
188 88
188 87
188 86
188 1355
188 1356
188 83
188 81
188 79
188 1357
188 77
188 76
188 1358
188 73
188 72
188 1351
188 1350
188 1349
188 118
188 1335
188 130
188 1336
188 127
188 125
188 124
188 1340
188 1342
188 120
188 119
188 117
188 1348
188 116
188 1344
188 1345
188 111
188 1346
188 1347
188 107
188 106
188 105
188 104
188 71
188 68
188 67
188 15
188 1389
188 27
188 26
188 24
188 23
188 22
188 21
188 20
188 1391
188 18
188 1394
188 1387
188 1395
188 1398
188 9
188 8
188 7
188 6
188 5
188 4
188 3
188 2
188 1388
188 32
188 1365
188 50
188 1366
188 64
188 63
188 62
188 61
188 59
188 56
188 1368
188 54
188 1370
188 1371
188 33
188 48
188 1373
188 1375
188 1379
188 44
188 40
188 39
188 1382
188 36
188 1386
188 133
188 135
188 1258
188 136
188 1278
188 226
188 1280
188 224
188 223
188 1281
188 1282
188 1201
188 218
188 217
188 215
188 214
188 213
188 1284
188 1285
188 1287
188 208
188 1288
188 205
188 204
188 1291
188 1292
188 201
188 229
188 231
188 232
188 247
188 260
188 259
188 258
188 1259
188 255
188 252
188 1265
188 250
188 249
188 248
188 1266
188 1276
188 1267
188 1271
188 1272
188 1273
188 239
188 238
188 237
188 1274
188 235
188 1275
188 200
188 1293
188 198
188 150
188 163
188 162
188 161
188 160
188 1318
188 158
188 157
188 153
188 152
188 1323
188 149
188 165
188 1325
188 146
188 1326
188 1328
188 143
188 1330
188 141
188 1332
188 1333
188 1334
188 164
188 166
188 1295
188 182
188 1296
188 1299
188 194
188 193
188 192
188 190
188 1300
188 1301
188 185
188 1303
188 181
188 169
188 180
188 1304
188 1305
188 177
188 1307
188 175
188 174
188 1308
188 172
188 1312
188 1203
188 478
188 429
188 789
188 787
188 786
188 785
188 784
188 783
188 782
188 1056
188 780
188 1057
188 778
188 777
188 776
188 775
188 774
188 773
188 1059
188 771
188 770
188 769
188 768
188 1060
188 1063
188 765
188 788
188 1055
188 1029
188 791
188 821
188 819
188 818
188 1030
188 815
188 813
188 812
188 1031
188 1032
188 1033
188 1034
188 1036
188 1037
188 1038
188 803
188 1042
188 1043
188 1044
188 1048
188 797
188 795
188 794
188 1053
188 1064
188 763
188 1065
188 1067
188 731
188 1087
188 1089
188 1090
188 1091
188 1093
188 1094
188 1095
188 1096
188 719
188 718
188 716
188 715
188 711
188 710
188 709
188 708
188 707
188 706
188 705
188 703
188 702
188 701
188 732
188 1086
188 734
188 749
188 759
188 758
188 757
188 1071
188 1072
188 754
188 1073
188 752
188 751
188 750
188 1077
188 735
188 746
188 745
188 744
188 1079
188 741
188 1084
188 1085
188 738
188 737
188 736
188 822
188 824
188 699
188 925
188 921
188 920
188 918
188 916
188 915
188 972
188 913
188 910
188 975
188 976
188 906
188 905
188 904
188 903
188 902
188 900
188 977
188 978
188 897
188 981
188 895
188 894
188 893
188 922
188 926
188 1027
188 971
188 960
188 962
188 963
188 966
188 948
188 967
188 945
188 944
188 943
188 942
188 941
188 940
188 939
188 938
188 937
188 936
188 934
188 933
188 969
188 931
188 930
188 929
188 970
188 892
188 982
188 890
188 888
188 853
188 852
188 851
188 850
188 849
188 848
188 1003
188 1004
188 1005
188 842
188 841
188 1009
188 1010
188 1011
188 1014
188 1018
188 1020
188 1022
188 832
188 831
188 1023
188 828
188 1026
188 854
188 855
188 1002
188 990
188 983
188 885
188 985
188 882
188 987
188 880
188 879
188 989
188 877
188 876
188 991
188 1001
188 872
188 871
188 992
188 868
188 994
188 865
188 864
188 995
188 998
188 1000
188 1399
188 698
188 431
188 533
188 531
188 530
188 529
188 528
188 527
188 526
188 525
188 524
188 523
188 1166
188 1168
188 1169
188 516
188 514
188 513
188 512
188 510
188 509
188 508
188 507
188 506
188 1173
188 502
188 532
188 534
188 1152
188 535
188 570
188 568
188 566
188 565
188 1154
188 562
188 561
188 559
188 555
188 554
188 1157
188 551
188 1162
188 548
188 547
188 1163
188 545
188 1164
188 543
188 542
188 541
188 539
188 537
188 1174
188 500
188 499
188 1175
188 1181
188 1183
188 463
188 461
188 460
188 459
188 458
188 1184
188 454
188 1189
188 1191
188 450
188 449
188 447
188 445
188 444
188 1193
188 1194
188 440
188 438
188 437
188 436
188 1197
188 468
188 1180
188 470
188 1179
188 1176
188 495
188 493
188 492
188 1178
188 490
188 489
188 488
188 487
188 485
188 483
188 471
188 482
188 481
188 480
188 479
188 958
188 477
188 476
188 475
188 473
188 472
188 573
188 1150
188 697
188 667
188 665
188 664
188 1109
188 661
188 659
188 1111
188 1113
188 655
188 1115
188 653
188 652
188 1123
188 1124
188 648
188 647
188 646
188 643
188 1126
188 641
188 1128
188 639
188 638
188 637
188 1108
188 668
188 577
188 669
188 696
188 695
188 693
188 692
188 691
188 690
188 1100
188 1101
188 687
188 686
188 1103
188 684
188 683
188 682
188 681
188 680
188 1105
188 676
188 674
188 673
188 1106
188 671
188 1107
188 1129
188 633
188 1131
188 631
188 1140
188 1141
188 1142
188 599
188 598
188 597
188 596
188 594
188 592
188 591
188 590
188 1143
188 1144
188 587
188 586
188 585
188 584
188 583
188 582
188 1147
188 1148
188 1149
188 578
188 1139
188 1138
188 1137
188 620
188 630
188 629
188 628
188 627
188 626
188 625
188 1132
188 623
188 622
188 621
188 619
188 1136
188 1133
188 617
188 616
188 615
188 614
188 613
188 612
188 611
188 1134
188 1135
188 700
