189 767
189 883
189 768
189 865
189 909
189 726
189 640
189 498
189 1360
189 75
189 884
189 868
189 870
189 762
189 395
189 1334
189 833
189 581
189 925
189 727
189 724
189 1332
189 1057
189 31
189 732
189 867
189 215
189 881
189 602
189 1177
189 586
189 720
189 135
189 592
189 543
189 302
189 1146
189 907
189 1362
189 29
189 399
189 1178
189 246
189 1180
189 1188
189 535
189 948
189 1082
189 81
189 426
189 980
189 92
189 314
189 95
189 1248
189 437
189 1242
189 1289
189 82
189 369
189 837
189 836
189 217
189 12
189 1386
189 987
189 435
189 470
189 385
189 866
189 58
189 878
189 212
189 195
189 676
189 896
189 304
189 122
189 336
189 249
189 1179
189 192
189 1073
189 945
189 1279
189 710
189 674
189 580
189 1147
189 834
189 1055
189 723
189 885
189 301
189 1339
189 1131
189 452
189 924
189 203
189 1365
189 1033
189 93
189 36
189 91
189 988
189 1209
189 467
189 985
189 887
189 1192
189 906
189 678
189 628
189 599
189 1290
189 652
189 796
189 497
189 1382
189 733
189 1306
189 806
189 415
189 658
189 460
189 882
189 69
189 487
189 1010
189 1136
189 750
189 465
189 18
189 213
189 318
189 1292
189 235
189 1390
189 231
189 779
189 1353
189 984
189 206
189 952
189 463
189 893
189 1153
189 769
189 100
189 613
189 1261
189 1009
189 886
189 775
189 835
189 367
189 1384
189 574
189 1387
189 1293
189 712
189 783
189 1234
189 1050
189 747
189 1400
189 221
189 52
189 184
189 1366
189 1262
189 540
189 247
189 644
189 256
189 671
189 557
189 986
189 677
189 1237
189 869
189 1246
189 85
189 1342
189 462
189 14
189 1084
189 292
189 917
189 770
189 1006
189 539
189 822
189 315
189 148
189 474
189 173
189 287
189 1367
189 982
189 734
189 962
189 1124
189 711
189 606
189 105
189 1369
189 781
189 183
189 368
189 481
189 646
189 758
189 109
189 1183
189 54
189 266
189 1085
189 632
189 311
189 698
189 1005
189 1380
189 72
189 1333
189 428
189 839
189 228
189 784
189 63
189 989
189 106
189 596
189 6
189 1212
189 1397
189 214
189 593
189 351
189 492
189 352
189 921
189 1167
189 30
189 1080
189 239
189 503
189 66
189 789
189 185
189 405
189 429
189 612
189 449
189 1266
189 977
189 1076
189 1368
189 341
189 198
189 1278
189 193
189 324
189 1207
189 931
189 549
189 419
189 943
189 1224
189 811
189 1108
189 845
189 772
189 589
189 252
189 114
189 264
189 461
189 118
189 76
189 861
189 1310
189 366
189 60
189 745
189 1134
189 303
189 1018
189 942
189 32
189 191
189 1185
189 182
189 785
189 766
189 814
189 786
189 128
189 164
189 386
189 1088
189 1375
189 1087
189 194
189 1176
189 1301
189 1061
189 442
189 202
189 170
189 666
189 1371
189 1298
189 958
189 274
189 384
189 1354
189 1243
189 1363
189 1361
189 662
189 1385
189 1211
189 563
189 250
189 1127
189 880
189 24
189 396
189 859
189 800
189 519
189 840
189 603
189 328
189 141
189 659
189 458
189 473
189 1331
189 300
189 746
189 554
189 923
189 1099
189 375
189 826
189 1003
189 378
189 797
189 858
189 1051
189 312
189 1182
189 938
189 531
189 704
189 908
189 1015
189 433
189 136
189 798
189 16
189 1117
189 168
189 111
189 929
189 1341
189 1069
189 683
189 1137
189 390
189 559
189 248
189 975
189 1133
189 1350
189 121
189 342
189 650
189 793
189 1035
189 1036
189 525
189 307
189 813
189 935
189 289
189 1312
189 416
189 443
189 99
189 273
189 990
189 15
189 172
189 685
189 506
189 1062
189 468
189 1083
189 1204
189 1221
189 1245
189 1399
189 1351
189 653
189 782
189 928
189 102
189 413
189 5
189 888
189 454
189 816
189 1027
189 964
189 317
189 49
189 790
189 159
189 701
189 277
189 1294
189 50
189 410
189 1154
189 409
189 234
189 1104
189 459
189 64
189 90
189 546
189 188
189 1139
189 532
189 556
189 13
189 177
189 550
189 445
189 537
189 696
189 647
189 748
189 163
189 35
189 1304
189 1282
189 1172
189 927
189 719
189 891
189 1063
189 1113
189 339
189 447
189 967
189 544
189 1343
189 598
189 237
189 179
189 501
189 616
189 1352
189 1086
189 358
189 799
189 1251
189 579
189 404
189 240
189 43
189 1370
189 981
189 494
189 421
189 756
189 1225
189 1119
189 661
189 1349
189 78
189 1231
189 844
189 890
189 1199
189 805
189 649
189 654
189 227
189 588
189 7
189 1313
189 337
189 1391
189 107
189 27
189 1039
189 45
189 357
189 259
189 232
189 451
189 1077
189 1118
189 1340
189 633
189 912
189 1318
189 905
189 417
189 794
189 216
189 645
189 1097
189 926
189 1008
189 660
189 325
189 777
189 1187
189 686
189 752
189 1019
189 584
189 1054
189 288
189 899
189 1058
189 322
189 916
189 120
189 551
189 807
189 145
189 529
189 1066
189 648
189 181
189 332
189 754
189 1229
189 1325
189 51
189 1219
189 1222
189 165
189 223
189 910
189 1260
189 276
189 1021
189 1093
189 530
189 1012
189 820
189 455
189 1032
189 47
189 407
189 526
189 730
189 609
189 656
189 576
189 1011
189 721
189 818
189 691
189 398
189 827
189 1240
189 971
189 425
189 919
189 457
189 974
189 1013
189 340
189 876
189 432
189 575
189 1379
189 411
189 946
189 707
189 511
189 74
189 1110
189 757
189 600
189 360
189 619
189 1096
189 1070
189 381
189 960
189 1226
189 1383
189 1056
189 1109
189 755
189 154
189 641
189 1314
189 155
189 131
189 739
189 1000
189 699
189 904
189 725
189 1398
189 373
189 983
189 843
189 1107
189 486
189 515
189 1100
189 808
189 230
189 627
189 253
189 521
189 124
189 1198
189 285
189 482
189 509
189 241
189 761
189 695
189 150
189 729
189 1140
189 626
189 702
189 523
189 947
189 735
189 1348
189 134
189 889
189 936
189 116
189 420
189 874
189 1138
189 1043
189 643
189 338
189 376
189 614
189 538
189 361
189 478
189 283
189 978
189 1115
189 113
189 282
189 220
189 1059
189 480
189 545
189 1281
189 510
189 329
189 89
189 841
189 1336
189 1029
189 1250
189 1320
189 997
189 400
189 736
189 475
189 211
189 279
189 792
189 392
189 918
189 142
189 568
189 527
189 547
189 1392
189 693
189 860
189 132
189 1316
189 1215
189 1175
189 655
189 1214
189 270
189 262
189 70
189 1296
189 565
189 597
189 125
189 1074
189 703
189 623
189 1169
189 209
189 1377
189 668
189 1024
189 1112
189 364
189 902
189 764
189 1151
189 59
189 1271
189 200
189 123
189 1201
189 911
189 1034
189 753
189 39
189 278
189 424
189 788
189 1190
189 86
189 1148
189 622
189 522
189 1322
189 567
189 582
189 749
189 1004
189 744
189 263
189 472
189 634
189 48
189 681
189 825
189 157
189 284
189 558
189 37
189 489
189 803
189 1238
189 1388
189 208
189 476
189 244
189 1233
189 780
189 68
189 466
189 1105
189 996
189 1047
189 422
189 815
189 1273
189 44
189 1315
189 1235
189 55
189 493
189 299
189 1193
189 585
189 717
189 675
189 80
189 665
189 972
189 992
189 852
189 961
189 1223
189 127
189 851
189 1218
189 156
189 809
189 1254
189 1191
189 1166
189 293
189 147
189 1230
189 479
189 464
189 1255
189 1157
189 1125
189 345
189 1075
189 1321
189 1329
189 1129
189 801
189 1106
189 305
189 1160
189 488
189 1326
189 1252
189 1338
189 571
189 308
189 1389
189 601
189 309
189 689
189 722
189 966
189 564
189 297
189 346
189 1213
189 1200
189 1197
189 738
189 370
189 1268
189 365
189 186
189 569
189 1295
189 499
189 1265
189 1344
189 207
189 1324
189 77
189 1297
189 1381
189 267
189 873
189 56
189 1053
189 595
189 1280
189 187
189 624
189 201
189 484
189 1356
189 1184
189 934
189 542
189 97
189 1347
189 894
189 434
189 731
189 1291
189 773
189 294
189 453
189 210
189 229
189 991
189 427
189 520
189 73
189 1300
189 160
189 33
189 441
189 976
189 101
189 1373
189 140
189 401
189 355
189 11
189 138
189 10
189 144
189 146
189 257
189 260
189 286
189 149
189 265
189 356
189 151
189 9
189 261
189 354
189 353
189 143
189 67
189 258
189 180
189 290
189 347
189 189
189 190
189 139
189 348
189 291
189 350
189 349
189 104
189 178
189 8
189 3
189 271
189 158
189 272
189 62
189 162
189 4
189 2
189 280
189 275
189 371
189 61
189 372
189 161
189 374
189 269
189 281
189 152
189 171
189 153
189 137
189 176
189 359
189 175
189 174
189 169
189 166
189 57
189 362
189 65
189 167
189 268
189 363
189 71
189 295
189 255
189 26
189 96
189 25
189 333
189 112
189 334
189 94
189 115
189 117
189 335
189 316
189 34
189 236
189 238
189 38
189 313
189 331
189 330
189 53
189 218
189 108
189 320
189 319
189 103
189 110
189 233
189 226
189 323
189 28
189 225
189 224
189 327
189 98
189 222
189 219
189 88
189 87
189 310
189 119
189 79
189 46
189 21
189 20
189 251
189 19
189 254
189 197
189 17
189 133
189 344
189 298
189 196
189 296
189 321
189 130
189 343
189 245
189 84
189 205
189 40
189 204
189 242
189 23
189 126
189 243
189 22
189 41
189 306
189 42
189 83
189 199
189 129
189 326
189 700
189 377
189 1067
189 1091
189 1090
189 1089
189 1081
189 1079
189 1078
189 1072
189 1071
189 1068
189 1065
189 1040
189 1064
189 1060
189 1052
189 1049
189 1048
189 1046
189 1045
189 1044
189 1042
189 1092
189 1094
189 1095
189 1098
189 1144
189 1143
189 1142
189 1141
189 1135
189 1132
189 1130
189 1128
189 1126
189 1123
189 1122
189 1121
189 1120
189 1116
189 1114
189 1111
189 1103
189 1102
189 1101
189 1041
189 1038
189 1149
189 951
189 968
189 965
189 963
189 959
189 957
189 956
189 955
189 954
189 953
189 950
189 1037
189 949
189 944
189 941
189 940
189 939
189 937
189 933
189 932
189 930
189 969
189 970
189 973
189 979
189 1031
189 1030
189 1028
189 1026
189 1025
189 1023
189 1022
189 1020
189 1017
189 1016
189 1014
189 1007
189 1002
189 1001
189 999
189 998
189 995
189 994
189 993
189 1145
189 1150
189 379
189 1287
189 1311
189 1309
189 1308
189 1307
189 1305
189 1303
189 1302
189 1299
189 1288
189 1286
189 1267
189 1285
189 1284
189 1283
189 1277
189 1276
189 1275
189 1274
189 1272
189 1270
189 1317
189 1319
189 1323
189 1327
189 1396
189 1395
189 1394
189 1393
189 1378
189 1376
189 1374
189 1372
189 1364
189 1359
189 1358
189 1357
189 1355
189 1346
189 1345
189 1337
189 1335
189 1330
189 1328
189 1269
189 1264
189 1152
189 1170
189 1196
189 1195
189 1194
189 1189
189 1186
189 1181
189 1174
189 1173
189 1171
189 1168
189 1263
189 1165
189 1164
189 1163
189 1162
189 1161
189 1159
189 1158
189 1156
189 1155
189 1202
189 1203
189 1205
189 1206
189 1259
189 1258
189 1257
189 1256
189 1253
189 1249
189 1247
189 1244
189 1241
189 1239
189 1236
189 1232
189 1228
189 1227
189 1220
189 1217
189 1216
189 1210
189 1208
189 922
189 920
189 915
189 552
189 573
189 572
189 570
189 566
189 562
189 561
189 560
189 555
189 553
189 548
189 513
189 541
189 536
189 534
189 533
189 528
189 524
189 518
189 517
189 516
189 577
189 578
189 583
189 587
189 635
189 631
189 630
189 629
189 625
189 621
189 620
189 618
189 617
189 615
189 611
189 610
189 608
189 607
189 605
189 604
189 594
189 591
189 590
189 514
189 512
189 914
189 402
189 431
189 430
189 423
189 418
189 414
189 412
189 408
189 406
189 403
189 397
189 508
189 394
189 393
189 391
189 389
189 388
189 387
189 383
189 382
189 380
189 436
189 438
189 439
189 440
189 507
189 505
189 504
189 502
189 500
189 496
189 495
189 491
189 490
189 485
189 483
189 477
189 471
189 469
189 456
189 450
189 448
189 446
189 444
189 636
189 637
189 638
189 828
189 848
189 847
189 846
189 842
189 838
189 832
189 831
189 830
189 829
189 824
189 639
189 823
189 821
189 819
189 817
189 812
189 810
189 804
189 802
189 795
189 849
189 850
189 853
189 854
189 913
189 903
189 901
189 900
189 898
189 897
189 895
189 892
189 879
189 877
189 875
189 872
189 871
189 864
189 863
189 862
189 857
189 856
189 855
189 791
189 787
189 778
189 705
189 694
189 692
189 690
189 688
189 687
189 684
189 682
189 680
189 679
189 673
189 672
189 670
189 669
189 667
189 664
189 663
189 657
189 651
189 642
189 697
189 706
189 776
189 708
189 774
189 771
189 765
189 763
189 760
189 759
189 751
189 743
189 742
189 741
189 740
189 737
189 728
189 718
189 716
189 715
189 714
189 713
189 709
189 1
