19 706
19 1346
19 286
19 82
19 303
19 164
19 140
19 1000
19 803
19 713
19 714
19 987
19 44
19 434
19 1052
19 353
19 1348
19 982
19 448
19 1291
19 1279
19 554
19 1009
19 93
19 1119
19 1062
19 1331
19 824
19 260
19 660
19 1309
19 222
19 446
19 482
19 234
19 297
19 1005
19 27
19 1242
19 1006
19 628
19 442
19 1075
19 1347
19 880
19 1260
19 944
19 497
19 905
19 1066
19 868
19 516
19 237
19 678
19 586
19 1339
19 823
19 270
19 333
19 1165
19 342
19 204
19 503
19 197
19 1079
19 201
19 1130
19 927
19 1239
19 1001
19 1261
19 409
19 1313
19 594
19 124
19 61
19 1219
19 328
19 69
19 416
19 1248
19 842
19 797
19 809
19 763
19 304
19 948
19 1344
19 923
19 152
19 1146
19 1352
19 225
19 1078
19 261
19 479
19 453
19 433
19 1081
19 860
19 1031
19 289
19 1296
19 249
19 122
19 848
19 897
19 163
19 1375
19 1008
19 25
19 650
19 417
19 1345
19 66
19 275
19 1396
19 610
19 1217
19 1290
19 853
19 1074
19 1295
19 634
19 1
19 1166
19 1235
19 988
19 191
19 520
19 276
19 939
19 1149
19 498
19 1019
19 1003
19 573
19 1153
19 1311
19 1013
19 32
19 404
19 1161
19 572
19 790
19 85
19 78
19 830
19 733
19 1047
19 172
19 959
19 402
19 845
19 826
19 366
19 712
19 625
19 274
19 717
19 355
19 313
19 531
19 443
19 395
19 550
19 687
19 311
19 1099
19 1307
19 190
19 964
19 450
19 208
19 811
19 953
19 1359
19 509
19 799
19 971
19 217
19 590
19 1228
19 924
19 1397
19 365
19 1264
19 538
19 252
19 1213
19 766
19 184
19 40
19 716
19 525
19 296
19 752
19 242
19 645
19 967
19 715
19 318
19 282
19 1225
19 1200
19 783
19 1294
19 1113
19 954
19 978
19 1076
19 1297
19 344
19 518
19 600
19 337
19 273
19 432
19 782
19 1289
19 1012
19 567
19 187
19 235
19 203
19 870
19 1237
19 267
19 980
19 1092
19 162
19 1337
19 467
19 1361
19 9
19 1106
19 814
19 932
19 899
19 593
19 1301
19 825
19 523
19 623
19 76
19 125
19 484
19 415
19 1379
19 1266
19 1306
19 1135
19 193
19 1108
19 1226
19 170
19 1097
19 928
19 113
19 1234
19 1145
19 1120
19 196
19 1132
19 58
19 828
19 1138
19 1107
19 79
19 732
19 143
19 133
19 29
19 1117
19 414
19 210
19 711
19 673
19 305
19 1004
19 290
19 671
19 110
19 129
19 309
19 370
19 746
19 198
19 1164
19 160
19 1366
19 441
19 827
19 12
19 189
19 956
19 806
19 488
19 758
19 850
19 1122
19 999
19 39
19 606
19 88
19 33
19 965
19 421
19 1221
19 688
19 307
19 486
19 891
19 818
19 655
19 649
19 1394
19 231
19 1093
19 223
19 760
19 460
19 1281
19 1229
19 285
19 1280
19 1288
19 644
19 908
19 56
19 534
19 481
19 347
19 580
19 684
19 7
19 232
19 1010
19 577
19 227
19 1144
19 400
19 412
19 306
19 287
19 1071
19 1189
19 440
19 910
19 1011
19 635
19 1121
19 1126
19 720
19 504
19 100
19 1381
19 34
19 341
19 49
19 946
19 94
19 822
19 454
19 1310
19 148
19 587
19 315
19 952
19 1018
19 180
19 975
19 1336
19 1215
19 863
19 1041
19 496
19 957
19 230
19 820
19 734
19 856
19 1277
19 1094
19 914
19 1063
19 1265
19 888
19 248
19 142
19 1355
19 96
19 294
19 915
19 1088
19 1196
19 1083
19 229
19 1129
19 166
19 997
19 72
19 774
19 630
19 463
19 1283
19 397
19 1391
19 974
19 1203
19 1091
19 1064
19 19
19 487
19 70
19 349
19 300
19 874
19 992
19 1269
19 1356
19 468
19 331
19 494
19 77
19 1051
19 1028
19 99
19 565
19 511
19 759
19 1270
19 426
19 756
19 683
19 1087
19 1035
19 938
19 697
19 1070
19 1224
19 369
19 838
19 1177
19 360
19 522
19 80
19 996
19 68
19 1330
19 1154
19 214
19 16
19 1048
19 1274
19 1350
19 86
19 1173
19 1300
19 132
19 685
19 63
19 1319
19 646
19 1171
19 808
19 847
19 114
19 445
19 557
19 721
19 1043
19 872
19 186
19 751
19 1293
19 1039
19 115
19 240
19 1182
19 67
19 1179
19 603
19 555
19 1015
19 916
19 144
19 1128
19 517
19 858
19 1384
19 626
19 945
19 363
19 792
19 540
19 1100
19 1140
19 8
19 324
19 245
19 95
19 435
19 1367
19 617
19 829
19 268
19 1377
19 168
19 1049
19 929
19 725
19 804
19 740
19 466
19 106
19 326
19 2
19 1258
19 1292
19 876
19 1069
19 1383
19 425
19 919
19 666
19 299
19 724
19 881
19 662
19 1104
19 205
19 1024
19 1160
19 539
19 83
19 831
19 202
19 1232
19 638
19 568
19 1201
19 391
19 179
19 464
19 1131
19 961
19 1254
19 327
19 663
19 857
19 386
19 909
19 1156
19 894
19 1002
19 689
19 798
19 749
19 651
19 472
19 658
19 1372
19 966
19 128
19 182
19 372
19 26
19 97
19 236
19 174
19 345
19 47
19 643
19 949
19 371
19 515
19 367
19 279
19 211
19 265
19 295
19 677
19 1349
19 969
19 1110
19 335
19 406
19 212
19 1340
19 614
19 976
19 1207
19 1123
19 781
19 104
19 1316
19 427
19 764
19 1046
19 1142
19 1195
19 1218
19 188
19 1370
19 506
19 374
19 1395
19 14
19 1082
19 1077
19 943
19 1211
19 176
19 173
19 1007
19 629
19 489
19 1090
19 633
19 859
19 111
19 138
19 136
19 1056
19 589
19 183
19 1321
19 351
19 23
19 42
19 1176
19 896
19 362
19 420
19 1271
19 1259
19 672
19 941
19 264
19 1249
19 563
19 784
19 619
19 1365
19 569
19 769
19 92
19 1382
19 679
19 1324
19 846
19 624
19 926
19 449
19 770
19 508
19 258
19 979
19 1159
19 535
19 1243
19 887
19 1247
19 1227
19 239
19 615
19 131
19 1134
19 1151
19 423
19 632
19 493
19 1257
19 543
19 53
19 1080
19 693
19 55
19 233
19 1157
19 1341
19 917
19 1252
19 139
19 596
19 702
19 930
19 796
19 994
19 772
19 1380
19 36
19 902
19 149
19 334
19 595
19 692
19 1362
19 661
19 444
19 316
19 439
19 1169
19 1089
19 546
19 156
19 43
19 277
19 1323
19 548
19 1036
19 935
19 1373
19 403
19 686
19 431
19 123
19 514
19 605
19 601
19 1263
19 1109
19 413
19 613
19 390
19 753
19 529
19 602
19 807
19 358
19 698
19 837
19 670
19 1317
19 1072
19 1385
19 283
19 1214
19 332
19 1212
19 379
19 767
19 812
19 165
19 788
19 38
19 973
19 470
19 1172
19 962
19 52
19 1197
19 1030
19 611
19 500
19 1273
19 755
19 319
19 105
19 903
19 1223
19 24
19 564
19 576
19 599
19 762
19 1139
19 675
19 81
19 867
19 259
19 731
19 465
19 1282
19 912
19 1185
19 1244
19 383
19 89
19 380
19 314
19 588
19 816
19 477
19 381
19 1096
19 292
19 993
19 147
19 1342
19 21
19 4
19 1387
19 1150
19 458
19 137
19 1111
19 682
19 925
19 802
19 875
19 209
19 354
19 1127
19 1371
19 536
19 664
19 695
19 704
19 483
19 1220
19 57
19 805
19 254
19 620
19 1183
19 819
19 1184
19 1364
19 127
19 718
19 10
19 794
19 291
19 963
19 972
19 385
19 1188
19 895
19 862
19 699
19 161
19 330
19 54
19 701
19 1114
19 317
19 1322
19 456
19 121
19 1095
19 340
19 35
19 855
19 1020
19 776
19 401
19 598
19 901
19 50
19 102
19 933
19 74
19 455
19 559
19 226
19 865
19 883
19 1098
19 199
19 1386
19 325
19 437
19 1374
19 843
19 98
19 864
19 898
19 206
19 558
19 1068
19 813
19 892
19 1014
19 219
19 1338
19 983
19 556
19 244
19 241
19 250
19 597
19 150
19 84
19 1021
19 375
19 262
19 609
19 737
19 647
19 676
19 691
19 513
19 1222
19 631
19 1170
19 1287
19 329
19 1205
19 41
19 849
19 728
19 20
19 921
19 11
19 1040
19 195
19 1299
19 791
19 1137
19 501
19 841
19 120
19 882
19 145
19 475
19 877
19 657
19 667
19 931
19 780
19 1314
19 549
19 1050
19 690
19 815
19 904
19 871
19 141
19 1167
19 547
19 1158
19 654
19 1133
19 87
19 604
19 1147
19 668
19 117
19 1191
19 130
19 469
19 293
19 269
19 528
19 544
19 146
19 505
19 705
19 986
19 779
19 1333
19 321
19 1400
19 495
19 447
19 1192
19 1353
19 60
19 1054
19 284
19 1262
19 773
19 519
19 545
19 1016
19 22
19 648
19 889
19 377
19 955
19 308
19 1233
19 653
19 1186
19 800
19 998
19 1246
19 566
19 422
19 359
19 840
19 918
19 754
19 680
19 765
19 272
19 583
19 1241
19 346
19 171
19 167
19 1250
19 851
19 373
19 15
19 1101
19 639
19 1055
19 338
19 75
19 866
19 839
19 1286
19 942
19 1115
19 553
19 726
19 618
19 1112
19 13
19 220
19 1354
19 1057
19 1178
19 474
19 960
19 1251
19 743
19 937
19 288
19 169
19 562
19 1163
19 263
19 368
19 574
19 747
19 51
19 729
19 627
19 723
19 1326
19 1206
19 1302
19 1231
19 984
19 419
19 247
19 738
19 1315
19 112
19 1390
19 636
19 462
19 694
19 116
19 59
19 1363
19 1017
19 977
19 1335
19 1303
19 707
19 560
19 710
19 91
19 1230
19 541
19 1216
19 1255
19 1320
19 1125
19 991
19 1240
19 151
19 801
19 1194
19 1398
19 109
19 73
19 1351
19 552
19 844
19 357
19 1025
19 1198
19 656
19 1059
19 542
19 907
19 1168
19 622
19 730
19 727
19 476
19 1204
19 459
19 1199
19 989
19 216
19 62
19 218
19 1061
19 1392
19 739
19 757
19 1175
19 101
19 1209
19 364
19 1202
19 869
19 1253
19 154
19 1044
19 1045
19 1193
19 159
19 1389
19 30
19 31
19 158
19 157
19 1053
19 155
19 153
19 28
19 1334
19 1332
19 1329
19 1328
19 1327
19 1058
19 37
19 1060
19 1325
19 1210
19 1065
19 1042
19 1038
19 103
19 1037
19 181
19 1388
19 1378
19 90
19 1022
19 1376
19 178
19 177
19 1369
19 1023
19 175
19 1368
19 17
19 1026
19 18
19 1027
19 1360
19 1029
19 1358
19 1357
19 1032
19 1208
19 1343
19 1033
19 1034
19 1067
19 1073
19 1318
19 1312
19 119
19 1278
19 118
19 1162
19 1276
19 3
19 1238
19 5
19 1174
19 1275
19 1245
19 1393
19 1272
19 1190
19 1187
19 64
19 65
19 1268
19 108
19 1267
19 107
19 1180
19 1256
19 1181
19 71
19 1155
19 1152
19 1148
19 1105
19 1084
19 6
19 1308
19 1085
19 45
19 1236
19 46
19 1102
19 1103
19 135
19 134
19 1305
19 1143
19 48
19 1116
19 1118
19 1124
19 1304
19 1298
19 1285
19 1284
19 126
19 1136
19 1141
19 1086
19 900
19 995
19 612
19 607
19 356
19 592
19 591
19 361
19 585
19 584
19 582
19 581
19 579
19 578
19 575
19 571
19 570
19 376
19 378
19 561
19 382
19 384
19 608
19 352
19 388
19 616
19 320
19 322
19 323
19 681
19 674
19 669
19 665
19 659
19 652
19 642
19 641
19 336
19 640
19 339
19 637
19 343
19 621
19 348
19 350
19 387
19 389
19 185
19 507
19 418
19 499
19 492
19 424
19 491
19 490
19 485
19 428
19 429
19 430
19 480
19 478
19 473
19 436
19 471
19 438
19 461
19 457
19 452
19 502
19 510
19 551
19 512
19 392
19 393
19 394
19 396
19 398
19 399
19 537
19 533
19 532
19 530
19 527
19 405
19 526
19 407
19 408
19 524
19 410
19 411
19 521
19 696
19 1399
19 703
19 911
19 906
19 451
19 224
19 893
19 890
19 228
19 886
19 885
19 884
19 879
19 878
19 873
19 861
19 238
19 854
19 852
19 243
19 246
19 836
19 221
19 215
19 708
19 913
19 990
19 985
19 981
19 192
19 194
19 970
19 968
19 958
19 200
19 951
19 950
19 947
19 940
19 207
19 936
19 934
19 922
19 920
19 213
19 835
19 834
19 251
19 833
19 280
19 281
19 761
19 750
19 748
19 745
19 744
19 742
19 741
19 298
19 736
19 735
19 301
19 302
19 722
19 310
19 719
19 312
19 709
19 768
19 278
19 771
19 795
19 253
19 832
19 255
19 256
19 257
19 821
19 817
19 810
19 793
19 775
19 266
19 789
19 787
19 786
19 785
19 271
19 778
19 777
19 700
