190 390
190 1008
190 856
190 627
190 391
190 948
190 15
190 766
190 52
190 1339
190 864
190 857
190 1111
190 728
190 685
190 285
190 858
190 911
190 859
190 769
190 122
190 634
190 14
190 658
190 1069
190 723
190 820
190 1066
190 895
190 1322
190 518
190 1183
190 894
190 846
190 188
190 725
190 878
190 915
190 1337
190 1386
190 1392
190 686
190 202
190 760
190 781
190 1341
190 593
190 179
190 862
190 530
190 434
190 1023
190 1198
190 1290
190 709
190 1338
190 899
190 55
190 1122
190 31
190 533
190 880
190 874
190 914
190 748
190 1112
190 228
190 496
190 876
190 432
190 753
190 1363
190 1014
190 844
190 720
190 1001
190 722
190 749
190 879
190 504
190 519
190 729
190 1043
190 21
190 719
190 1113
190 1034
190 455
190 321
190 417
190 1266
190 1325
190 711
190 1177
190 1251
190 425
190 186
190 704
190 1227
190 1207
190 724
190 818
190 1128
190 1367
190 747
190 315
190 1048
190 54
190 168
190 716
190 799
190 444
190 765
190 840
190 1221
190 1130
190 1059
190 442
190 661
190 867
190 454
190 674
190 1026
190 486
190 643
190 1124
190 726
190 110
190 847
190 1119
190 819
190 167
190 1127
190 67
190 1042
190 624
190 487
190 710
190 1289
190 362
190 1360
190 881
190 1272
190 583
190 727
190 1387
190 794
190 1134
190 1374
190 176
190 852
190 409
190 826
190 999
190 146
190 433
190 134
190 1051
190 902
190 990
190 414
190 246
190 538
190 1194
190 426
190 1347
190 1400
190 1005
190 380
190 189
190 746
190 441
190 1229
190 642
190 182
190 1190
190 866
190 174
190 1291
190 282
190 356
190 1315
190 303
190 994
190 1354
190 201
190 183
190 957
190 764
190 823
190 825
190 853
190 979
190 92
190 214
190 1390
190 42
190 139
190 595
190 1399
190 897
190 1384
190 1376
190 544
190 73
190 1211
190 1331
190 431
190 316
190 1115
190 1239
190 1076
190 887
190 193
190 173
190 1019
190 671
190 1154
190 1136
190 1088
190 974
190 1247
190 75
190 1061
190 312
190 834
190 36
190 1226
190 170
190 128
190 326
190 328
190 114
190 776
190 1263
190 824
190 1007
190 534
190 272
190 35
190 1035
190 959
190 95
190 701
190 952
190 984
190 1237
190 1188
190 299
190 816
190 975
190 808
190 1352
190 204
190 389
190 161
190 1388
190 924
190 1121
190 998
190 1060
190 1248
190 743
190 360
190 877
190 306
190 354
190 1040
190 447
190 347
190 1250
190 1055
190 467
190 1235
190 599
190 1151
190 707
190 667
190 50
190 379
190 883
190 1228
190 251
190 1082
190 1265
190 1288
190 845
190 837
190 25
190 126
190 1191
190 690
190 209
190 1132
190 428
190 12
190 650
190 133
190 989
190 352
190 53
190 567
190 1053
190 108
190 1010
190 1018
190 965
190 833
190 474
190 213
190 184
190 227
190 652
190 574
190 891
190 1280
190 1117
190 69
190 1074
190 933
190 1236
190 296
190 828
190 398
190 470
190 1000
190 248
190 10
190 528
190 916
190 1344
190 814
190 342
190 815
190 608
190 1037
190 292
190 60
190 928
190 1283
190 961
190 1208
190 767
190 1180
190 1307
190 600
190 97
190 197
190 973
190 919
190 871
190 1058
190 1357
190 1366
190 993
190 763
190 242
190 1258
190 666
190 1012
190 423
190 226
190 1264
190 266
190 571
190 910
190 368
190 1049
190 135
190 469
190 947
190 203
190 717
190 561
190 1201
190 741
190 318
190 1292
190 988
190 1377
190 541
190 187
190 562
190 166
190 466
190 225
190 863
190 1294
190 329
190 49
190 460
190 1139
190 64
190 63
190 378
190 954
190 1259
190 996
190 714
190 663
190 510
190 517
190 580
190 386
190 408
190 284
190 662
190 363
190 85
190 1109
190 817
190 1075
190 1038
190 523
190 672
190 200
190 588
190 730
190 955
190 1300
190 289
190 1199
190 72
190 822
190 1298
190 1078
190 578
190 1212
190 1218
190 1047
190 56
190 1169
190 1365
190 827
190 1284
190 340
190 1389
190 653
190 648
190 944
190 547
190 314
190 30
190 1071
190 1261
190 798
190 1216
190 210
190 22
190 575
190 1351
190 151
190 307
190 121
190 851
190 1085
190 889
190 742
190 1372
190 524
190 117
190 406
190 759
190 968
190 1275
190 1246
190 713
190 1242
190 415
190 1286
190 1107
190 985
190 679
190 503
190 513
190 668
190 675
190 625
190 1204
190 1178
190 779
190 977
190 206
190 1241
190 91
190 498
190 235
190 294
190 395
190 81
190 364
190 564
190 1036
190 43
190 1255
190 829
190 48
190 806
190 185
190 956
190 964
190 997
190 1217
190 191
190 783
190 515
190 421
190 449
190 1302
190 1099
190 80
190 1262
190 1349
190 971
190 115
190 1135
190 922
190 124
190 700
190 545
190 936
190 416
190 46
190 361
190 1210
190 516
190 581
190 969
190 681
190 240
190 23
190 1015
190 311
190 57
190 1256
190 150
190 1021
190 145
190 576
190 365
190 247
190 485
190 1072
190 689
190 921
190 1361
190 68
190 366
190 687
190 1356
190 865
190 177
190 1179
190 604
190 962
190 165
190 1375
190 551
190 1276
190 522
190 1353
190 903
190 992
190 1381
190 70
190 1131
190 606
190 457
190 387
190 1282
190 1378
190 255
190 1398
190 385
190 793
190 550
190 157
190 907
190 1355
190 51
190 1077
190 288
190 218
190 8
190 403
190 4
190 1311
190 708
190 413
190 589
190 497
190 560
190 304
190 1220
190 1041
190 640
190 1358
190 270
190 1310
190 1395
190 375
190 797
190 886
190 230
190 372
190 623
190 59
190 493
190 1181
190 843
190 234
190 664
190 343
190 619
190 632
190 346
190 94
190 39
190 123
190 784
190 1025
190 1011
190 509
190 694
190 310
190 1313
190 937
190 259
190 79
190 757
190 836
190 656
190 263
190 9
190 555
190 29
190 1200
190 792
190 861
190 1362
190 84
190 970
190 1335
190 770
190 1373
190 821
190 872
190 147
190 535
190 47
190 1033
190 258
190 566
190 217
190 241
190 1222
190 1172
190 1297
190 945
190 976
190 683
190 1342
190 1380
190 1116
190 917
190 205
190 1308
190 514
190 1305
190 132
190 138
190 163
190 154
190 1281
190 198
190 649
190 1278
190 791
190 939
190 267
190 89
190 104
190 1017
190 2
190 87
190 983
190 570
190 670
190 592
190 660
190 99
190 331
190 565
190 38
190 1254
190 590
190 1368
190 1301
190 812
190 1213
190 1062
190 934
190 536
190 102
190 300
190 756
190 868
190 597
190 1090
190 437
190 966
190 1271
190 295
190 410
190 967
190 630
190 1234
190 18
190 981
190 355
190 800
190 1371
190 1081
190 505
190 616
190 1348
190 1225
190 896
190 1382
190 1238
190 212
190 24
190 472
190 125
190 890
190 646
190 130
190 737
190 111
190 401
190 1195
190 1159
190 677
190 480
190 384
190 657
190 1155
190 563
190 1233
190 780
190 972
190 1105
190 435
190 65
190 223
190 1104
190 1393
190 1152
190 483
190 141
190 1145
190 82
190 238
190 1054
190 929
190 40
190 344
190 1224
190 696
190 77
190 136
190 1016
190 481
190 665
190 525
190 1327
190 127
190 473
190 1244
190 946
190 100
190 809
190 960
190 277
190 175
190 149
190 587
190 369
190 546
190 680
190 740
190 7
190 585
190 264
190 1110
190 1114
190 351
190 1257
190 1232
190 755
190 199
190 489
190 90
190 926
190 698
190 76
190 596
190 430
190 16
190 276
190 302
190 293
190 1009
190 1153
190 614
190 601
190 773
190 636
190 1093
190 943
190 1087
190 949
190 98
190 1028
190 1091
190 404
190 1070
190 1065
190 787
190 556
190 482
190 1394
190 1245
190 1052
190 254
190 506
190 684
190 1273
190 207
190 171
190 1203
190 1140
190 283
190 453
190 702
190 499
190 1364
190 118
190 45
190 367
190 1343
190 1068
190 370
190 190
190 96
190 511
190 913
190 697
190 1149
190 1332
190 338
190 715
190 537
190 439
190 178
190 88
190 676
190 459
190 131
190 1334
190 1162
190 1320
190 1303
190 144
190 1013
190 41
190 830
190 419
190 1089
190 804
190 44
190 786
190 870
190 371
190 411
190 1157
190 172
190 1336
190 74
190 559
190 1125
190 1098
190 1006
190 1182
190 796
190 448
190 1391
190 332
190 220
190 693
190 381
190 1369
190 458
190 93
190 1214
190 873
190 1158
190 1274
190 143
190 341
190 335
190 337
190 733
190 1279
190 692
190 349
190 762
190 1319
190 1163
190 357
190 1309
190 980
190 1108
190 579
190 119
190 243
190 884
190 383
190 256
190 705
190 232
190 612
190 1330
190 731
190 1080
190 941
190 1249
190 140
190 1328
190 1024
190 577
190 805
190 807
190 162
190 991
190 440
190 688
190 771
190 1312
190 1137
190 422
190 359
190 1277
190 568
190 1056
190 669
190 252
190 216
190 860
190 1215
190 927
190 62
190 452
190 373
190 491
190 219
190 1187
190 269
190 1175
190 330
190 548
190 101
190 610
190 1092
190 1096
190 345
190 156
190 611
190 901
190 1296
190 712
190 268
190 274
190 1004
190 37
190 1143
190 196
190 208
190 348
190 309
190 261
190 572
190 297
190 1202
190 695
190 605
190 1231
190 738
190 554
190 103
190 58
190 540
190 443
190 573
190 1324
190 1002
190 1147
190 869
190 1230
190 1268
190 464
190 801
190 257
190 1156
190 262
190 635
190 628
190 542
190 325
190 569
190 1205
190 987
190 456
190 790
190 78
190 244
190 427
190 160
190 1097
190 129
190 33
190 811
190 164
190 1144
190 83
190 721
190 20
190 34
190 1359
190 1385
190 3
190 1253
190 28
190 27
190 66
190 5
190 19
190 6
190 11
190 32
190 13
190 265
190 1397
190 1383
190 260
190 1379
190 1370
190 61
190 253
190 1396
190 17
190 1252
190 250
190 249
190 271
190 26
190 1293
190 245
190 71
190 221
190 273
190 215
190 1270
190 142
190 1318
190 148
190 211
190 1317
190 152
190 153
190 155
190 158
190 159
190 1316
190 1314
190 169
190 1285
190 1306
190 180
190 181
190 195
190 1304
190 1299
190 194
190 1287
190 192
190 222
190 137
190 224
190 112
190 1350
190 1346
190 1345
190 86
190 1340
190 239
190 237
190 105
190 236
190 106
190 107
190 1295
190 113
190 1269
190 1333
190 116
190 233
190 120
190 1329
190 231
190 229
190 1260
190 1326
190 1267
190 1323
190 1321
190 109
190 882
190 275
190 1046
190 691
190 1039
190 682
190 1044
190 678
190 1045
190 673
190 278
190 1050
190 1057
190 1063
190 1064
190 659
190 655
190 699
190 1032
190 1031
190 703
190 1030
190 706
190 1029
190 1027
190 1022
190 1020
190 718
190 1003
190 995
190 732
190 734
190 735
190 736
190 654
190 1067
190 651
190 620
190 586
190 591
190 594
190 598
190 1086
190 602
190 603
190 607
190 1084
190 609
190 613
190 615
190 617
190 618
190 621
190 647
190 622
190 1083
190 626
190 629
190 631
190 633
190 1079
190 637
190 638
190 639
190 641
190 1073
190 644
190 645
190 739
190 744
190 745
190 850
190 930
190 831
190 832
190 925
190 835
190 923
190 838
190 839
190 841
190 842
190 920
190 918
190 848
190 849
190 912
190 932
190 909
190 908
190 854
190 855
190 906
190 905
190 904
190 900
190 898
190 893
190 892
190 875
190 888
190 885
190 931
190 935
190 986
190 778
190 982
190 750
190 751
190 752
190 754
190 758
190 978
190 761
190 768
190 963
190 772
190 774
190 775
190 777
190 958
190 938
190 782
190 953
190 785
190 788
190 789
190 951
190 795
190 950
190 802
190 803
190 810
190 813
190 942
190 940
190 584
190 582
190 1094
190 1176
190 1193
190 1192
190 1189
190 374
190 376
190 377
190 1186
190 1185
190 382
190 1184
190 388
190 392
190 393
190 394
190 396
190 358
190 397
190 399
190 400
190 402
190 405
190 1174
190 407
190 1173
190 412
190 1171
190 1170
190 1168
190 418
190 420
190 1196
190 1197
190 1166
190 313
190 279
190 280
190 281
190 1243
190 1240
190 286
190 287
190 290
190 291
190 298
190 301
190 305
190 308
190 1223
190 1219
190 353
190 317
190 319
190 320
190 322
190 323
190 324
190 327
190 1209
190 333
190 334
190 336
190 339
190 1206
190 350
190 1167
190 424
190 1095
190 527
190 502
190 1138
190 507
190 508
190 1133
190 512
190 1129
190 1126
190 1123
190 520
190 521
190 1120
190 1118
190 526
190 529
190 500
190 531
190 532
190 1106
190 539
190 543
190 1103
190 549
190 552
190 553
190 557
190 558
190 1102
190 1101
190 1100
190 501
190 1141
190 1165
190 465
190 1164
190 429
190 1161
190 1160
190 436
190 438
190 445
190 446
190 450
190 451
190 1150
190 461
190 462
190 463
190 1148
190 495
190 468
190 1146
190 471
190 475
190 476
190 477
190 478
190 479
190 484
190 1142
190 488
190 490
190 492
190 494
190 1
