191 766
191 1008
191 627
191 864
191 856
191 391
191 857
191 948
191 31
191 658
191 15
191 827
191 728
191 858
191 894
191 75
191 285
191 859
191 390
191 1392
191 319
191 541
191 899
191 1242
191 724
191 878
191 1111
191 914
191 593
191 720
191 911
191 73
191 52
191 727
191 1339
191 1042
191 470
191 151
191 1208
191 781
191 686
191 1244
191 27
191 380
191 1387
191 719
191 879
191 1085
191 1276
191 844
191 874
191 1341
191 441
191 660
191 747
191 908
191 331
191 880
191 202
191 1290
191 444
191 1338
191 1233
191 670
191 1066
191 1206
191 711
191 819
191 209
191 1275
191 753
191 643
191 1127
191 265
191 434
191 749
191 400
191 1329
191 634
191 1249
191 432
191 709
191 362
191 723
191 100
191 363
191 515
191 876
191 497
191 315
191 846
191 1252
191 729
191 589
191 1260
191 169
191 1220
191 1036
191 1203
191 1298
191 722
191 1039
191 14
191 847
191 992
191 1207
191 442
191 200
191 703
191 103
191 849
191 199
191 1171
191 64
191 65
191 933
191 417
191 1400
191 461
191 530
191 273
191 451
191 725
191 181
191 2
191 685
191 845
191 665
191 167
191 628
191 748
191 1181
191 293
191 149
191 1000
191 42
191 900
191 739
191 58
191 484
191 305
191 1337
191 1183
191 1245
191 486
191 892
191 910
191 1010
191 1313
191 1034
191 521
191 80
191 721
191 640
191 886
191 257
191 236
191 885
191 467
191 909
191 1048
191 975
191 848
191 41
191 207
191 953
191 504
191 954
191 428
191 815
191 113
191 43
191 804
191 132
191 114
191 824
191 212
191 1326
191 1037
191 152
191 433
191 1128
191 55
191 764
191 1297
191 220
191 457
191 371
191 1272
191 1321
191 830
191 1380
191 1038
191 39
191 838
191 278
191 825
191 657
191 1155
191 629
191 726
191 1381
191 1375
191 757
191 1389
191 1185
191 1130
191 810
191 374
191 1250
191 425
191 373
191 185
191 496
191 1364
191 1286
191 126
191 330
191 584
191 746
191 869
191 18
191 853
191 928
191 813
191 733
191 211
191 448
191 297
191 473
191 1325
191 346
191 1035
191 1074
191 342
191 913
191 661
191 1043
191 1398
191 357
191 338
191 1335
191 1170
191 1324
191 226
191 26
191 1044
191 518
191 924
191 344
191 194
191 956
191 1371
191 253
191 664
191 5
191 201
191 166
191 192
191 509
191 798
191 1018
191 247
191 552
191 1199
191 683
191 333
191 1361
191 784
191 717
191 177
191 1222
191 1040
191 974
191 296
191 786
191 1046
191 822
191 917
191 317
191 244
191 915
191 801
191 82
191 138
191 701
191 868
191 763
191 614
191 9
191 1377
191 1118
191 1239
191 452
191 1309
191 1356
191 321
191 789
191 1126
191 582
191 361
191 704
191 714
191 110
191 162
191 22
191 648
191 131
191 1186
191 1072
191 193
191 1221
191 168
191 1032
191 583
191 299
191 397
191 851
191 971
191 809
191 1254
191 596
191 1191
191 136
191 895
191 826
191 548
191 1110
191 280
191 500
191 926
191 447
191 641
191 613
191 235
191 302
191 1153
191 210
191 1004
191 621
191 245
191 808
191 404
191 566
191 196
191 208
191 261
191 715
191 816
191 787
191 754
191 431
191 1259
191 1117
191 576
191 1270
191 1013
191 605
191 1144
191 353
191 184
191 134
191 435
191 936
191 186
191 1017
191 135
191 852
191 929
191 1172
191 919
191 464
191 239
191 903
191 1251
191 1320
191 454
191 1075
191 1147
191 828
191 197
191 332
191 574
191 904
191 756
191 1154
191 1165
191 623
191 601
191 966
191 1179
191 282
191 97
191 123
191 1051
191 788
191 1307
191 1382
191 47
191 790
191 622
191 799
191 252
191 1082
191 991
191 174
191 595
191 1195
191 427
191 329
191 1167
191 677
191 1137
191 160
191 423
191 1218
191 1166
191 274
191 947
191 416
191 806
191 811
191 189
191 712
191 1204
191 25
191 225
191 164
191 695
191 94
191 1047
191 89
191 673
191 61
191 78
191 465
191 63
191 466
191 4
191 79
191 81
191 83
191 62
191 460
191 468
191 57
191 554
191 459
191 59
191 77
191 462
191 76
191 66
191 74
191 6
191 72
191 249
191 463
191 71
191 469
191 84
191 70
191 60
191 69
191 68
191 67
191 87
191 458
191 443
191 98
191 440
191 439
191 99
191 101
191 438
191 102
191 437
191 436
191 562
191 104
191 563
191 105
191 430
191 429
191 106
191 426
191 564
191 565
191 107
191 424
191 561
191 96
191 85
191 560
191 3
191 555
191 456
191 455
191 556
191 86
191 453
191 472
191 88
191 450
191 449
191 90
191 557
191 91
191 92
191 93
191 446
191 558
191 445
191 95
191 559
191 471
191 540
191 553
191 32
191 520
191 24
191 519
191 517
191 516
191 28
191 29
191 30
191 543
191 514
191 544
191 35
191 513
191 512
191 511
191 510
191 33
191 34
191 545
191 508
191 507
191 506
191 23
191 522
191 523
191 21
191 539
191 538
191 537
191 536
191 535
191 534
191 533
191 16
191 532
191 531
191 17
191 529
191 528
191 527
191 248
191 542
191 526
191 525
191 524
191 19
191 20
191 505
191 503
191 7
191 483
191 487
191 50
191 485
191 549
191 51
191 53
191 54
191 550
191 8
191 56
191 482
191 502
191 481
191 480
191 479
191 551
191 13
191 478
191 477
191 476
191 475
191 474
191 488
191 489
191 10
191 490
191 546
191 36
191 37
191 501
191 38
191 40
191 44
191 499
191 12
191 45
191 46
191 498
191 547
191 48
191 495
191 11
191 49
191 494
191 493
191 492
191 491
191 108
191 118
191 422
191 323
191 198
191 320
191 318
191 203
191 316
191 204
191 314
191 313
191 205
191 312
191 311
191 206
191 255
191 310
191 309
191 308
191 307
191 306
191 256
191 304
191 303
191 567
191 301
191 322
191 324
191 213
191 325
191 348
191 180
191 347
191 182
191 183
191 345
191 343
191 187
191 341
191 340
191 339
191 337
191 336
191 335
191 334
191 188
191 190
191 191
191 328
191 327
191 195
191 254
191 326
191 300
191 298
191 109
191 275
191 272
191 271
191 270
191 269
191 268
191 267
191 266
191 228
191 264
191 229
191 263
191 230
191 231
191 232
191 233
191 234
191 237
191 262
191 238
191 258
191 240
191 241
191 260
191 227
191 276
191 214
191 277
191 215
191 216
191 295
191 294
191 217
191 292
191 291
191 290
191 289
191 218
191 288
191 287
191 286
191 242
191 219
191 284
191 283
191 221
191 222
191 281
191 223
191 279
191 224
191 349
191 350
191 351
191 405
191 403
191 402
191 124
191 125
191 127
191 128
191 401
191 129
191 130
191 399
191 398
191 396
191 395
191 394
191 133
191 393
191 392
191 389
191 137
191 139
191 140
191 141
191 142
191 122
191 406
191 352
191 251
191 421
191 111
191 420
191 419
191 418
191 112
191 415
191 414
191 115
191 413
191 116
191 412
191 411
191 117
191 410
191 409
191 250
191 259
191 119
191 408
191 120
191 407
191 121
191 388
191 143
191 144
191 387
191 369
191 163
191 368
191 367
191 366
191 365
191 364
191 165
191 170
191 360
191 171
191 172
191 359
191 358
191 173
191 356
191 355
191 243
191 175
191 354
191 176
191 178
191 179
191 370
191 161
191 372
191 150
191 386
191 145
191 146
191 147
191 385
191 384
191 383
191 382
191 148
191 381
191 379
191 159
191 153
191 154
191 378
191 377
191 376
191 375
191 155
191 156
191 157
191 158
191 246
191 700
191 568
191 1139
191 1132
191 1133
191 1134
191 1135
191 1136
191 1138
191 1140
191 1129
191 1141
191 1142
191 1143
191 1145
191 1146
191 1148
191 1131
191 1125
191 1104
191 1114
191 1106
191 1107
191 1108
191 1109
191 1112
191 1113
191 1115
191 1124
191 1116
191 1119
191 1120
191 1121
191 1122
191 1123
191 1149
191 1150
191 1151
191 1190
191 1180
191 1182
191 1184
191 1187
191 1188
191 1189
191 1192
191 1152
191 1193
191 1194
191 1196
191 1197
191 1198
191 1200
191 1178
191 1177
191 1176
191 1175
191 1174
191 1173
191 1169
191 1168
191 1164
191 1163
191 1162
191 1161
191 1160
191 1159
191 1158
191 1157
191 1156
191 1105
191 1103
191 1202
191 1053
191 1033
191 1041
191 1045
191 1049
191 1050
191 1052
191 1054
191 1030
191 1055
191 1056
191 1057
191 1058
191 1059
191 1060
191 1031
191 1029
191 1102
191 1020
191 1011
191 1012
191 1014
191 1015
191 1016
191 1019
191 1021
191 1028
191 1022
191 1023
191 1024
191 1025
191 1026
191 1027
191 1061
191 1062
191 1063
191 1094
191 1088
191 1089
191 1090
191 1091
191 1092
191 1093
191 1095
191 1064
191 1096
191 1097
191 1098
191 1099
191 1100
191 1101
191 1087
191 1086
191 1084
191 1083
191 1081
191 1080
191 1079
191 1078
191 1077
191 1076
191 1073
191 1071
191 1070
191 1069
191 1068
191 1067
191 1065
191 1201
191 1205
191 569
191 1343
191 1332
191 1333
191 1334
191 1336
191 1340
191 1342
191 1344
191 1330
191 1345
191 1346
191 1347
191 1348
191 1349
191 1350
191 1331
191 1328
191 1303
191 1314
191 1305
191 1306
191 1308
191 1310
191 1311
191 1312
191 1315
191 1327
191 1316
191 1317
191 1318
191 1319
191 1322
191 1323
191 1351
191 1352
191 1353
191 1388
191 1378
191 1379
191 1383
191 1384
191 1385
191 1386
191 1390
191 1354
191 1391
191 1393
191 1394
191 1395
191 1396
191 1397
191 1376
191 1374
191 1373
191 1372
191 1370
191 1369
191 1368
191 1367
191 1366
191 1365
191 1363
191 1362
191 1360
191 1359
191 1358
191 1357
191 1355
191 1304
191 1302
191 1209
191 1240
191 1232
191 1234
191 1235
191 1236
191 1237
191 1238
191 1241
191 1230
191 1243
191 1246
191 1247
191 1248
191 1253
191 1255
191 1231
191 1229
191 1301
191 1216
191 1210
191 1211
191 1212
191 1213
191 1214
191 1215
191 1217
191 1228
191 1219
191 1223
191 1224
191 1225
191 1226
191 1227
191 1256
191 1257
191 1258
191 1291
191 1283
191 1284
191 1285
191 1287
191 1288
191 1289
191 1292
191 1261
191 1293
191 1294
191 1295
191 1296
191 1299
191 1300
191 1282
191 1281
191 1280
191 1279
191 1278
191 1277
191 1274
191 1273
191 1271
191 1269
191 1268
191 1267
191 1266
191 1265
191 1264
191 1263
191 1262
191 1009
191 1007
191 1006
191 705
191 696
191 697
191 698
191 699
191 1399
191 702
191 706
191 693
191 707
191 708
191 710
191 713
191 716
191 718
191 694
191 692
191 669
191 680
191 672
191 674
191 675
191 676
191 678
191 679
191 681
191 691
191 682
191 684
191 687
191 688
191 689
191 690
191 730
191 731
191 732
191 770
191 761
191 762
191 765
191 767
191 768
191 769
191 771
191 734
191 772
191 773
191 774
191 775
191 776
191 777
191 760
191 759
191 758
191 755
191 752
191 751
191 750
191 745
191 744
191 743
191 742
191 741
191 740
191 738
191 737
191 736
191 735
191 671
191 668
191 1005
191 604
191 597
191 598
191 599
191 600
191 602
191 603
191 606
191 592
191 607
191 608
191 609
191 610
191 611
191 612
191 594
191 591
191 667
191 578
191 570
191 571
191 572
191 573
191 575
191 577
191 579
191 590
191 580
191 581
191 585
191 586
191 587
191 588
191 615
191 616
191 617
191 653
191 646
191 647
191 649
191 650
191 651
191 652
191 654
191 618
191 655
191 656
191 659
191 662
191 663
191 666
191 645
191 644
191 642
191 639
191 638
191 637
191 636
191 635
191 633
191 632
191 631
191 630
191 626
191 625
191 624
191 620
191 619
191 778
191 779
191 780
191 951
191 943
191 944
191 945
191 946
191 949
191 950
191 952
191 941
191 955
191 957
191 958
191 959
191 960
191 961
191 942
191 940
191 782
191 927
191 918
191 920
191 921
191 922
191 923
191 925
191 930
191 939
191 931
191 932
191 934
191 935
191 937
191 938
191 962
191 963
191 964
191 995
191 987
191 988
191 989
191 990
191 993
191 994
191 996
191 965
191 997
191 998
191 999
191 1001
191 1002
191 1003
191 986
191 985
191 984
191 983
191 982
191 981
191 980
191 979
191 978
191 977
191 976
191 973
191 972
191 970
191 969
191 968
191 967
191 916
191 912
191 907
191 832
191 818
191 820
191 821
191 823
191 829
191 831
191 833
191 842
191 834
191 835
191 836
191 837
191 839
191 840
191 817
191 814
191 812
191 807
191 805
191 803
191 802
191 800
191 797
191 796
191 795
191 794
191 793
191 792
191 791
191 785
191 783
191 841
191 843
191 906
191 891
191 883
191 884
191 887
191 888
191 889
191 890
191 893
191 850
191 896
191 897
191 898
191 901
191 902
191 905
191 882
191 881
191 877
191 875
191 873
191 872
191 871
191 870
191 867
191 866
191 865
191 863
191 862
191 861
191 860
191 855
191 854
191 1
