192 641
192 735
192 734
192 733
192 925
192 647
192 875
192 1084
192 1175
192 850
192 1170
192 730
192 1173
192 1399
192 888
192 386
192 1178
192 1234
192 648
192 159
192 1058
192 736
192 1398
192 1184
192 1056
192 1059
192 1014
192 428
192 745
192 777
192 896
192 1032
192 743
192 515
192 934
192 551
192 224
192 1202
192 739
192 926
192 1117
192 935
192 424
192 186
192 1363
192 128
192 204
192 821
192 828
192 1379
192 207
192 460
192 642
192 1045
192 1212
192 644
192 287
192 744
192 762
192 1177
192 740
192 792
192 1015
192 802
192 742
192 419
192 844
192 782
192 1023
192 1017
192 392
192 817
192 1057
192 1288
192 676
192 932
192 422
192 840
192 897
192 454
192 1063
192 42
192 783
192 73
192 51
192 952
192 1131
192 1041
192 500
192 425
192 895
192 660
192 726
192 970
192 13
192 677
192 1172
192 983
192 1380
192 827
192 1109
192 1053
192 1130
192 951
192 101
192 825
192 913
192 831
192 215
192 768
192 46
192 889
192 247
192 674
192 1024
192 1016
192 310
192 1280
192 683
192 955
192 957
192 533
192 852
192 223
192 586
192 281
192 881
192 860
192 1030
192 819
192 1119
192 398
192 928
192 830
192 727
192 811
192 1019
192 385
192 1176
192 607
192 341
192 1129
192 1342
192 950
192 894
192 1111
192 1135
192 781
192 1012
192 836
192 630
192 266
192 1083
192 594
192 1088
192 732
192 181
192 715
192 684
192 1026
192 906
192 205
192 289
192 1021
192 523
192 1381
192 1387
192 1082
192 1069
192 131
192 874
192 1361
192 486
192 1022
192 1346
192 839
192 938
192 1303
192 728
192 1046
192 842
192 258
192 529
192 1125
192 156
192 1116
192 388
192 1329
192 1383
192 592
192 1227
192 527
192 1314
192 549
192 1171
192 1035
192 470
192 824
192 1047
192 1133
192 1165
192 1339
192 835
192 1025
192 461
192 228
192 1359
192 176
192 678
192 1118
192 119
192 884
192 206
192 1079
192 822
192 863
192 1287
192 47
192 1126
192 1343
192 769
192 1145
192 577
192 1038
192 545
192 1331
192 270
192 798
192 1078
192 315
192 279
192 1396
192 277
192 142
192 680
192 939
192 706
192 1164
192 1183
192 92
192 105
192 818
192 1137
192 933
192 1327
192 851
192 15
192 696
192 1055
192 1166
192 1301
192 75
192 837
192 1110
192 1091
192 360
192 35
192 1070
192 1321
192 1020
192 901
192 557
192 344
192 1
192 60
192 390
192 883
192 725
192 1044
192 602
192 843
192 368
192 1181
192 367
192 956
192 1134
192 190
192 489
192 245
192 698
192 12
192 627
192 649
192 829
192 1284
192 572
192 556
192 374
192 754
192 890
192 1245
192 1334
192 1217
192 1273
192 1200
192 1197
192 679
192 184
192 45
192 290
192 580
192 112
192 462
192 936
192 697
192 467
192 1043
192 867
192 784
192 439
192 538
192 1295
192 311
192 1265
192 891
192 1089
192 555
192 195
192 2
192 144
192 262
192 115
192 1182
192 1294
192 197
192 288
192 801
192 221
192 488
192 729
192 579
192 724
192 406
192 1136
192 756
192 1154
192 1279
192 276
192 601
192 170
192 1169
192 1198
192 924
192 635
192 304
192 97
192 902
192 794
192 721
192 1034
192 1127
192 1051
192 779
192 720
192 707
192 575
192 541
192 1122
192 78
192 1330
192 96
192 1225
192 149
192 1246
192 328
192 427
192 1235
192 168
192 701
192 917
192 99
192 100
192 1097
192 209
192 826
192 1375
192 1092
192 1271
192 1347
192 364
192 588
192 94
192 1268
192 14
192 417
192 89
192 83
192 576
192 1313
192 329
192 453
192 41
192 451
192 40
192 455
192 450
192 213
192 452
192 146
192 214
192 457
192 449
192 448
192 175
192 216
192 43
192 44
192 217
192 218
192 447
192 48
192 456
192 39
192 458
192 466
192 32
192 476
192 475
192 474
192 473
192 472
192 471
192 33
192 469
192 468
192 178
192 34
192 459
192 177
192 208
192 465
192 36
192 210
192 464
192 463
192 211
192 37
192 38
192 212
192 49
192 446
192 219
192 64
192 429
192 59
192 172
192 426
192 171
192 61
192 62
192 63
192 423
192 421
192 420
192 418
192 50
192 65
192 169
192 416
192 66
192 67
192 68
192 225
192 415
192 414
192 413
192 412
192 58
192 430
192 431
192 432
192 220
192 477
192 445
192 52
192 53
192 444
192 54
192 55
192 56
192 57
192 443
192 442
192 441
192 440
192 174
192 438
192 437
192 436
192 173
192 435
192 222
192 434
192 433
192 31
192 179
192 478
192 519
192 543
192 542
192 199
192 540
192 200
192 201
192 539
192 188
192 537
192 536
192 10
192 535
192 534
192 11
192 532
192 531
192 530
192 187
192 528
192 526
192 525
192 524
192 16
192 522
192 521
192 544
192 9
192 8
192 191
192 563
192 562
192 561
192 560
192 559
192 194
192 558
192 196
192 193
192 3
192 192
192 189
192 546
192 198
192 554
192 553
192 552
192 4
192 5
192 550
192 6
192 548
192 547
192 7
192 520
192 518
192 30
192 517
192 497
192 496
192 495
192 494
192 493
192 24
192 492
192 491
192 490
192 182
192 180
192 487
192 25
192 485
192 484
192 483
192 482
192 481
192 480
192 26
192 479
192 27
192 28
192 29
192 410
192 498
192 499
192 23
192 508
192 185
192 516
192 17
192 202
192 514
192 513
192 512
192 511
192 203
192 510
192 509
192 507
192 501
192 506
192 18
192 19
192 505
192 20
192 504
192 503
192 21
192 22
192 183
192 502
192 411
192 226
192 409
192 340
192 322
192 321
192 320
192 319
192 318
192 317
192 316
192 122
192 314
192 313
192 123
192 124
192 125
192 312
192 153
192 252
192 152
192 126
192 127
192 309
192 308
192 307
192 306
192 305
192 253
192 121
192 120
192 323
192 155
192 338
192 337
192 113
192 336
192 335
192 334
192 157
192 333
192 332
192 331
192 330
192 154
192 251
192 114
192 248
192 327
192 116
192 326
192 325
192 324
192 249
192 250
192 117
192 118
192 303
192 302
192 301
192 150
192 273
192 272
192 271
192 135
192 269
192 268
192 267
192 136
192 265
192 264
192 263
192 261
192 275
192 260
192 259
192 137
192 138
192 139
192 148
192 140
192 141
192 257
192 143
192 147
192 274
192 256
192 300
192 130
192 299
192 129
192 298
192 297
192 296
192 295
192 294
192 293
192 292
192 291
192 151
192 254
192 134
192 132
192 565
192 286
192 285
192 284
192 283
192 282
192 255
192 280
192 133
192 278
192 339
192 246
192 69
192 342
192 232
192 79
192 80
192 81
192 82
192 233
192 84
192 166
192 85
192 234
192 387
192 86
192 87
192 88
192 235
192 384
192 90
192 91
192 383
192 93
192 236
192 237
192 382
192 381
192 380
192 389
192 231
192 230
192 401
192 408
192 145
192 407
192 167
192 405
192 70
192 404
192 403
192 227
192 71
192 402
192 400
192 77
192 399
192 72
192 397
192 396
192 395
192 74
192 394
192 393
192 76
192 391
192 229
192 379
192 378
192 238
192 104
192 160
192 242
192 353
192 352
192 351
192 102
192 103
192 158
192 243
192 350
192 349
192 106
192 161
192 107
192 108
192 348
192 347
192 346
192 109
192 244
192 345
192 110
192 343
192 111
192 354
192 355
192 95
192 241
192 377
192 376
192 375
192 165
192 373
192 372
192 371
192 239
192 370
192 369
192 240
192 366
192 356
192 164
192 365
192 363
192 362
192 361
192 163
192 98
192 162
192 359
192 358
192 357
192 564
192 1400
192 566
192 1149
192 1142
192 1143
192 1144
192 1146
192 1147
192 1148
192 1150
192 1140
192 1151
192 1152
192 1153
192 1155
192 1156
192 1157
192 1141
192 1139
192 1103
192 1114
192 1105
192 1106
192 1107
192 1108
192 1112
192 1113
192 1115
192 1138
192 1120
192 1121
192 1123
192 1124
192 1128
192 1132
192 1158
192 1159
192 1160
192 1205
192 1195
192 1196
192 1199
192 1201
192 1203
192 1204
192 1206
192 1161
192 1207
192 1208
192 1209
192 1210
192 1211
192 1213
192 1194
192 1193
192 1192
192 1191
192 1190
192 1189
192 1188
192 1187
192 1186
192 1185
192 1180
192 1179
192 1174
192 1168
192 1167
192 1163
192 1162
192 1104
192 1102
192 567
192 1027
192 1008
192 1009
192 1010
192 1011
192 1013
192 1018
192 1028
192 1006
192 1029
192 1031
192 1033
192 1036
192 1037
192 1039
192 1007
192 1005
192 1101
192 996
192 990
192 991
192 992
192 993
192 994
192 995
192 997
192 1004
192 998
192 999
192 1000
192 1001
192 1002
192 1003
192 1040
192 1042
192 1048
192 1090
192 1077
192 1080
192 1081
192 1085
192 1086
192 1087
192 1093
192 1049
192 1094
192 1095
192 1096
192 1098
192 1099
192 1100
192 1076
192 1075
192 1074
192 1073
192 1072
192 1071
192 1068
192 1067
192 1066
192 1065
192 1064
192 1062
192 1061
192 1060
192 1054
192 1052
192 1050
192 1214
192 1215
192 1216
192 1341
192 1333
192 1335
192 1336
192 1337
192 1338
192 1340
192 1344
192 1328
192 1345
192 1348
192 1349
192 1350
192 1351
192 1352
192 1332
192 1326
192 1218
192 1316
192 1308
192 1309
192 1310
192 1311
192 1312
192 1315
192 1317
192 1325
192 1318
192 1319
192 1320
192 1322
192 1323
192 1324
192 1353
192 1354
192 1355
192 1389
192 1378
192 1382
192 1384
192 1385
192 1386
192 1388
192 1390
192 1356
192 1391
192 1392
192 1393
192 1394
192 1395
192 1397
192 1377
192 1376
192 1374
192 1373
192 1372
192 1371
192 1370
192 1369
192 1368
192 1367
192 1366
192 1365
192 1364
192 1362
192 1360
192 1358
192 1357
192 1307
192 1306
192 1305
192 1248
192 1240
192 1241
192 1242
192 1243
192 1244
192 1247
192 1249
192 1257
192 1250
192 1251
192 1252
192 1253
192 1254
192 1255
192 1239
192 1238
192 1237
192 1236
192 1233
192 1232
192 1231
192 1230
192 1229
192 1228
192 1226
192 1224
192 1223
192 1222
192 1221
192 1220
192 1219
192 1256
192 1258
192 1304
192 1292
192 1283
192 1285
192 1286
192 1289
192 1290
192 1291
192 1293
192 1259
192 1296
192 1297
192 1298
192 1299
192 1300
192 1302
192 1282
192 1281
192 1278
192 1277
192 1276
192 1275
192 1274
192 1272
192 1270
192 1269
192 1267
192 1266
192 1264
192 1263
192 1262
192 1261
192 1260
192 989
192 988
192 987
192 693
192 687
192 688
192 689
192 690
192 691
192 692
192 694
192 685
192 695
192 699
192 702
192 703
192 704
192 705
192 686
192 682
192 770
192 667
192 661
192 662
192 663
192 664
192 665
192 666
192 668
192 681
192 669
192 670
192 671
192 672
192 673
192 675
192 708
192 709
192 710
192 758
192 750
192 751
192 752
192 753
192 755
192 757
192 759
192 711
192 760
192 761
192 763
192 764
192 765
192 766
192 749
192 748
192 747
192 746
192 741
192 738
192 737
192 731
192 723
192 722
192 719
192 718
192 717
192 716
192 714
192 713
192 712
192 659
192 658
192 657
192 603
192 595
192 596
192 597
192 598
192 599
192 600
192 604
192 613
192 605
192 606
192 608
192 609
192 610
192 611
192 593
192 591
192 590
192 589
192 587
192 585
192 584
192 583
192 582
192 581
192 578
192 574
192 573
192 571
192 570
192 569
192 568
192 612
192 614
192 656
192 645
192 636
192 637
192 638
192 639
192 640
192 643
192 646
192 615
192 650
192 651
192 652
192 653
192 654
192 655
192 634
192 633
192 632
192 631
192 629
192 628
192 626
192 625
192 624
192 623
192 622
192 621
192 620
192 619
192 618
192 617
192 616
192 767
192 771
192 986
192 927
192 918
192 919
192 920
192 921
192 922
192 923
192 929
192 915
192 930
192 931
192 937
192 940
192 941
192 942
192 916
192 914
192 772
192 903
192 887
192 892
192 893
192 898
192 899
192 900
192 904
192 912
192 905
192 907
192 908
192 909
192 910
192 911
192 943
192 944
192 945
192 977
192 971
192 972
192 973
192 974
192 975
192 976
192 978
192 946
192 979
192 980
192 981
192 982
192 984
192 985
192 969
192 968
192 967
192 966
192 965
192 964
192 963
192 962
192 961
192 960
192 959
192 958
192 954
192 953
192 949
192 948
192 947
192 886
192 885
192 882
192 807
192 799
192 800
192 803
192 804
192 805
192 806
192 808
192 820
192 809
192 810
192 812
192 813
192 814
192 815
192 797
192 796
192 795
192 793
192 791
192 790
192 789
192 788
192 787
192 786
192 785
192 780
192 778
192 776
192 775
192 774
192 773
192 816
192 823
192 880
192 870
192 862
192 864
192 865
192 866
192 868
192 869
192 871
192 832
192 872
192 873
192 876
192 877
192 878
192 879
192 861
192 859
192 858
192 857
192 856
192 855
192 854
192 853
192 849
192 848
192 847
192 846
192 845
192 841
192 838
192 834
192 833
192 700
