193 730
193 733
193 735
193 641
193 736
193 422
193 648
193 734
193 400
193 647
193 425
193 424
193 15
193 145
193 1392
193 551
193 833
193 644
193 266
193 1054
193 1396
193 861
193 13
193 281
193 1060
193 454
193 1108
193 299
193 1389
193 1387
193 886
193 980
193 1053
193 863
193 1370
193 584
193 831
193 1029
193 410
193 389
193 785
193 1129
193 72
193 392
193 93
193 856
193 111
193 703
193 737
193 527
193 264
193 98
193 1088
193 627
193 322
193 458
193 50
193 826
193 1222
193 1055
193 1138
193 87
193 1233
193 1398
193 756
193 155
193 1130
193 537
193 987
193 579
193 4
193 940
193 1240
193 349
193 732
193 1281
193 375
193 395
193 1265
193 1282
193 896
193 390
193 1301
193 1190
193 1063
193 159
193 1294
193 1086
193 857
193 889
193 305
193 745
193 887
193 1133
193 308
193 1197
193 350
193 336
193 368
193 2
193 1320
193 1073
193 1375
193 1235
193 719
193 1363
193 890
193 181
193 570
193 765
193 1042
193 92
193 837
193 611
193 899
193 342
193 348
193 320
193 1361
193 1360
193 1032
193 561
193 412
193 1083
193 738
193 114
193 1043
193 830
193 1355
193 1109
193 1137
193 1035
193 540
193 977
193 1397
193 1276
193 1077
193 1030
193 777
193 1087
193 1192
193 432
193 408
193 486
193 104
193 1311
193 364
193 304
193 1107
193 1014
193 1148
193 133
193 532
193 73
193 449
193 676
193 1399
193 1210
193 3
193 1056
193 459
193 542
193 234
193 142
193 572
193 260
193 930
193 1273
193 1364
193 1358
193 393
193 1050
193 300
193 1185
193 1261
193 6
193 862
193 746
193 525
193 267
193 398
193 1386
193 678
193 309
193 1179
193 21
193 180
193 1357
193 1312
193 1295
193 697
193 385
193 404
193 1049
193 981
193 900
193 1048
193 11
193 435
193 970
193 61
193 659
193 391
193 943
193 1200
193 257
193 97
193 44
193 766
193 122
193 751
193 990
193 137
193 467
193 664
193 1219
193 656
193 1070
193 1036
193 784
193 1119
193 268
193 888
193 207
193 327
193 419
193 388
193 451
193 373
193 1031
193 1400
193 937
193 1207
193 284
193 1318
193 663
193 470
193 201
193 382
193 1002
193 956
193 1279
193 909
193 193
193 575
193 407
193 554
193 285
193 99
193 206
193 1224
193 461
193 498
193 836
193 631
193 568
193 1008
193 788
193 535
193 585
193 636
193 217
193 892
193 416
193 369
193 20
193 972
193 1147
193 1362
193 54
193 607
193 1067
193 855
193 828
193 599
193 915
193 1193
193 1253
193 1068
193 921
193 172
193 704
193 130
193 247
193 59
193 581
193 1304
193 592
193 1182
193 677
193 445
193 731
193 232
193 700
193 1297
193 52
193 1368
193 1251
193 1047
193 560
193 758
193 606
193 1339
193 307
193 60
193 1248
193 1082
193 256
193 924
193 597
193 480
193 381
193 588
193 473
193 1377
193 406
193 1201
193 923
193 220
193 843
193 1306
193 158
193 982
193 538
193 1246
193 367
193 1262
193 934
193 1121
193 672
193 32
193 1390
193 1072
193 1198
193 521
193 14
193 1080
193 706
193 47
193 694
193 22
193 629
193 472
193 721
193 150
193 23
193 31
193 1283
193 523
193 211
193 580
193 75
193 1388
193 202
193 318
193 1379
193 301
193 476
193 781
193 767
193 873
193 345
193 481
193 273
193 68
193 1013
193 428
193 775
193 805
193 1106
193 96
193 1333
193 148
193 306
193 783
193 782
193 1376
193 1289
193 936
193 917
193 835
193 269
193 996
193 665
193 1149
193 165
193 135
193 1271
193 610
193 1384
193 571
193 9
193 696
193 952
193 962
193 1286
193 1120
193 429
193 190
193 1254
193 293
193 786
193 415
193 321
193 452
193 1184
193 787
193 379
193 226
193 374
193 346
193 854
193 1326
193 945
193 417
193 769
193 35
193 441
193 927
193 562
193 578
193 539
193 652
193 208
193 569
193 286
193 883
193 533
193 1324
193 29
193 907
193 501
193 1352
193 254
193 12
193 587
193 1259
193 933
193 292
193 493
193 774
193 310
193 680
193 297
193 790
193 1393
193 1245
193 997
193 88
193 112
193 576
193 103
193 144
193 522
193 246
193 654
193 262
193 115
193 91
193 1132
193 81
193 337
193 963
193 41
193 1366
193 370
193 820
193 168
193 365
193 186
193 460
193 724
193 401
193 625
193 929
193 433
193 287
193 1340
193 1173
193 633
193 1216
193 244
193 1342
193 880
193 950
193 173
193 26
193 195
193 685
193 660
193 1061
193 1214
193 864
193 752
193 984
193 274
193 1019
193 894
193 194
193 334
193 916
193 120
193 1293
193 294
193 1051
193 1309
193 1143
193 658
193 1206
193 1066
193 49
193 811
193 1217
193 1084
193 684
193 456
193 845
193 315
193 363
193 985
193 1385
193 686
193 223
193 357
193 1260
193 329
193 1225
193 366
193 1330
193 455
193 844
193 650
193 386
193 314
193 270
193 151
193 912
193 1325
193 938
193 240
193 361
193 362
193 1280
193 1371
193 1089
193 762
193 504
193 323
193 590
193 1300
193 434
193 953
193 778
193 25
193 850
193 63
193 1110
193 229
193 360
193 619
193 1218
193 225
193 1116
193 944
193 755
193 492
193 557
193 499
193 1305
193 235
193 24
193 328
193 1171
193 1194
193 983
193 925
193 1237
193 399
193 396
193 107
193 971
193 1266
193 1076
193 552
193 230
193 1332
193 792
193 810
193 203
193 160
193 1209
193 482
193 509
193 241
193 951
193 1367
193 444
193 409
193 1118
193 119
193 1140
193 626
193 702
193 500
193 33
193 146
193 662
193 58
193 874
193 347
193 1150
193 1307
193 46
193 376
193 849
193 1188
193 311
193 65
193 478
193 577
193 798
193 283
193 495
193 978
193 637
193 8
193 1145
193 113
193 814
193 593
193 808
193 712
193 1373
193 667
193 640
193 1159
193 957
193 807
193 802
193 545
193 149
193 688
193 1174
193 841
193 1336
193 1288
193 352
193 1250
193 840
193 27
193 475
193 1006
193 583
193 530
193 878
193 116
193 1316
193 1380
193 1175
193 655
193 818
193 397
193 975
193 319
193 109
193 645
193 70
193 868
193 457
193 726
193 16
193 82
193 464
193 1157
193 503
193 668
193 351
193 600
193 1234
193 465
193 884
193 280
193 1151
193 1091
193 901
193 344
193 110
193 1
193 986
193 332
193 108
193 1052
193 231
193 447
193 671
193 28
193 1382
193 789
193 622
193 582
193 1044
193 768
193 1278
193 506
193 1181
193 1153
193 567
193 1274
193 869
193 1353
193 48
193 681
193 248
193 634
193 17
193 1244
193 1220
193 715
193 803
193 723
193 497
193 1238
193 1319
193 770
193 1239
193 780
193 1202
193 477
193 1059
193 666
193 325
193 466
193 754
193 1105
193 198
193 586
193 1310
193 94
193 468
193 1302
193 1221
193 277
193 989
193 543
193 988
193 870
193 462
193 290
193 1345
193 183
193 55
193 413
193 1183
193 928
193 1322
193 236
193 79
193 1365
193 105
193 872
193 1328
193 1223
193 127
193 249
193 851
193 825
193 414
193 942
193 809
193 1115
193 1381
193 1191
193 919
193 555
193 1057
193 974
193 958
193 546
193 479
193 147
193 1255
193 1247
193 1354
193 806
193 371
193 748
193 1178
193 865
193 474
193 448
193 69
193 1098
193 683
193 740
193 574
193 804
193 1298
193 613
193 51
193 442
193 463
193 1009
193 166
193 602
193 62
193 488
193 729
193 616
193 813
193 993
193 698
193 601
193 43
193 1169
193 494
193 421
193 76
193 1040
193 1334
193 1117
193 282
193 1024
193 34
193 1263
193 1231
193 1213
193 118
193 227
193 518
193 908
193 718
193 707
193 1122
193 259
193 1064
193 157
193 1229
193 541
193 1344
193 799
193 78
193 846
193 727
193 1242
193 128
193 174
193 56
193 815
193 1180
193 288
193 237
193 216
193 199
193 675
193 992
193 156
193 1277
193 276
193 1166
193 1356
193 209
193 1113
193 628
193 739
193 757
193 1290
193 589
193 822
193 720
193 317
193 453
193 1343
193 827
193 289
193 649
193 132
193 991
193 131
193 695
193 85
193 1199
193 427
193 1144
193 701
193 1268
193 520
193 77
193 100
193 947
193 101
193 89
193 140
193 164
193 163
193 959
193 204
193 197
193 960
193 205
193 189
193 1142
193 964
193 966
193 191
193 192
193 196
193 961
193 1329
193 291
193 1011
193 1010
193 1012
193 200
193 965
193 1337
193 1007
193 1335
193 994
193 271
193 238
193 1152
193 239
193 973
193 188
193 242
193 243
193 265
193 245
193 263
193 1005
193 1338
193 976
193 261
193 979
193 250
193 251
193 252
193 253
193 1146
193 255
193 258
193 233
193 272
193 995
193 969
193 210
193 1004
193 212
193 213
193 214
193 1331
193 215
193 967
193 1341
193 279
193 218
193 1003
193 221
193 222
193 224
193 1001
193 1000
193 278
193 228
193 275
193 999
193 968
193 998
193 219
193 713
193 187
193 67
193 1114
193 42
193 45
193 1075
193 1074
193 1071
193 53
193 1069
193 57
193 1065
193 1378
193 1062
193 64
193 66
193 1058
193 39
193 71
193 1123
193 74
193 1124
193 80
193 1125
193 83
193 84
193 86
193 1374
193 1126
193 90
193 1127
193 1128
193 40
193 38
193 1015
193 18
193 1395
193 1394
193 1104
193 5
193 1391
193 7
193 1103
193 1102
193 10
193 1101
193 1100
193 1099
193 1097
193 1096
193 19
193 37
193 1095
193 1383
193 1094
193 1093
193 1092
193 1090
193 1111
193 1112
193 1085
193 30
193 1081
193 1079
193 1078
193 36
193 1372
193 95
193 1046
193 1017
193 1025
193 1023
193 1022
193 152
193 153
193 154
193 1350
193 1021
193 1349
193 1020
193 161
193 162
193 1018
193 167
193 169
193 1045
193 170
193 171
193 1348
193 1016
193 175
193 176
193 177
193 178
193 179
193 1347
193 1346
193 182
193 184
193 185
193 1026
193 1351
193 1027
193 143
193 1369
193 102
193 1131
193 1041
193 106
193 1039
193 1038
193 1037
193 1134
193 1135
193 1034
193 1033
193 117
193 1136
193 1139
193 121
193 1359
193 123
193 124
193 125
193 126
193 129
193 134
193 1141
193 136
193 138
193 139
193 295
193 1028
193 141
193 356
193 296
193 549
193 1249
193 566
193 565
193 564
193 563
193 791
193 793
193 794
193 559
193 558
193 795
193 556
193 796
193 797
193 1252
193 1187
193 1189
193 573
193 1241
193 598
193 763
193 596
193 595
193 594
193 764
193 591
193 779
193 1195
193 1243
193 771
193 772
193 773
193 776
193 550
193 548
193 603
193 547
193 515
193 514
193 513
193 512
193 511
193 510
193 817
193 508
193 507
193 505
193 819
193 821
193 502
193 823
193 824
193 516
193 517
193 519
193 534
193 544
193 800
193 801
193 1256
193 536
193 1257
193 1258
193 816
193 531
193 529
193 528
193 526
193 812
193 524
193 761
193 604
193 1186
193 741
193 728
193 679
193 674
193 673
193 1212
193 670
193 669
193 1211
193 1208
193 1205
193 1204
193 1203
193 661
193 1226
193 657
193 682
193 725
193 687
193 716
193 710
193 709
193 708
193 714
193 705
193 1215
193 717
193 722
193 699
193 693
193 692
193 691
193 690
193 689
193 1227
193 653
193 605
193 742
193 753
193 624
193 623
193 621
193 620
193 1196
193 618
193 617
193 615
193 614
193 612
193 759
193 609
193 608
193 760
193 1236
193 750
193 630
193 643
193 651
193 743
193 1228
193 646
193 744
193 1230
193 642
193 749
193 639
193 638
193 747
193 1232
193 635
193 632
193 496
193 829
193 1154
193 920
193 359
193 358
193 910
193 711
193 355
193 354
193 353
193 911
193 913
193 1313
193 1314
193 1315
193 914
193 1160
193 918
193 1161
193 906
193 905
193 897
193 380
193 893
193 378
193 377
193 895
193 1164
193 898
193 904
193 372
193 1163
193 1308
193 1162
193 902
193 903
193 343
193 341
193 891
193 340
193 1156
193 941
193 313
193 312
193 1155
193 1323
193 946
193 948
193 949
193 954
193 303
193 302
193 955
193 1327
193 298
193 316
193 939
193 935
193 333
193 339
193 338
193 922
193 1317
193 335
193 926
193 331
193 932
193 330
193 1158
193 326
193 324
193 931
193 1321
193 1165
193 383
193 491
193 1275
193 848
193 852
193 1270
193 853
193 1176
193 450
193 1272
193 446
193 858
193 443
193 859
193 440
193 439
193 438
193 437
193 1269
193 847
193 1267
193 832
193 490
193 489
193 487
193 485
193 484
193 483
193 834
193 842
193 1177
193 838
193 471
193 1264
193 469
193 839
193 436
193 860
193 384
193 1172
193 403
193 402
193 881
193 1291
193 882
193 1292
193 885
193 1170
193 394
193 1296
193 1168
193 1299
193 1167
193 387
193 1303
193 405
193 879
193 877
193 420
193 431
193 430
193 866
193 426
193 867
193 423
193 1284
193 876
193 418
193 1285
193 871
193 411
193 1287
193 875
193 553
