194 642
194 932
194 888
194 1126
194 1173
194 957
194 1172
194 769
194 1177
194 1178
194 744
194 1116
194 1359
194 1045
194 1171
194 1176
194 742
194 1131
194 1146
194 1050
194 1293
194 741
194 823
194 885
194 740
194 1117
194 1123
194 897
194 1145
194 1122
194 760
194 956
194 1051
194 822
194 831
194 1121
194 1118
194 887
194 839
194 1053
194 739
194 763
194 1022
194 1067
194 1046
194 926
194 382
194 1012
194 743
194 400
194 938
194 1119
194 863
194 1055
194 1070
194 852
194 928
194 937
194 1130
194 1038
194 1023
194 1032
194 1017
194 935
194 1058
194 1056
194 830
194 1069
194 934
194 1037
194 889
194 838
194 1035
194 891
194 1084
194 850
194 843
194 1060
194 735
194 1105
194 952
194 1013
194 539
194 627
194 842
194 951
194 1016
194 1014
194 761
194 533
194 1138
194 855
194 1015
194 785
194 734
194 1387
194 551
194 468
194 936
194 1236
194 428
194 1078
194 864
194 825
194 784
194 827
194 224
194 567
194 105
194 1081
194 762
194 1120
194 1132
194 851
194 1127
194 955
194 1024
194 1030
194 1358
194 824
194 1159
194 812
194 28
194 1357
194 1253
194 1031
194 950
194 821
194 1026
194 765
194 1020
194 1129
194 412
194 31
194 787
194 422
194 1285
194 1021
194 644
194 483
194 424
194 1068
194 736
194 1054
194 1400
194 629
194 419
194 915
194 1174
194 814
194 1361
194 221
194 862
194 967
194 1034
194 341
194 1135
194 836
194 1398
194 654
194 550
194 287
194 894
194 925
194 1258
194 71
194 1234
194 801
194 970
194 820
194 23
194 258
194 454
194 898
194 754
194 941
194 1071
194 840
194 819
194 565
194 279
194 789
194 277
194 149
194 664
194 786
194 326
194 435
194 1396
194 442
194 72
194 948
194 818
194 268
194 592
194 1052
194 1259
194 1170
194 393
194 1309
194 1214
194 1137
194 289
194 1342
194 1128
194 847
194 112
194 776
194 826
194 116
194 1059
194 381
194 260
194 1371
194 854
194 1399
194 566
194 939
194 1041
194 94
194 1136
194 11
194 1029
194 619
194 1256
194 857
194 853
194 750
194 118
194 246
194 1175
194 1203
194 1019
194 1125
194 1271
194 1386
194 669
194 641
194 841
194 475
194 886
194 1382
194 858
194 890
194 87
194 856
194 733
194 1283
194 727
194 4
194 452
194 1182
194 966
194 1248
194 131
194 497
194 1282
194 766
194 54
194 350
194 348
194 848
194 1044
194 1356
194 1280
194 646
194 1033
194 1222
194 647
194 676
194 1366
194 929
194 1025
194 1148
194 724
194 665
194 668
194 590
194 859
194 535
194 499
194 981
194 783
194 1346
194 460
194 635
194 845
194 846
194 306
194 521
194 51
194 1337
194 639
194 953
194 62
194 1375
194 1191
194 1392
194 321
194 241
194 276
194 389
194 1264
194 35
194 983
194 122
194 1368
194 726
194 601
194 15
194 13
194 6
194 927
194 570
194 349
194 1109
194 770
194 963
194 1306
194 445
194 714
194 81
194 1002
194 1277
194 883
194 659
194 425
194 394
194 1057
194 502
194 1184
194 1048
194 962
194 844
194 1210
194 225
194 564
194 912
194 1100
194 704
194 1043
194 671
194 191
194 16
194 5
194 559
194 171
194 978
194 896
194 352
194 1370
194 837
194 781
194 940
194 215
194 768
194 954
194 206
194 47
194 758
194 160
194 1104
194 701
194 985
194 829
194 674
194 426
194 910
194 1301
194 683
194 186
194 376
194 731
194 680
194 1372
194 176
194 48
194 670
194 660
194 12
194 1254
194 1339
194 272
194 881
194 372
194 860
194 253
194 917
194 965
194 1389
194 177
194 184
194 266
194 1199
194 78
194 49
194 467
194 1255
194 730
194 782
194 648
194 93
194 901
194 305
194 1108
194 404
194 342
194 987
194 229
194 320
194 379
194 364
194 1185
194 1351
194 984
194 297
194 1294
194 414
194 44
194 775
194 498
194 158
194 833
194 371
194 534
194 384
194 375
194 188
194 339
194 715
194 492
194 1224
194 336
194 1376
194 145
194 1304
194 764
194 1364
194 205
194 560
194 737
194 1112
194 88
194 582
194 1245
194 666
194 1181
194 17
194 377
194 1240
194 390
194 179
194 34
194 562
194 1390
194 136
194 593
194 1374
194 653
194 254
194 309
194 924
194 1241
194 553
194 53
194 138
194 1083
194 1221
194 703
194 255
194 510
194 1273
194 713
194 1027
194 828
194 1314
194 490
194 500
194 1047
194 682
194 301
194 638
194 811
194 788
194 494
194 588
194 1085
194 961
194 73
194 489
194 164
194 1322
194 1165
194 1354
194 434
194 1194
194 125
194 1065
194 1039
194 19
194 835
194 57
194 473
194 478
194 605
194 678
194 667
194 127
194 256
194 884
194 1246
194 383
194 524
194 421
194 1073
194 9
194 1193
194 1362
194 690
194 973
194 479
194 1343
194 1333
194 990
194 874
194 677
194 803
194 469
194 453
194 1074
194 728
194 817
194 1263
194 545
194 1331
194 56
194 612
194 771
194 111
194 1018
194 135
194 264
194 219
194 645
194 347
194 1242
194 568
194 705
194 180
194 1228
194 576
194 522
194 196
194 55
194 732
194 271
194 1164
194 1327
194 273
194 174
194 1237
194 611
194 92
194 144
194 162
194 477
194 340
194 98
194 996
194 1352
194 696
194 484
194 1307
194 1134
194 689
194 1219
194 1166
194 512
194 152
194 75
194 672
194 1379
194 329
194 300
194 345
194 751
194 800
194 1091
194 151
194 356
194 261
194 216
194 589
194 1
194 60
194 1302
194 109
194 302
194 537
194 1299
194 602
194 387
194 1212
194 14
194 155
194 998
194 370
194 230
194 944
194 698
194 304
194 1028
194 947
194 323
194 1063
194 335
194 374
194 459
194 1288
194 1197
194 1385
194 1217
194 1086
194 1093
194 201
194 457
194 450
194 117
194 540
194 392
194 679
194 658
194 476
194 580
194 1393
194 1292
194 1347
194 1353
194 481
194 1363
194 867
194 120
194 1330
194 204
194 986
194 351
194 591
194 311
194 1232
194 504
194 1187
194 903
194 767
194 600
194 1377
194 697
194 79
194 1062
194 1158
194 643
194 1383
194 515
194 1133
194 1328
194 292
194 1082
194 1335
194 288
194 772
194 606
194 410
194 613
194 759
194 1395
194 59
194 217
194 729
194 541
194 1156
194 159
194 777
194 495
194 1216
194 213
194 546
194 322
194 458
194 543
194 1276
194 307
194 1312
194 1139
194 1005
194 794
194 798
194 721
194 1001
194 1114
194 1381
194 738
194 530
194 343
194 1110
194 104
194 657
194 779
194 66
194 318
194 319
194 167
194 1072
194 637
194 18
194 636
194 90
194 832
194 1207
194 1202
194 214
194 233
194 1183
194 496
194 661
194 1208
194 1315
194 1300
194 380
194 1373
194 1157
194 1094
194 719
194 989
194 7
194 913
194 1344
194 420
194 662
194 168
194 446
194 583
194 108
194 816
194 531
194 1179
194 523
194 183
194 1087
194 1077
194 1311
194 571
194 1384
194 1274
194 466
194 353
194 1106
194 134
194 33
194 528
194 942
194 1319
194 388
194 1329
194 1180
194 25
194 624
194 748
194 1092
194 157
194 992
194 1200
194 474
194 373
194 916
194 39
194 50
194 40
194 310
194 556
194 365
194 1097
194 1149
194 129
194 907
194 408
194 977
194 1201
194 150
194 1297
194 1303
194 1040
194 652
194 58
194 237
194 999
194 1154
194 1225
194 267
194 563
194 943
194 1326
194 773
194 614
194 1270
194 346
194 1289
194 1061
194 1006
194 1279
194 527
194 38
194 1369
194 538
194 97
194 1239
194 1321
194 107
194 595
194 1397
194 1281
194 1268
194 1198
194 461
194 228
194 1313
194 325
194 1079
194 165
194 231
194 327
194 99
194 386
194 1349
194 1291
194 1195
194 869
194 663
194 1192
194 472
194 85
194 401
194 673
194 202
194 22
194 24
194 1233
194 1186
194 27
194 67
194 617
194 586
194 1260
194 100
194 988
194 1189
194 599
194 1235
194 240
194 299
194 397
194 585
194 61
194 930
194 1310
194 529
194 274
194 1204
194 520
194 121
194 1257
194 187
194 278
194 447
194 1325
194 86
194 506
194 630
194 616
194 1250
194 1238
194 208
194 572
194 1206
194 192
194 1394
194 247
194 366
194 103
194 872
194 210
194 982
194 20
194 128
194 198
194 1251
194 1320
194 124
194 185
194 115
194 212
194 980
194 257
194 369
194 976
194 32
194 1391
194 163
194 656
194 1088
194 518
194 575
194 561
194 1261
194 328
194 172
194 493
194 753
194 1296
194 101
194 625
194 110
194 132
194 717
194 82
194 433
194 1147
194 65
194 275
194 74
194 1338
194 281
194 1340
194 282
194 1341
194 70
194 76
194 280
194 69
194 68
194 1336
194 197
194 77
194 91
194 269
194 106
194 1324
194 102
194 96
194 270
194 95
194 1244
194 80
194 89
194 1332
194 1243
194 84
194 83
194 64
194 1334
194 283
194 1348
194 284
194 285
194 298
194 37
194 36
194 1367
194 30
194 29
194 26
194 1378
194 1229
194 1227
194 21
194 1380
194 1388
194 303
194 10
194 1226
194 8
194 3
194 2
194 1230
194 296
194 295
194 46
194 63
194 1345
194 1323
194 1350
194 286
194 52
194 1355
194 1360
194 45
194 294
194 1365
194 43
194 1231
194 42
194 290
194 291
194 41
194 293
194 1247
194 262
194 1249
194 161
194 170
194 1275
194 169
194 218
194 166
194 308
194 220
194 1298
194 1272
194 1295
194 222
194 223
194 156
194 154
194 1269
194 226
194 153
194 1305
194 173
194 211
194 113
194 189
194 195
194 199
194 200
194 194
194 193
194 1284
194 203
194 190
194 1278
194 175
194 207
194 1286
194 1287
194 182
194 209
194 181
194 1290
194 178
194 227
194 148
194 147
194 126
194 248
194 249
194 250
194 251
194 252
194 1265
194 1262
194 1316
194 1317
194 146
194 123
194 259
194 1252
194 1318
194 119
194 263
194 114
194 265
194 130
194 1266
194 133
194 245
194 1308
194 232
194 143
194 234
194 235
194 236
194 142
194 238
194 239
194 141
194 1267
194 242
194 140
194 243
194 244
194 139
194 137
194 806
194 403
194 1223
194 975
194 964
194 675
194 968
194 969
194 971
194 972
194 974
194 979
194 997
194 655
194 651
194 650
194 649
194 991
194 993
194 994
194 960
194 959
194 958
194 681
194 702
194 699
194 695
194 694
194 693
194 692
194 691
194 945
194 946
194 688
194 687
194 686
194 685
194 684
194 949
194 995
194 640
194 312
194 594
194 1008
194 604
194 603
194 1009
194 598
194 597
194 596
194 1010
194 1000
194 1011
194 1036
194 587
194 584
194 1042
194 581
194 579
194 607
194 608
194 609
194 610
194 634
194 633
194 632
194 631
194 1003
194 628
194 1004
194 626
194 623
194 622
194 621
194 620
194 618
194 615
194 1007
194 933
194 931
194 706
194 871
194 865
194 780
194 778
194 866
194 774
194 868
194 870
194 873
194 707
194 875
194 876
194 877
194 878
194 879
194 880
194 757
194 861
194 849
194 834
194 815
194 804
194 807
194 802
194 808
194 809
194 799
194 797
194 796
194 795
194 793
194 792
194 791
194 790
194 810
194 813
194 756
194 755
194 882
194 918
194 725
194 920
194 723
194 722
194 720
194 718
194 716
194 921
194 922
194 923
194 712
194 711
194 710
194 709
194 708
194 919
194 914
194 752
194 911
194 892
194 893
194 749
194 747
194 746
194 745
194 895
194 899
194 900
194 902
194 904
194 905
194 906
194 908
194 909
194 578
194 577
194 1049
194 1167
194 413
194 1163
194 411
194 409
194 407
194 406
194 405
194 805
194 440
194 402
194 1168
194 399
194 398
194 396
194 395
194 1169
194 1162
194 415
194 416
194 417
194 438
194 437
194 436
194 1152
194 1153
194 432
194 431
194 430
194 429
194 427
194 1155
194 423
194 1160
194 1161
194 418
194 391
194 385
194 1188
194 1213
194 337
194 1215
194 334
194 333
194 332
194 331
194 330
194 324
194 1218
194 1220
194 317
194 316
194 315
194 314
194 313
194 338
194 1211
194 1190
194 1209
194 378
194 1196
194 368
194 367
194 363
194 362
194 361
194 360
194 359
194 358
194 357
194 355
194 354
194 1205
194 344
194 439
194 441
194 574
194 514
194 1090
194 532
194 526
194 525
194 519
194 517
194 516
194 513
194 1151
194 1095
194 511
194 1096
194 509
194 508
194 507
194 505
194 1089
194 536
194 542
194 544
194 573
194 569
194 1064
194 1066
194 1075
194 1076
194 558
194 557
194 555
194 554
194 552
194 1080
194 549
194 548
194 547
194 503
194 501
194 1098
194 1140
194 1142
194 465
194 464
194 463
194 462
194 1143
194 456
194 455
194 1144
194 451
194 449
194 448
194 1150
194 444
194 443
194 1141
194 470
194 1099
194 471
194 1101
194 1102
194 1103
194 491
194 1107
194 488
194 487
194 486
194 485
194 1111
194 1113
194 482
194 480
194 1115
194 1124
194 700
