195 642
195 932
195 1055
195 744
195 831
195 888
195 1173
195 769
195 1126
195 739
195 1171
195 1116
195 1054
195 1172
195 1293
195 1178
195 1045
195 1067
195 1359
195 1131
195 842
195 1050
195 1123
195 1177
195 457
195 823
195 1176
195 742
195 1122
195 741
195 863
195 740
195 1146
195 885
195 777
195 320
195 785
195 1145
195 1118
195 1117
195 627
195 928
195 382
195 938
195 887
195 957
195 839
195 1051
195 1294
195 855
195 897
195 956
195 1046
195 1121
195 734
195 389
195 1182
195 934
195 763
195 852
195 1309
195 1119
195 1108
195 760
195 824
195 833
195 822
195 937
195 1253
195 1038
195 1084
195 379
195 451
195 515
195 428
195 1362
195 533
195 551
195 1022
195 1130
195 1012
195 539
195 761
195 1068
195 1070
195 565
195 1014
195 1069
195 889
195 843
195 967
195 1056
195 470
195 838
195 266
195 28
195 743
195 149
195 336
195 926
195 1053
195 116
195 731
195 864
195 1236
195 1370
195 1078
195 1375
195 81
195 891
195 1035
195 1181
195 784
195 105
195 1081
195 1060
195 827
195 850
195 1137
195 1032
195 1013
195 1210
195 1265
195 952
195 1037
195 830
195 350
195 469
195 1159
195 935
195 351
195 812
195 936
195 241
195 854
195 1368
195 1266
195 644
195 735
195 11
195 1105
195 752
195 1071
195 851
195 730
195 341
195 1283
195 1371
195 1132
195 1031
195 781
195 1148
195 1129
195 786
195 1392
195 641
195 1112
195 472
195 1023
195 94
195 305
195 1222
195 1030
195 485
195 130
195 87
195 1154
195 629
195 1017
195 814
195 894
195 659
195 225
195 117
195 445
195 1016
195 955
195 736
195 422
195 916
195 4
195 1138
195 521
195 981
195 349
195 1280
195 71
195 1234
195 787
195 23
195 765
195 15
195 1029
195 1015
195 754
195 818
195 1387
195 400
195 1120
195 762
195 596
195 789
195 474
195 1358
195 927
195 664
195 326
195 901
195 435
195 825
195 62
195 224
195 1276
195 424
195 590
195 733
195 940
195 963
195 1398
195 1357
195 1361
195 321
195 1024
195 826
195 393
195 801
195 1333
195 951
195 1128
195 847
195 404
195 683
195 488
195 840
195 724
195 112
195 776
195 390
195 167
195 1002
195 412
195 962
195 1021
195 1262
195 1219
195 381
195 680
195 425
195 912
195 576
195 566
195 1127
195 588
195 468
195 1256
195 1034
195 853
195 750
195 118
195 1203
195 828
195 454
195 475
195 821
195 1125
195 677
195 1386
195 669
195 803
195 72
195 1376
195 674
195 567
195 841
195 1026
195 1382
195 111
195 92
195 1047
195 264
195 5
195 1383
195 479
195 1248
195 1185
195 452
195 592
195 113
195 648
195 819
195 1400
195 682
195 1258
195 131
195 1301
195 898
195 1282
195 54
195 970
195 300
195 920
195 1058
195 1087
195 848
195 1044
195 1052
195 1271
195 278
195 47
195 646
195 44
195 1033
195 929
195 917
195 1366
195 206
195 950
195 1041
195 1074
195 287
195 987
195 820
195 1020
195 495
195 31
195 772
195 601
195 1342
195 1062
195 886
195 232
195 460
195 845
195 846
195 672
195 306
195 221
195 1396
195 953
195 248
195 1083
195 1027
195 1343
195 802
195 1059
195 38
195 120
195 1273
195 138
195 297
195 419
195 145
195 499
195 915
195 530
195 1174
195 1043
195 1109
195 268
195 770
195 862
195 1306
195 941
195 714
195 1329
195 414
195 1330
195 1277
195 14
195 461
195 1285
195 925
195 394
195 73
195 502
195 1184
195 844
195 168
195 219
195 564
195 109
195 191
195 496
195 449
195 960
195 559
195 171
195 1208
195 978
195 364
195 375
195 527
195 244
195 352
195 921
195 954
195 732
195 483
195 635
195 1240
195 446
195 98
195 190
195 985
195 540
195 726
195 426
195 910
195 13
195 896
195 1246
195 376
195 1255
195 1372
195 176
195 586
195 48
195 835
195 1320
195 367
195 1260
195 1170
195 660
195 1076
195 1254
195 484
195 51
195 115
195 890
195 231
195 372
195 600
195 1295
195 369
195 253
195 858
195 322
195 458
195 1214
195 1328
195 177
195 260
195 537
195 1061
195 6
195 966
195 1379
195 227
195 1199
195 1197
195 1399
195 1356
195 1270
195 1135
195 1141
195 679
195 323
195 580
195 1297
195 883
195 1057
195 229
195 857
195 767
195 560
195 837
195 1175
195 1351
195 1019
195 204
195 984
195 570
195 1088
195 155
195 93
195 766
195 304
195 541
195 201
195 701
195 506
195 504
195 719
195 630
195 1389
195 775
195 329
195 158
195 279
195 1194
195 931
195 534
195 384
195 317
195 856
195 188
195 395
195 331
195 277
195 251
195 342
195 1304
195 764
195 1377
195 1364
195 247
195 164
195 737
195 258
195 1311
195 88
195 582
195 17
195 377
195 503
195 561
195 179
195 715
195 562
195 647
195 136
195 676
195 1322
195 1374
195 653
195 159
195 348
195 1025
195 704
195 829
195 782
195 1233
195 401
195 295
195 1390
195 448
195 309
195 783
195 1075
195 553
195 1221
195 703
195 255
195 510
195 1337
195 681
195 97
195 1314
195 166
195 490
195 585
195 1217
195 658
195 980
195 1380
195 948
195 1264
195 122
195 788
195 1339
195 494
195 922
195 550
195 1085
195 961
195 489
195 359
195 160
195 1354
195 607
195 434
195 246
195 1039
195 19
195 57
195 473
195 478
195 605
195 583
195 1281
195 1048
195 127
195 535
195 363
195 256
195 1352
195 383
195 272
195 1279
195 1073
195 1042
195 667
195 99
195 1202
195 107
195 181
195 1193
195 690
195 75
195 108
195 215
195 973
195 768
195 1104
195 700
195 360
195 939
195 990
195 1198
195 34
195 1136
195 1206
195 202
195 453
195 798
195 56
195 746
195 771
195 135
195 169
195 1
195 60
195 368
195 366
195 654
195 1242
195 568
195 180
195 813
195 1228
195 1191
195 522
195 196
195 55
195 881
195 860
195 271
195 1327
195 12
195 273
195 924
195 365
195 1237
195 611
195 1179
195 162
195 388
195 477
195 340
195 374
195 1231
195 727
195 1307
195 811
195 269
195 1134
195 290
195 186
195 689
195 512
195 152
195 16
195 1224
195 1235
195 345
195 442
195 751
195 662
195 800
195 151
195 593
195 157
195 665
195 261
195 974
195 930
195 216
195 410
195 1302
195 859
195 302
195 172
195 1190
195 1299
195 33
195 2
195 387
195 836
195 1212
195 140
195 1296
195 998
195 370
195 944
195 947
195 1063
195 429
195 35
195 335
195 459
195 1385
195 1086
195 450
195 205
195 289
195 1393
195 1292
195 284
195 467
195 1353
195 578
195 874
195 542
195 986
195 1346
195 591
195 1263
195 1201
195 572
195 132
195 281
195 587
195 903
195 1205
195 599
195 29
195 622
195 1158
195 1133
195 292
195 49
195 997
195 398
195 1082
195 688
195 759
195 1395
195 59
195 563
195 385
195 217
195 982
195 1156
195 579
195 603
195 213
195 546
195 543
195 1165
195 144
195 307
195 274
195 1312
195 1139
195 745
195 1005
195 880
195 26
195 678
195 110
195 884
195 1001
195 1381
195 343
195 1110
195 104
195 657
195 779
195 685
195 318
195 319
195 548
195 637
195 285
195 18
195 90
195 639
195 684
195 656
195 832
195 817
195 712
195 214
195 233
195 545
195 1183
195 1331
195 661
195 1018
195 1315
195 1300
195 380
195 532
195 1373
195 989
195 650
195 7
195 518
195 486
195 913
195 420
195 498
195 362
195 575
195 1089
195 816
195 531
195 909
195 1164
195 523
195 183
195 1077
195 234
195 1347
195 476
195 1384
195 696
195 899
195 778
195 353
195 1166
195 1268
195 1106
195 134
195 528
195 942
195 1180
195 1245
195 892
195 25
195 748
195 1100
195 1091
195 1200
195 983
195 406
195 39
195 50
195 40
195 310
195 556
195 1149
195 552
195 602
195 408
195 810
195 977
195 150
195 1209
195 1303
195 1040
195 444
195 652
195 698
195 1028
195 58
195 237
195 409
195 999
195 267
195 1008
195 943
195 625
195 1326
195 1080
195 614
195 965
195 1241
195 346
195 347
195 1289
195 1150
195 46
195 1006
195 163
195 184
195 584
195 577
195 1369
195 480
195 1363
195 867
195 640
195 538
195 311
195 1072
195 1244
195 1321
195 53
195 595
195 1397
195 142
195 228
195 1313
195 706
195 9
195 325
195 933
195 1079
195 288
195 82
195 327
195 386
195 1349
195 293
195 729
195 1195
195 391
195 869
195 663
195 1192
195 85
195 125
195 22
195 1036
195 24
195 1147
195 344
195 1186
195 666
195 27
195 67
195 617
195 794
195 721
195 100
195 988
195 1189
195 705
195 240
195 299
195 397
195 61
195 1239
195 1310
195 529
195 589
195 1204
195 738
195 520
195 554
195 870
195 462
195 1345
195 121
195 1257
195 187
195 447
195 1325
195 220
195 86
195 616
195 1250
195 1238
195 262
195 208
195 421
195 574
195 192
195 1394
195 1259
195 1092
195 792
195 756
195 103
195 872
195 1169
195 455
195 210
195 645
195 20
195 128
195 908
195 198
195 707
195 1251
195 124
195 185
195 212
195 257
195 976
195 32
195 432
195 1391
195 230
195 441
195 1261
195 328
195 493
195 649
195 753
195 695
195 101
195 417
195 717
195 433
195 865
195 199
195 1274
195 747
195 200
195 235
195 226
195 245
195 866
195 189
195 1249
195 203
195 1267
195 207
195 749
195 236
195 239
195 1269
195 1272
195 195
195 211
195 1243
195 218
195 194
195 250
195 209
195 193
195 249
195 222
195 243
195 223
195 197
195 1252
195 242
195 1247
195 238
195 923
195 182
195 1335
195 780
195 1350
195 63
195 64
195 65
195 66
195 68
195 69
195 70
195 1348
195 808
195 74
195 76
195 77
195 78
195 79
195 80
195 1344
195 83
195 84
195 1341
195 1340
195 89
195 91
195 1338
195 807
195 52
195 1355
195 30
195 793
195 3
195 8
195 10
195 791
195 1388
195 790
195 796
195 21
195 1378
195 797
195 799
195 806
195 804
195 805
195 36
195 37
195 1367
195 41
195 42
195 43
195 1365
195 45
195 1360
195 1336
195 95
195 1275
195 96
195 148
195 153
195 154
195 834
195 156
195 849
195 1298
195 861
195 161
195 758
195 1291
195 165
195 1290
195 1288
195 757
195 170
195 1287
195 173
195 174
195 175
195 1286
195 1284
195 178
195 1278
195 755
195 147
195 146
195 143
195 1316
195 1334
195 1332
195 102
195 809
195 106
195 1324
195 1323
195 1319
195 114
195 1318
195 1317
195 119
195 141
195 123
195 126
195 129
195 1308
195 774
195 133
195 773
195 1305
195 137
195 139
195 815
195 252
195 334
195 254
195 1009
195 511
195 693
195 513
195 514
195 516
195 517
195 519
195 692
195 524
195 525
195 526
195 1011
195 1010
195 1007
195 508
195 536
195 1004
195 1003
195 691
195 544
195 547
195 549
195 1000
195 555
195 557
195 558
195 904
195 996
195 509
195 507
195 1103
195 1093
195 1101
195 463
195 464
195 465
195 466
195 697
195 1099
195 1098
195 1097
195 471
195 1096
195 1095
195 1094
195 481
195 505
195 482
195 1090
195 487
195 491
195 492
195 1066
195 497
195 1065
195 500
195 501
195 1064
195 694
195 1049
195 995
195 994
195 993
195 638
195 621
195 623
195 624
195 626
195 628
195 964
195 959
195 631
195 632
195 633
195 634
195 958
195 636
195 949
195 992
195 675
195 643
195 946
195 945
195 914
195 651
195 673
195 655
195 918
195 671
195 670
195 919
195 668
195 620
195 619
195 618
195 615
195 991
195 687
195 569
195 686
195 571
195 573
195 581
195 905
195 979
195 906
195 907
195 975
195 594
195 597
195 598
195 972
195 971
195 604
195 969
195 606
195 968
195 608
195 609
195 610
195 911
195 612
195 613
195 1102
195 456
195 868
195 725
195 301
195 303
195 1213
195 728
195 1211
195 308
195 312
195 313
195 314
195 315
195 316
195 1207
195 882
195 324
195 298
195 723
195 330
195 1196
195 332
195 333
195 722
195 337
195 338
195 339
195 720
195 718
195 1188
195 1187
195 1215
195 1216
195 699
195 1225
195 1232
195 259
195 1230
195 263
195 1229
195 265
195 871
195 1227
195 270
195 873
195 1226
195 275
195 276
195 875
195 296
195 1223
195 280
195 876
195 282
195 283
195 877
195 286
195 1220
195 878
195 879
195 291
195 294
195 1218
195 354
195 355
195 356
195 900
195 411
195 413
195 1144
195 415
195 416
195 418
195 1143
195 1142
195 423
195 1140
195 427
195 430
195 431
195 1124
195 357
195 436
195 437
195 438
195 439
195 440
195 702
195 443
195 1115
195 1114
195 1113
195 1111
195 902
195 1107
195 407
195 405
195 403
195 402
195 358
195 361
195 716
195 893
195 895
195 713
195 1168
195 371
195 1167
195 373
195 711
195 378
195 1163
195 1162
195 1161
195 1160
195 710
195 709
195 708
195 1157
195 392
195 1155
195 1153
195 1152
195 396
195 399
195 1151
195 795
