196 746
196 184
196 1237
196 102
196 486
196 875
196 51
196 23
196 1323
196 1361
196 540
196 966
196 1281
196 435
196 629
196 666
196 494
196 1253
196 44
196 749
196 1263
196 549
196 662
196 959
196 398
196 81
196 13
196 349
196 57
196 342
196 1311
196 657
196 12
196 655
196 1213
196 393
196 284
196 565
196 623
196 94
196 14
196 550
196 983
196 527
196 390
196 1002
196 1375
196 123
196 395
196 26
196 1274
196 1008
196 145
196 572
196 120
196 997
196 324
196 305
196 1319
196 50
196 1106
196 304
196 445
196 763
196 1149
196 73
196 347
196 84
196 261
196 892
196 672
196 72
196 872
196 74
196 98
196 252
196 306
196 21
196 442
196 4
196 29
196 1159
196 552
196 963
196 1367
196 144
196 826
196 350
196 1177
196 577
196 303
196 283
196 180
196 2
196 757
196 267
196 193
196 781
196 665
196 1395
196 1083
196 941
196 975
196 1279
196 87
196 328
196 497
196 142
196 610
196 873
196 579
196 269
196 1173
196 300
196 1236
196 11
196 8
196 366
196 1331
196 1147
196 262
196 658
196 181
196 243
196 28
196 971
196 326
196 566
196 260
196 37
196 1295
196 1283
196 542
196 1100
196 327
196 293
196 927
196 912
196 188
196 899
196 1108
196 980
196 981
196 141
196 56
196 784
196 667
196 695
196 186
196 513
196 45
196 371
196 1066
196 406
196 1073
196 1235
196 332
196 554
196 499
196 182
196 201
196 625
196 375
196 152
196 1227
196 1265
196 135
196 97
196 179
196 606
196 1107
196 1097
196 641
196 651
196 526
196 576
196 1243
196 1
196 1098
196 1186
196 197
196 799
196 559
196 5
196 1393
196 105
196 1004
196 590
196 933
196 1386
196 458
196 25
196 1280
196 715
196 404
196 1207
196 444
196 1362
196 560
196 583
196 449
196 377
196 587
196 1354
196 240
196 365
196 389
196 1142
196 104
196 700
196 55
196 864
196 887
196 1341
196 661
196 1282
196 177
196 1219
196 573
196 189
196 1200
196 1192
196 1307
196 33
196 140
196 1321
196 1217
196 607
196 421
196 232
196 1082
196 1215
196 650
196 147
196 1309
196 6
196 173
196 61
196 535
196 353
196 518
196 1181
196 1346
196 274
196 855
196 485
196 1273
196 124
196 362
196 133
196 62
196 1222
196 24
196 1381
196 870
196 929
196 1153
196 1249
196 96
196 495
196 242
196 707
196 1110
196 95
196 1072
196 585
196 1191
196 101
196 1377
196 733
196 993
196 1190
196 567
196 258
196 49
196 466
196 297
196 1317
196 1093
196 79
196 159
196 972
196 372
196 378
196 1076
196 1310
196 160
196 128
196 685
196 1379
196 35
196 407
196 359
196 1030
196 586
196 308
196 646
196 711
196 174
196 344
196 571
196 546
196 553
196 604
196 320
196 811
196 131
196 860
196 158
196 773
196 192
196 905
196 500
196 1211
196 1371
196 693
196 36
196 82
196 754
196 539
196 1094
196 1320
196 782
196 992
196 847
196 982
196 339
196 1096
196 690
196 939
196 584
196 689
196 809
196 509
196 1099
196 511
196 570
196 1040
196 627
196 1313
196 1185
196 1232
196 503
196 638
196 387
196 961
196 1148
196 563
196 1332
196 522
196 1337
196 701
196 692
196 1161
196 857
196 828
196 9
196 1139
196 1364
196 1334
196 1119
196 481
196 1247
196 1264
196 270
196 1246
196 726
196 335
196 1198
196 1271
196 294
196 682
196 562
196 994
196 600
196 176
196 246
196 299
196 564
196 1224
196 40
196 89
196 1141
196 464
196 1305
196 329
196 634
196 574
196 865
196 85
196 635
196 751
196 697
196 944
196 315
196 19
196 1104
196 222
196 987
196 385
196 1394
196 433
196 436
196 65
196 34
196 588
196 1355
196 1074
196 1165
196 769
196 410
196 491
196 1239
196 266
196 1081
196 1250
196 295
196 399
196 245
196 633
196 208
196 803
196 7
196 1353
196 730
196 537
196 789
196 417
196 1221
196 818
196 1328
196 921
196 798
196 118
196 107
196 534
196 1064
196 1349
196 808
196 547
196 1366
196 92
196 132
196 945
196 1380
196 319
196 149
196 1009
196 363
196 710
196 1223
196 1205
196 316
196 1031
196 780
196 472
196 909
196 27
196 110
196 775
196 198
196 414
196 1156
196 484
196 443
196 340
196 1352
196 1204
196 205
196 217
196 78
196 322
196 202
196 683
196 561
196 603
196 437
196 1324
196 1172
196 998
196 381
196 591
196 529
196 204
196 678
196 1233
196 309
196 953
196 533
196 1080
196 463
196 551
196 797
196 1206
196 1348
196 333
196 601
196 928
196 1350
196 348
196 714
196 397
196 490
196 712
196 1220
196 93
196 166
196 663
196 66
196 168
196 318
196 671
196 626
196 1225
196 364
196 379
196 1112
196 310
196 958
196 60
196 39
196 823
196 668
196 317
196 838
196 869
196 538
196 1007
196 831
196 119
196 288
196 334
196 1390
196 352
196 1338
196 383
196 713
196 1164
196 1062
196 489
196 1039
196 859
196 287
196 187
196 792
196 1095
196 125
196 706
196 292
196 1336
196 3
196 1101
196 1241
196 524
196 896
196 766
196 164
196 979
196 962
196 153
196 506
196 1212
196 996
196 126
196 496
196 175
196 1287
196 1144
196 264
196 575
196 156
196 602
196 783
196 645
196 450
196 1163
196 380
196 1179
196 1194
196 886
196 1301
196 856
196 311
196 90
196 628
196 117
196 434
196 1210
196 1268
196 822
196 653
196 578
196 555
196 80
196 833
196 1229
196 343
196 68
196 894
196 129
196 185
196 976
196 1184
196 157
196 227
196 974
196 265
196 1014
196 438
196 1068
196 331
196 946
196 673
196 77
196 1218
196 1042
196 453
196 937
196 660
196 728
196 229
196 448
196 427
196 53
196 228
196 337
196 1075
196 1092
196 216
196 620
196 675
196 325
196 1143
196 618
196 374
196 312
196 99
196 465
196 469
196 1387
196 943
196 930
196 400
196 863
196 614
196 233
196 195
196 1260
196 923
196 22
196 978
196 648
196 520
196 1335
196 139
196 1169
196 642
196 43
196 462
196 91
196 401
196 597
196 1138
196 1259
196 1272
196 368
196 1339
196 1001
196 1389
196 268
196 42
196 901
196 1326
196 991
196 1201
196 422
196 504
196 531
196 493
196 1258
196 323
196 431
196 314
196 373
196 772
196 336
196 88
196 172
196 211
196 1084
196 1294
196 593
196 670
196 388
196 877
196 536
196 785
196 986
196 20
196 170
196 456
196 1061
196 1370
196 1056
196 1091
196 541
196 286
196 1077
196 154
196 1400
196 807
196 1289
196 774
196 1029
196 1078
196 517
196 59
196 1297
196 732
196 812
196 1209
196 917
196 1158
196 425
196 396
196 1154
196 1178
196 206
196 1242
196 973
196 190
196 519
196 897
196 636
196 908
196 1203
196 801
196 764
196 876
196 470
196 1122
196 580
196 649
196 1013
196 841
196 794
196 351
196 1376
196 30
196 370
196 338
196 815
196 163
196 1131
196 762
196 835
196 1399
196 900
196 116
196 874
196 58
196 280
196 1003
196 679
196 845
196 940
196 1146
196 686
196 582
196 455
196 209
196 220
196 1245
196 429
196 942
196 569
196 1255
196 1300
196 148
196 656
196 138
196 345
196 871
196 919
196 321
196 861
196 207
196 854
196 528
196 307
196 777
196 1111
196 487
196 1275
196 354
196 1037
196 1327
196 1226
196 1392
196 1315
196 199
196 902
196 925
196 1277
196 1345
196 696
196 1244
196 69
196 440
196 664
196 416
196 594
196 581
196 624
196 796
196 806
196 1231
196 1344
196 1162
196 281
196 999
196 731
196 254
196 439
196 498
196 767
196 734
196 800
196 155
196 165
196 1010
196 296
196 18
196 984
196 1069
196 970
196 386
196 167
196 1155
196 721
196 744
196 52
196 644
196 291
196 677
196 858
196 369
196 1188
196 346
196 1230
196 213
196 48
196 391
196 1202
196 1103
196 115
196 171
196 1128
196 965
196 1051
196 717
196 394
196 1351
196 1006
196 1182
196 724
196 848
196 121
196 1330
196 1195
196 302
196 275
196 259
196 598
196 1296
196 169
196 239
196 1302
196 278
196 468
196 507
196 907
196 1228
196 669
196 934
196 745
196 960
196 298
196 880
196 1391
196 236
196 214
196 688
196 473
196 1157
196 313
196 430
196 257
196 1251
196 273
196 1267
196 1019
196 1293
196 1140
196 964
196 285
196 1187
196 219
196 893
196 1130
196 684
196 948
196 924
196 476
196 1333
196 282
196 423
196 1197
196 418
196 210
196 1342
196 737
196 134
196 446
196 747
196 793
196 637
196 355
196 532
196 382
196 967
196 954
196 441
196 1047
196 938
196 849
196 525
196 698
196 1166
196 1256
196 1126
196 771
196 17
196 949
196 341
196 1089
196 106
196 376
196 432
196 846
196 1303
196 1248
196 230
196 1113
196 1028
196 989
196 530
196 1189
196 1137
196 652
196 514
196 778
196 643
196 54
196 1322
196 736
196 191
196 932
196 615
196 1292
196 837
196 71
196 659
196 1396
196 183
196 779
196 543
196 568
196 1383
196 1398
196 1167
196 1196
196 1063
196 622
196 592
196 420
196 467
196 699
196 109
196 850
196 38
196 1252
196 1116
196 1132
196 249
196 63
196 990
196 360
196 212
196 810
196 452
196 1171
196 920
196 878
196 451
196 557
196 130
196 251
196 1316
196 1216
196 86
196 548
196 409
196 1373
196 277
196 403
196 904
196 1234
196 424
196 1180
196 1109
196 447
196 1150
196 613
196 544
196 968
196 827
196 46
196 356
196 1238
196 196
196 612
196 521
196 231
196 225
196 556
196 1343
196 244
196 825
196 480
196 956
196 640
196 889
196 256
196 505
196 957
196 1059
196 248
196 888
196 1262
196 1027
196 802
196 103
196 1183
196 545
196 741
196 840
196 1193
196 215
196 770
196 765
196 516
196 820
196 1145
196 1018
196 1032
196 1105
196 922
196 428
196 290
196 814
196 272
196 483
196 918
196 988
196 680
196 15
196 867
196 1306
196 1055
196 1356
196 839
196 903
196 75
196 1199
196 1115
196 1035
196 1057
196 795
196 1254
196 459
196 895
196 161
196 1036
196 263
196 1129
196 952
196 760
196 621
196 1151
196 108
196 114
196 1052
196 1304
196 218
196 1087
196 843
196 330
196 729
196 1257
196 1374
196 474
196 787
196 1175
196 276
196 1266
196 926
196 146
196 705
196 743
196 632
196 738
196 203
196 836
196 241
196 936
196 1270
196 906
196 1043
196 523
196 816
196 1065
196 916
196 788
196 112
196 224
196 691
196 786
196 977
196 687
196 1053
196 694
196 426
196 151
196 1240
196 719
196 501
196 740
196 1086
196 358
196 1124
196 475
196 237
196 915
196 756
196 221
196 1325
196 753
196 1368
196 454
196 830
196 804
196 100
196 122
196 589
196 1269
196 70
196 1085
196 750
196 460
196 461
196 599
196 1114
196 1088
196 709
196 1318
196 844
196 759
196 1290
196 361
196 817
196 1288
196 413
196 1365
196 457
196 608
196 16
196 415
196 83
196 748
196 402
196 739
196 630
196 508
196 1284
196 477
196 150
196 247
196 702
196 64
196 985
196 1385
196 488
196 1278
196 1024
196 1382
196 289
196 1261
196 234
196 947
196 704
196 1127
196 1276
196 1118
196 1369
196 790
196 510
196 512
196 515
196 813
196 1286
196 1359
196 1360
196 1285
196 1363
196 805
196 1117
196 776
196 1120
196 1121
196 791
196 1123
196 1125
196 558
196 1000
196 768
196 727
196 32
196 31
196 725
196 723
196 1168
196 1384
196 1170
196 647
196 722
196 1388
196 1174
196 720
196 654
196 718
196 1176
196 716
196 708
196 10
196 703
196 674
196 676
196 1397
196 681
196 639
196 631
196 76
196 1160
196 1133
196 1372
196 761
196 758
196 1134
196 67
196 1135
196 1136
196 755
196 752
196 596
196 605
196 742
196 1378
196 609
196 47
196 611
196 616
196 1152
196 617
196 41
196 619
196 735
196 111
196 832
196 113
196 898
196 1021
196 913
196 1312
196 911
196 1022
196 1023
196 910
196 357
196 367
196 1308
196 1025
196 891
196 914
196 1026
196 890
196 384
196 885
196 1340
196 200
196 884
196 883
196 882
196 392
196 1033
196 223
196 1314
196 881
196 1011
196 271
196 1005
196 279
196 1329
196 1214
196 255
196 253
196 1208
196 250
196 969
196 301
196 955
196 226
196 1012
196 951
196 950
196 1015
196 238
196 935
196 235
196 1016
196 1017
196 931
196 1020
196 194
196 1034
196 819
196 136
196 471
196 1067
196 478
196 479
196 1070
196 143
196 1071
196 482
196 1079
196 834
196 137
196 1291
196 1060
196 995
196 829
196 1090
196 127
196 492
196 1102
196 1357
196 1358
196 824
196 502
196 821
196 842
196 1058
196 879
196 1045
196 405
196 1299
196 408
196 411
196 412
196 1038
196 1347
196 1041
196 419
196 178
196 1044
196 1046
196 1054
196 868
196 1048
196 1049
196 1050
196 866
196 862
196 1298
196 853
196 852
196 851
196 162
196 595
