197 884
197 881
197 768
197 723
197 726
197 909
197 746
197 865
197 883
197 640
197 1168
197 724
197 775
197 720
197 882
197 75
197 767
197 234
197 261
197 1312
197 1397
197 923
197 866
197 1019
197 1236
197 927
197 454
197 953
197 952
197 1400
197 727
197 920
197 924
197 867
197 1087
197 836
197 292
197 58
197 381
197 425
197 925
197 204
197 1315
197 1076
197 579
197 575
197 230
197 1396
197 100
197 1231
197 1224
197 412
197 977
197 1162
197 122
197 1119
197 1120
197 1054
197 592
197 92
197 931
197 490
197 864
197 70
197 868
197 205
197 656
197 304
197 826
197 369
197 1340
197 804
197 503
197 1324
197 934
197 193
197 1021
197 784
197 1016
197 951
197 958
197 761
197 1235
197 606
197 788
197 998
197 60
197 1219
197 1148
197 465
197 367
197 987
197 1258
197 274
197 1046
197 1261
197 1067
197 470
197 1116
197 1310
197 1034
197 494
197 421
197 1088
197 1179
197 52
197 1240
197 459
197 264
197 461
197 220
197 999
197 819
197 809
197 745
197 971
197 546
197 294
197 1281
197 17
197 334
197 1311
197 81
197 1167
197 760
197 808
197 433
197 1333
197 152
197 734
197 352
197 759
197 1304
197 69
197 1298
197 305
197 34
197 373
197 14
197 370
197 1142
197 1073
197 791
197 473
197 600
197 358
197 1306
197 1382
197 1192
197 818
197 1328
197 1262
197 790
197 1244
197 1007
197 1297
197 522
197 712
197 1200
197 642
197 908
197 1195
197 1369
197 975
197 658
197 970
197 138
197 1379
197 111
197 728
197 1053
197 1121
197 259
197 466
197 1133
197 435
197 30
197 820
197 222
197 901
197 1386
197 318
197 301
197 980
197 273
197 990
197 15
197 1083
197 800
197 783
197 1252
197 497
197 556
197 981
197 159
197 1384
197 1376
197 689
197 806
197 811
197 50
197 410
197 837
197 183
197 206
197 462
197 276
197 532
197 945
197 844
197 537
197 647
197 279
197 676
197 1268
197 1360
197 141
197 77
197 530
197 229
197 939
197 1373
197 132
197 1057
197 845
197 336
197 1272
197 539
197 652
197 1063
197 1375
197 239
197 434
197 83
197 1157
197 782
197 36
197 501
197 317
197 384
197 1086
197 1186
197 54
197 964
197 740
197 1323
197 756
197 904
197 677
197 1278
197 1300
197 960
197 1248
197 500
197 654
197 91
197 498
197 1220
197 395
197 337
197 1366
197 1237
197 460
197 930
197 506
197 833
197 696
197 1001
197 33
197 101
197 644
197 73
197 232
197 287
197 451
197 1077
197 678
197 1362
197 1185
197 633
197 1318
197 1259
197 707
197 947
197 1355
197 950
197 777
197 554
197 893
197 752
197 825
197 157
197 984
197 247
197 584
197 1339
197 1246
197 567
197 322
197 916
197 120
197 861
197 551
197 968
197 949
197 535
197 145
197 648
197 467
197 1108
197 266
197 217
197 1084
197 985
197 1222
197 1201
197 1385
197 816
197 555
197 223
197 1260
197 192
197 1137
197 1015
197 785
197 1207
197 1010
197 1032
197 47
197 730
197 171
197 253
197 314
197 353
197 290
197 721
197 64
197 798
197 398
197 156
197 694
197 697
197 1182
197 574
197 762
197 1055
197 1282
197 661
197 1301
197 417
197 385
197 129
197 942
197 133
197 1115
197 1335
197 432
197 812
197 857
197 20
197 63
197 1110
197 1226
197 360
197 82
197 619
197 170
197 177
197 755
197 1251
197 492
197 557
197 917
197 641
197 235
197 325
197 155
197 197
197 781
197 562
197 1163
197 399
197 244
197 693
197 843
197 699
197 1266
197 518
197 1114
197 456
197 1332
197 521
197 1289
197 1154
197 203
197 1165
197 943
197 285
197 482
197 509
197 241
197 1367
197 252
197 150
197 704
197 1140
197 626
197 702
197 523
197 580
197 636
197 735
197 794
197 486
197 889
197 874
197 1138
197 1043
197 376
197 538
197 1188
197 311
197 569
197 478
197 283
197 428
197 978
197 113
197 814
197 593
197 1229
197 799
197 1056
197 753
197 89
197 1242
197 841
197 1336
197 1029
197 1250
197 1320
197 688
197 400
197 736
197 475
197 211
197 1006
197 209
197 1294
197 527
197 1292
197 1392
197 416
197 878
197 219
197 328
197 1316
197 1368
197 1175
197 655
197 93
197 202
197 797
197 109
197 675
197 110
197 62
197 773
197 597
197 423
197 703
197 1209
197 458
197 375
197 1377
197 1356
197 668
197 1234
197 364
197 59
197 1352
197 757
197 986
197 896
197 424
197 231
197 671
197 1080
197 789
197 622
197 582
197 869
197 472
197 1353
197 48
197 681
197 248
197 449
197 284
197 1204
197 1387
197 803
197 1082
197 1388
197 770
197 525
197 307
197 1233
197 42
197 780
197 666
197 68
197 1105
197 1047
197 422
197 586
197 315
197 1313
197 6
197 468
197 165
197 272
197 1221
197 277
197 989
197 543
197 988
197 148
197 55
197 413
197 493
197 299
197 1183
197 1342
197 585
197 173
197 665
197 1365
197 105
197 1223
197 127
197 249
197 1147
197 660
197 851
197 659
197 1061
197 1254
197 1072
197 1191
197 293
197 415
197 479
197 1066
197 13
197 1354
197 748
197 1178
197 35
197 345
197 474
197 1129
197 673
197 613
197 1106
197 390
197 463
197 1009
197 602
197 616
197 368
197 308
197 1389
197 758
197 813
197 962
197 698
197 404
197 12
197 43
197 309
197 163
197 1245
197 297
197 1334
197 1117
197 346
197 1197
197 738
197 118
197 227
197 246
197 1390
197 365
197 186
197 540
197 1361
197 1325
197 1295
197 1265
197 929
197 207
197 921
197 128
197 195
197 267
197 873
197 56
197 719
197 733
197 114
197 1180
197 288
197 237
197 32
197 201
197 342
197 455
197 1184
197 1113
197 628
197 300
197 542
197 97
197 1290
197 1371
197 72
197 822
197 732
197 894
197 731
197 907
197 453
197 1343
197 289
197 991
197 24
197 1225
197 131
197 85
197 1199
197 427
197 701
197 520
197 160
197 452
197 1035
197 441
197 662
197 685
197 49
197 140
197 164
197 401
197 792
197 440
197 426
197 476
197 377
197 436
197 429
197 431
197 442
197 439
197 374
197 378
197 379
197 437
197 430
197 477
197 438
197 392
197 443
197 420
197 406
197 457
197 405
197 387
197 403
197 402
197 388
197 397
197 396
197 484
197 485
197 389
197 391
197 480
197 394
197 393
197 481
197 469
197 407
197 408
197 447
197 419
197 418
197 380
197 444
197 445
197 382
197 446
197 471
197 409
197 448
197 383
197 414
197 450
197 464
197 411
197 386
197 483
197 245
197 372
197 137
197 135
197 134
197 130
197 126
197 125
197 124
197 123
197 121
197 119
197 117
197 116
197 115
197 112
197 108
197 107
197 106
197 104
197 103
197 102
197 99
197 98
197 136
197 139
197 95
197 142
197 179
197 178
197 176
197 175
197 174
197 172
197 169
197 168
197 167
197 166
197 162
197 161
197 158
197 154
197 153
197 151
197 149
197 147
197 146
197 144
197 143
197 96
197 94
197 181
197 38
197 31
197 29
197 28
197 27
197 26
197 25
197 23
197 22
197 21
197 19
197 18
197 16
197 11
197 10
197 9
197 8
197 7
197 5
197 4
197 3
197 2
197 37
197 39
197 90
197 40
197 88
197 87
197 86
197 84
197 80
197 79
197 78
197 76
197 74
197 71
197 67
197 66
197 65
197 61
197 57
197 53
197 51
197 46
197 45
197 44
197 41
197 180
197 182
197 371
197 331
197 329
197 327
197 326
197 324
197 323
197 321
197 320
197 319
197 316
197 313
197 312
197 310
197 306
197 303
197 302
197 298
197 296
197 295
197 291
197 286
197 282
197 330
197 332
197 280
197 333
197 366
197 363
197 362
197 361
197 359
197 357
197 356
197 355
197 354
197 351
197 350
197 349
197 348
197 347
197 344
197 343
197 341
197 340
197 339
197 338
197 335
197 281
197 278
197 184
197 226
197 224
197 221
197 218
197 216
197 215
197 214
197 213
197 212
197 210
197 208
197 200
197 199
197 198
197 196
197 194
197 191
197 190
197 189
197 188
197 187
197 185
197 225
197 228
197 275
197 233
197 271
197 270
197 269
197 268
197 265
197 263
197 262
197 260
197 258
197 257
197 256
197 255
197 254
197 251
197 250
197 488
197 243
197 242
197 240
197 238
197 236
197 487
197 700
197 489
197 1052
197 1100
197 1099
197 1098
197 1097
197 1096
197 1095
197 1094
197 1093
197 1092
197 1091
197 1090
197 1089
197 1085
197 1081
197 1079
197 1078
197 1075
197 1074
197 1071
197 1070
197 1069
197 1068
197 1065
197 1064
197 1062
197 1060
197 1059
197 1101
197 1102
197 1103
197 1131
197 1150
197 1149
197 1146
197 1145
197 1144
197 1143
197 1141
197 1139
197 1136
197 1135
197 1134
197 1132
197 1130
197 1104
197 1128
197 1127
197 1126
197 1125
197 1124
197 1123
197 1122
197 1118
197 1112
197 1111
197 1109
197 1107
197 1058
197 1051
197 1152
197 1050
197 1004
197 1003
197 1002
197 1000
197 997
197 996
197 995
197 994
197 993
197 992
197 983
197 982
197 979
197 976
197 974
197 973
197 972
197 969
197 967
197 966
197 965
197 963
197 961
197 959
197 957
197 956
197 955
197 1005
197 1008
197 1011
197 1031
197 1049
197 1048
197 1045
197 1044
197 1042
197 1041
197 1040
197 1039
197 1038
197 1037
197 1036
197 1033
197 1030
197 1012
197 1028
197 1027
197 1026
197 1025
197 1024
197 1023
197 1022
197 1020
197 1018
197 1017
197 1014
197 1013
197 1151
197 1153
197 948
197 1275
197 1329
197 1327
197 1326
197 1322
197 1321
197 1319
197 1317
197 1314
197 1309
197 1308
197 1307
197 1305
197 1303
197 1302
197 1299
197 1296
197 1293
197 1291
197 1288
197 1287
197 1286
197 1285
197 1284
197 1283
197 1280
197 1279
197 1277
197 1330
197 1331
197 1337
197 1364
197 1398
197 1395
197 1394
197 1393
197 1391
197 1383
197 1381
197 1380
197 1378
197 1374
197 1372
197 1370
197 1363
197 1338
197 1359
197 1358
197 1357
197 1351
197 1350
197 1349
197 1348
197 1347
197 1346
197 1345
197 1344
197 1341
197 1276
197 1274
197 1155
197 1273
197 1206
197 1205
197 1203
197 1202
197 1198
197 1196
197 1194
197 1193
197 1190
197 1189
197 1187
197 1181
197 1177
197 1176
197 1174
197 1173
197 1172
197 1171
197 1170
197 1169
197 1166
197 1164
197 1161
197 1160
197 1159
197 1158
197 1156
197 1208
197 1210
197 1211
197 1243
197 1271
197 1270
197 1269
197 1267
197 1264
197 1263
197 1257
197 1256
197 1255
197 1253
197 1249
197 1247
197 1241
197 1212
197 1239
197 1238
197 1232
197 1230
197 1228
197 1227
197 1218
197 1217
197 1216
197 1215
197 1214
197 1213
197 954
197 946
197 491
197 596
197 635
197 634
197 632
197 631
197 630
197 629
197 627
197 625
197 624
197 623
197 621
197 620
197 618
197 617
197 615
197 614
197 612
197 611
197 610
197 609
197 608
197 607
197 605
197 604
197 603
197 601
197 599
197 637
197 638
197 639
197 674
197 1399
197 695
197 692
197 691
197 690
197 687
197 686
197 684
197 683
197 682
197 680
197 679
197 672
197 643
197 670
197 669
197 667
197 664
197 663
197 657
197 653
197 651
197 650
197 649
197 646
197 645
197 598
197 595
197 706
197 594
197 544
197 541
197 536
197 534
197 533
197 531
197 529
197 528
197 526
197 524
197 519
197 517
197 516
197 515
197 514
197 513
197 512
197 511
197 510
197 508
197 507
197 505
197 504
197 502
197 499
197 496
197 495
197 545
197 547
197 548
197 571
197 591
197 590
197 589
197 588
197 587
197 583
197 581
197 578
197 577
197 576
197 573
197 572
197 570
197 549
197 568
197 566
197 565
197 564
197 563
197 561
197 560
197 559
197 558
197 553
197 552
197 550
197 705
197 708
197 944
197 842
197 890
197 888
197 887
197 886
197 885
197 880
197 879
197 877
197 876
197 875
197 872
197 871
197 870
197 863
197 862
197 860
197 859
197 858
197 856
197 855
197 854
197 853
197 852
197 850
197 849
197 848
197 847
197 891
197 892
197 895
197 918
197 941
197 940
197 938
197 937
197 936
197 935
197 933
197 932
197 928
197 926
197 922
197 919
197 915
197 897
197 914
197 913
197 912
197 911
197 910
197 906
197 905
197 903
197 902
197 900
197 899
197 898
197 846
197 840
197 709
197 839
197 769
197 766
197 765
197 764
197 763
197 754
197 751
197 750
197 749
197 747
197 744
197 743
197 742
197 741
197 739
197 737
197 729
197 725
197 722
197 718
197 717
197 716
197 715
197 714
197 713
197 711
197 710
197 771
197 772
197 774
197 817
197 838
197 835
197 834
197 832
197 831
197 830
197 829
197 828
197 827
197 824
197 823
197 821
197 815
197 776
197 810
197 807
197 805
197 802
197 801
197 796
197 795
197 793
197 787
197 786
197 779
197 778
197 1
