198 887
198 886
198 743
198 897
198 889
198 740
198 843
198 769
198 1068
198 1172
198 890
198 885
198 1126
198 739
198 741
198 848
198 935
198 1171
198 1070
198 953
198 1067
198 1051
198 1174
198 826
198 851
198 763
198 760
198 1117
198 847
198 1052
198 1123
198 926
198 856
198 1145
198 798
198 957
198 765
198 1173
198 1146
198 1071
198 1053
198 1129
198 841
198 1214
198 1131
198 929
198 251
198 742
198 1122
198 955
198 1059
198 831
198 936
198 830
198 1027
198 857
198 934
198 951
198 852
198 440
198 761
198 551
198 928
198 930
198 898
198 1396
198 854
198 824
198 36
198 1013
198 1118
198 96
198 906
198 1037
198 1132
198 853
198 1034
198 764
198 1042
198 822
198 26
198 839
198 424
198 932
198 891
198 735
198 744
198 1387
198 1060
198 1177
198 280
198 1055
198 823
198 265
198 211
198 956
198 601
198 600
198 1048
198 422
198 454
198 1399
198 1040
198 1251
198 1054
198 1135
198 1121
198 1044
198 655
198 894
198 828
198 400
198 1294
198 1392
198 736
198 888
198 925
198 412
198 642
198 937
198 363
198 1104
198 838
198 952
198 850
198 594
198 797
198 204
198 1119
198 866
198 1038
198 8
198 195
198 121
198 766
198 179
198 189
198 931
198 334
198 633
198 465
198 526
198 31
198 1360
198 1029
198 1133
198 924
198 1058
198 392
198 1127
198 827
198 188
198 227
198 1359
198 707
198 133
198 1031
198 315
198 675
198 1082
198 878
198 915
198 862
198 170
198 1015
198 902
198 522
198 1263
198 1030
198 224
198 441
198 1400
198 1043
198 572
198 1364
198 512
198 182
198 876
198 254
198 1041
198 544
198 1311
198 757
198 751
198 881
198 279
198 173
198 1
198 311
198 1319
198 1066
198 1157
198 1125
198 291
198 187
198 844
198 1317
198 634
198 1178
198 35
198 15
198 1023
198 1026
198 252
198 1017
198 900
198 603
198 439
198 433
198 1211
198 456
198 420
198 727
198 1175
198 191
198 907
198 1022
198 419
198 792
198 732
198 1106
198 672
198 1334
198 971
198 1398
198 1224
198 317
198 993
198 1091
198 683
198 142
198 122
198 127
198 571
198 1036
198 846
198 662
198 1012
198 508
198 263
198 1241
198 1228
198 991
198 685
198 859
198 673
198 644
198 29
198 1061
198 11
198 829
198 825
198 1050
198 41
198 1229
198 701
198 809
198 19
198 448
198 837
198 782
198 190
198 1191
198 749
198 1381
198 286
198 1300
198 1120
198 68
198 1020
198 882
198 1310
198 23
198 625
198 1245
198 1320
198 616
198 164
198 933
198 793
198 1035
198 818
198 1107
198 1056
198 593
198 858
198 820
198 316
198 658
198 349
198 425
198 669
198 84
198 1331
198 519
198 1362
198 1215
198 863
198 34
198 647
198 794
198 1039
198 870
198 954
198 1327
198 990
198 566
198 1343
198 107
198 494
198 277
198 521
198 30
198 712
198 514
198 149
198 2
198 1063
198 262
198 172
198 1365
198 95
198 239
198 33
198 670
198 961
198 1391
198 146
198 1163
198 452
198 297
198 592
198 799
198 1032
198 1336
198 1153
198 609
198 125
198 105
198 710
198 47
198 541
198 403
198 584
198 444
198 948
198 69
198 1130
198 174
198 306
198 1235
198 431
198 901
198 545
198 1341
198 185
198 638
198 1358
198 666
198 728
198 550
198 565
198 771
198 124
198 733
198 131
198 1019
198 623
198 1209
198 1176
198 538
198 569
198 1248
198 304
198 542
198 788
198 530
198 686
198 152
198 552
198 753
198 1357
198 518
198 1149
198 443
198 413
198 612
198 1230
198 975
198 513
198 476
198 950
198 1274
198 946
198 972
198 79
198 1272
198 53
198 1249
198 140
198 973
198 1064
198 1240
198 1138
198 48
198 864
198 245
198 1198
198 155
198 1134
198 1187
198 674
198 43
198 1276
198 1014
198 938
198 803
198 428
198 992
198 63
198 943
198 1252
198 1355
198 1205
198 144
198 453
198 1057
198 320
198 1139
198 1137
198 1021
198 329
198 547
198 786
198 574
198 1196
198 168
198 222
198 1028
198 94
198 406
198 819
198 1292
198 784
198 1332
198 397
198 272
198 270
198 573
198 478
198 1218
198 1192
198 303
198 10
198 1279
198 1376
198 874
198 1372
198 385
198 1371
198 966
198 1074
198 1009
198 1018
198 1273
198 294
198 575
198 123
198 626
198 200
198 1201
198 1105
198 620
198 401
198 1116
198 25
198 1287
198 693
198 39
198 450
198 324
198 198
198 880
198 479
198 390
198 1267
198 1297
198 618
198 1097
198 344
198 1338
198 506
198 326
198 775
198 308
198 1165
198 632
198 627
198 692
198 734
198 1088
198 1169
198 869
198 7
198 773
198 979
198 833
198 1255
198 1382
198 690
198 1370
198 330
198 645
198 927
198 918
198 166
198 1309
198 310
198 580
198 407
198 1247
198 511
198 481
198 1298
198 295
198 255
198 80
198 58
198 1154
198 42
198 678
198 865
198 1162
198 981
198 1075
198 985
198 1375
198 205
198 17
198 1076
198 1185
198 92
198 704
198 234
198 322
198 529
198 546
198 12
198 656
198 416
198 147
198 1202
198 671
198 1016
198 610
198 421
198 1144
198 1299
198 197
198 811
198 721
198 1092
198 1142
198 387
198 570
198 778
198 697
198 44
198 9
198 475
198 1302
198 1167
198 796
198 561
198 288
198 1095
198 49
198 82
198 767
198 629
198 375
198 917
198 650
198 377
198 661
198 362
198 1238
198 1337
198 1254
198 1289
198 129
198 614
198 1259
198 783
198 484
198 258
198 213
198 989
198 395
198 119
198 636
198 290
198 409
198 298
198 493
198 201
198 1079
198 59
198 1094
198 1227
198 611
198 651
198 505
198 327
198 331
198 1313
198 193
198 1296
198 942
198 210
198 1115
198 361
198 284
198 414
198 663
198 1083
198 772
198 758
198 37
198 337
198 14
198 1281
198 128
198 307
198 968
198 688
198 24
198 1225
198 151
198 1093
198 503
198 810
198 509
198 923
198 994
198 1100
198 562
198 520
198 680
198 208
198 646
198 261
198 540
198 236
198 445
198 73
198 292
198 342
198 1136
198 622
198 1222
198 353
198 1184
198 417
198 1356
198 714
198 807
198 608
198 759
198 517
198 781
198 314
198 1212
198 240
198 1221
198 199
198 40
198 527
198 967
198 557
198 490
198 1322
198 1190
198 299
198 267
198 371
198 905
198 1368
198 1369
198 319
198 997
198 899
198 169
198 1223
198 1232
198 1158
198 367
198 143
198 1269
198 762
198 404
198 1085
198 81
198 442
198 497
198 689
198 1284
198 496
198 477
198 556
198 1025
198 1377
198 1024
198 380
198 1096
198 1350
198 202
198 702
198 345
198 21
198 4
198 134
198 462
198 256
198 356
198 624
198 1348
198 1390
198 1111
198 694
198 231
198 1363
198 913
198 321
198 746
198 872
198 790
198 1004
198 875
198 1213
198 516
198 1352
198 472
198 78
198 274
198 1161
198 1089
198 664
198 1262
198 695
198 242
198 715
198 806
198 22
198 959
198 464
198 1210
198 1233
198 873
198 1271
198 576
198 57
198 1367
198 27
198 1047
198 1383
198 359
198 115
198 332
198 988
198 944
198 1069
198 860
198 1204
198 54
198 585
198 1361
198 640
198 1275
198 1188
198 1265
198 1324
198 1166
198 909
198 590
198 340
198 1286
198 275
198 598
198 564
198 300
198 102
198 325
198 74
198 1244
198 559
198 682
198 156
198 1098
198 711
198 599
198 1386
198 1384
198 437
198 718
198 410
198 892
198 18
198 86
198 1349
198 534
198 983
198 836
198 1062
198 364
198 1181
198 747
198 1330
198 698
198 1099
198 597
198 196
198 1339
198 986
198 374
198 1395
198 282
198 176
198 737
198 427
198 355
198 150
198 1199
198 1315
198 132
198 649
198 916
198 366
198 1268
198 1008
198 896
198 1307
198 365
198 434
198 62
198 849
198 941
198 1393
198 643
198 135
198 347
198 218
198 99
198 283
198 1335
198 449
198 814
198 120
198 260
198 1159
198 535
198 1243
198 145
198 657
198 667
198 217
198 780
198 89
198 101
198 466
198 615
198 815
198 328
198 85
198 141
198 543
198 568
198 1180
198 939
198 296
198 55
198 233
198 1194
198 1164
198 163
198 87
198 1291
198 488
198 32
198 318
198 61
198 1237
198 604
198 139
198 249
198 1147
198 1001
198 341
198 117
198 381
198 293
198 269
198 528
198 458
198 1316
198 1323
198 1179
198 548
198 1110
198 914
198 1109
198 212
198 606
198 447
198 613
198 536
198 60
198 731
198 602
198 287
198 1077
198 653
198 157
198 800
198 998
198 489
198 805
198 1261
198 845
198 1242
198 459
198 52
198 754
198 595
198 1246
198 1217
198 432
198 346
198 531
198 171
198 1128
198 679
198 184
198 435
198 186
198 216
198 677
198 338
198 867
198 259
198 1282
198 912
198 1346
198 1295
198 713
198 160
198 1250
198 373
198 553
198 1002
198 220
198 919
198 1207
198 974
198 1366
198 1226
198 114
198 964
198 1373
198 999
198 51
198 729
198 1326
198 1264
198 1156
198 1220
198 276
198 66
198 628
198 230
198 560
198 717
198 1203
198 229
198 996
198 219
198 1342
198 1380
198 1351
198 660
198 1277
198 100
198 209
198 1321
198 110
198 962
198 588
198 1239
198 165
198 976
198 83
198 244
198 1073
198 920
198 1155
198 1389
198 1397
198 922
198 1388
198 921
198 1160
198 175
198 177
198 1280
198 1168
198 1170
198 178
198 20
198 180
198 181
198 1385
198 1216
198 28
198 167
198 1182
198 1219
198 1266
198 1270
198 949
198 153
198 1143
198 154
198 947
198 945
198 158
198 1278
198 159
198 1148
198 161
198 1150
198 162
198 940
198 1151
198 1152
198 183
198 1283
198 148
198 214
198 207
198 877
198 1193
198 1195
198 871
198 1197
198 868
198 1200
198 215
198 879
198 1206
198 1301
198 6
198 5
198 861
198 3
198 1208
198 221
198 206
198 883
198 1183
198 903
198 16
198 911
198 910
198 908
198 904
198 1186
198 1189
198 192
198 194
198 203
198 1285
198 895
198 1288
198 893
198 1290
198 1293
198 13
198 884
198 958
198 960
198 75
198 103
198 97
198 65
198 98
198 1258
198 64
198 1260
198 1081
198 1084
198 1086
198 1257
198 104
198 1087
198 1090
198 106
198 1011
198 108
198 109
198 1101
198 1033
198 1256
198 223
198 1078
198 76
198 77
198 1072
198 1236
198 72
198 71
198 1065
198 70
198 1080
198 93
198 1049
198 1046
198 1045
198 88
198 67
198 90
198 91
198 1253
198 111
198 112
198 1394
198 1114
198 980
198 46
198 978
198 45
198 977
198 136
198 137
198 138
198 1231
198 984
198 970
198 969
198 1124
198 965
198 1140
198 38
198 1141
198 963
198 982
198 130
198 56
198 1005
198 113
198 1102
198 1010
198 116
198 1007
198 118
198 1103
198 1006
198 1003
198 987
198 1234
198 1000
198 50
198 1108
198 1112
198 126
198 1113
198 995
198 1303
198 487
198 1379
198 607
198 630
198 391
198 393
198 394
198 621
198 396
198 619
198 398
198 399
198 617
198 402
198 605
198 388
198 405
198 596
198 408
198 411
198 591
198 589
198 415
198 587
198 586
198 418
198 583
198 389
198 631
198 581
198 372
198 358
198 1345
198 360
198 668
198 665
198 659
198 654
198 368
198 369
198 370
198 652
198 648
198 386
198 1347
198 376
198 641
198 378
198 379
198 639
198 637
198 382
198 383
198 384
198 635
198 582
198 423
198 225
198 501
198 461
198 510
198 463
198 507
198 504
198 502
198 467
198 468
198 469
198 470
198 471
198 473
198 515
198 474
198 500
198 499
198 498
198 495
198 492
198 480
198 491
198 482
198 483
198 485
198 460
198 457
198 579
198 554
198 578
198 426
198 577
198 567
198 429
198 430
198 563
198 558
198 436
198 555
198 438
198 1353
198 523
198 549
198 1354
198 539
198 537
198 446
198 533
198 532
198 451
198 525
198 524
198 455
198 357
198 676
198 354
198 271
198 257
198 821
198 817
198 816
198 813
198 264
198 812
198 266
198 808
198 268
198 804
198 802
198 832
198 273
198 801
198 1325
198 278
198 1374
198 281
198 795
198 791
198 789
198 285
198 787
198 1318
198 834
198 352
198 1308
198 226
198 1378
198 228
198 855
198 232
198 1304
198 1305
198 235
198 1306
198 237
198 238
198 241
198 253
198 1312
198 243
198 486
198 842
198 246
198 247
198 248
198 840
198 250
198 1314
198 835
198 785
198 289
198 779
198 703
198 722
198 720
198 719
198 716
198 709
198 708
198 706
198 333
198 705
198 335
198 336
198 339
198 777
198 1344
198 699
198 696
198 343
198 691
198 687
198 684
198 348
198 681
198 350
198 351
198 323
198 723
198 724
198 725
198 776
198 774
198 770
198 768
198 1328
198 1329
198 1333
198 756
198 301
198 302
198 755
198 305
198 752
198 750
198 748
198 309
198 745
198 1340
198 312
198 313
198 738
198 730
198 726
198 700
