199 930
199 1070
199 931
199 739
199 1058
199 744
199 1055
199 1294
199 1362
199 898
199 1059
199 833
199 769
199 935
199 1044
199 269
199 19
199 926
199 852
199 232
199 514
199 515
199 1091
199 777
199 1053
199 938
199 1361
199 1131
199 827
199 934
199 683
199 485
199 863
199 831
199 680
199 470
199 1054
199 928
199 1231
199 1071
199 830
199 1118
199 1117
199 1024
199 451
199 743
199 1051
199 1034
199 1052
199 828
199 707
199 936
199 136
199 457
199 122
199 826
199 1107
199 764
199 847
199 1262
199 633
199 1068
199 937
199 5
199 1181
199 533
199 1067
199 851
199 428
199 886
199 92
199 848
199 1126
199 390
199 168
199 1309
199 962
199 915
199 890
199 887
199 688
199 423
199 802
199 765
199 1295
199 520
199 730
199 1129
199 638
199 189
199 1001
199 446
199 894
199 52
199 596
199 1094
199 454
199 953
199 822
199 1048
199 951
199 1137
199 1174
199 956
199 763
199 627
199 1360
199 337
199 916
199 130
199 266
199 786
199 967
199 448
199 682
199 1062
199 1064
199 957
199 1138
199 379
199 829
199 626
199 1041
199 488
199 947
199 317
199 169
199 1225
199 1154
199 194
199 509
199 1095
199 1013
199 1043
199 586
199 761
199 482
199 166
199 565
199 513
199 1172
199 47
199 1075
199 124
199 1371
199 112
199 897
199 624
199 117
199 299
199 298
199 657
199 722
199 889
199 841
199 740
199 1208
199 1368
199 823
199 351
199 1033
199 593
199 369
199 1074
199 1171
199 1098
199 673
199 1326
199 929
199 791
199 1116
199 981
199 181
199 1036
199 401
199 653
199 469
199 1265
199 815
199 527
199 1135
199 1307
199 843
199 1281
199 885
199 396
199 407
199 521
199 1310
199 1042
199 601
199 85
199 1343
199 1234
199 408
199 109
199 674
199 1056
199 978
199 854
199 741
199 1221
199 1134
199 1375
199 1123
199 508
199 803
199 44
199 884
199 816
199 1183
199 1038
199 338
199 241
199 425
199 922
199 81
199 955
199 354
199 575
199 605
199 853
199 1272
199 530
199 785
199 229
199 202
199 474
199 435
199 920
199 116
199 1127
199 525
199 486
199 531
199 420
199 641
199 198
199 357
199 1188
199 561
199 942
199 289
199 600
199 842
199 411
199 341
199 119
199 736
199 1363
199 1124
199 475
199 484
199 742
199 603
199 371
199 1329
199 993
199 1305
199 296
199 208
199 249
199 248
199 1015
199 1000
199 450
199 1114
199 1276
199 866
199 427
199 479
199 1130
199 1125
199 999
199 792
199 391
199 946
199 522
199 1328
199 93
199 709
199 647
199 339
199 69
199 1222
199 247
199 631
199 277
199 95
199 1089
199 1206
199 270
199 282
199 544
199 167
199 944
199 196
199 1073
199 160
199 1182
199 231
199 421
199 1322
199 1333
199 228
199 644
199 825
199 61
199 389
199 924
199 1050
199 1112
199 1194
199 164
199 642
199 838
199 120
199 347
199 569
199 1248
199 1297
199 1170
199 149
199 42
199 278
199 756
199 46
199 666
199 443
199 1105
199 985
199 690
199 186
199 850
199 467
199 607
199 373
199 1029
199 708
199 1025
199 948
199 66
199 367
199 1324
199 1342
199 760
199 365
199 1266
199 133
199 1204
199 1076
199 433
199 53
199 824
199 1352
199 1119
199 731
199 399
199 14
199 1349
199 473
199 1100
199 349
199 33
199 846
199 1133
199 175
199 1037
199 388
199 211
199 796
199 163
199 623
199 132
199 1187
199 821
199 51
199 1141
199 1040
199 661
199 648
199 1304
199 110
199 432
199 174
199 1236
199 1263
199 422
199 1179
199 954
199 28
199 1396
199 434
199 1198
199 180
199 37
199 719
199 1122
199 808
199 140
199 1145
199 1370
199 1246
199 1383
199 556
199 1232
199 563
199 262
199 267
199 456
199 1061
199 1012
199 387
199 331
199 251
199 213
199 1293
199 224
199 279
199 609
199 329
199 25
199 512
199 1219
199 992
199 1364
199 1108
199 366
199 1132
199 417
199 952
199 147
199 193
199 734
199 1256
199 1253
199 1201
199 940
199 239
199 178
199 542
199 1230
199 372
199 675
199 362
199 1175
199 1332
199 1006
199 1300
199 752
199 324
199 681
199 449
199 1046
199 518
199 128
199 1334
199 1173
199 699
199 441
199 191
199 576
199 1249
199 225
199 159
199 1244
199 1210
199 1274
199 584
199 685
199 310
199 811
199 111
199 1159
199 1260
199 359
199 468
199 94
199 1319
199 780
199 1377
199 620
199 1027
199 677
199 572
199 1057
199 465
199 316
199 1321
199 123
199 334
199 656
199 436
199 587
199 256
199 356
199 364
199 659
199 547
199 15
199 104
199 628
199 87
199 585
199 1359
199 905
199 1392
199 541
199 496
199 737
199 516
199 1239
199 907
199 809
199 839
199 1330
199 294
199 272
199 545
199 440
199 891
199 546
199 901
199 217
199 789
199 945
199 1261
199 27
199 403
199 402
199 1161
199 138
199 976
199 1257
199 244
199 30
199 630
199 500
199 606
199 447
199 991
199 1331
199 22
199 813
199 151
199 463
199 1104
199 302
199 665
199 1005
199 1327
199 127
199 8
199 988
199 1296
199 234
199 1351
199 1270
199 1301
199 1032
199 1238
199 216
199 528
199 415
199 290
199 580
199 83
199 1365
199 158
199 1177
199 297
199 844
199 1223
199 1151
199 971
199 162
199 1273
199 419
199 911
199 1066
199 353
199 184
199 410
199 893
199 462
199 979
199 725
199 697
199 1291
199 921
199 974
199 872
199 13
199 88
199 713
199 377
199 970
199 589
199 190
199 1255
199 1320
199 982
199 1207
199 40
199 115
199 1190
199 787
199 1341
199 798
199 314
199 1093
199 679
199 523
199 12
199 804
199 197
199 1039
199 370
199 134
199 79
199 754
199 943
199 783
199 1338
199 571
199 300
199 781
199 812
199 717
199 395
199 1303
199 990
199 20
199 773
199 212
199 511
199 58
199 689
199 540
199 1247
199 1088
199 635
199 784
199 56
199 997
199 1205
199 29
199 560
199 1115
199 1213
199 1290
199 34
199 220
199 964
199 801
199 856
199 464
199 188
199 1336
199 453
199 253
199 70
199 476
199 1280
199 1184
199 667
199 131
199 874
199 1264
199 255
199 179
199 1136
199 917
199 1380
199 62
199 206
199 276
199 381
199 146
199 187
199 1169
199 76
199 966
199 177
199 987
199 73
199 325
199 710
199 97
199 59
199 157
199 548
199 1224
199 96
199 908
199 788
199 101
199 1292
199 799
199 845
199 1242
199 712
199 595
199 766
199 989
199 172
199 1035
199 1268
199 100
199 499
199 1356
199 274
199 837
199 1047
199 210
199 1072
199 82
199 859
199 165
199 986
199 1144
199 1147
199 315
199 721
199 1313
199 102
199 121
199 125
199 99
199 108
199 98
199 126
199 139
199 412
199 413
199 414
199 397
199 398
199 118
199 107
199 394
199 129
199 406
199 405
199 416
199 135
199 404
199 393
199 113
199 103
199 409
199 114
199 400
199 106
199 392
199 105
199 137
199 295
199 72
199 91
199 24
199 45
199 43
199 41
199 39
199 38
199 442
199 36
199 35
199 444
199 445
199 32
199 31
199 26
199 23
199 90
199 21
199 18
199 17
199 16
199 11
199 10
199 9
199 7
199 6
199 4
199 452
199 3
199 2
199 48
199 439
199 438
199 437
199 89
199 418
199 86
199 84
199 80
199 78
199 77
199 75
199 74
199 142
199 71
199 68
199 67
199 65
199 64
199 63
199 424
199 426
199 60
199 429
199 430
199 431
199 57
199 55
199 54
199 50
199 49
199 141
199 380
199 143
199 257
199 265
199 264
199 326
199 327
199 328
199 263
199 330
199 261
199 260
199 259
199 258
199 332
199 333
199 254
199 144
199 252
199 335
199 250
199 246
199 245
199 336
199 243
199 242
199 340
199 240
199 238
199 237
199 342
199 268
199 323
199 322
199 321
199 301
199 292
199 291
199 288
199 303
199 304
199 287
199 286
199 305
199 306
199 307
199 308
199 285
199 309
199 284
199 283
199 311
199 281
199 312
199 280
199 313
199 275
199 273
199 271
199 318
199 319
199 320
199 343
199 236
199 344
199 192
199 185
199 183
199 368
199 182
199 176
199 173
199 374
199 375
199 171
199 170
199 376
199 161
199 378
199 293
199 156
199 155
199 382
199 383
199 384
199 154
199 385
199 153
199 152
199 150
199 148
199 386
199 145
199 363
199 195
199 235
199 199
199 345
199 233
199 230
199 346
199 227
199 226
199 348
199 223
199 350
199 222
199 221
199 352
199 219
199 218
199 215
199 214
199 355
199 209
199 207
199 358
199 205
199 204
199 360
199 203
199 201
199 361
199 200
199 1400
199 700
199 455
199 1028
199 1102
199 1101
199 1099
199 1097
199 1096
199 1092
199 1090
199 1087
199 1086
199 1085
199 1084
199 1083
199 1082
199 1081
199 1080
199 1079
199 1078
199 1077
199 1069
199 1065
199 1063
199 1060
199 1049
199 1045
199 1031
199 1103
199 1106
199 1109
199 1150
199 1165
199 1164
199 1163
199 1162
199 1160
199 1158
199 1157
199 1156
199 1155
199 1153
199 1152
199 1149
199 1110
199 1148
199 1146
199 1143
199 1142
199 1140
199 1139
199 1128
199 1121
199 1120
199 1113
199 1111
199 1030
199 1026
199 902
199 1023
199 968
199 965
199 963
199 961
199 960
199 959
199 958
199 950
199 949
199 941
199 939
199 933
199 932
199 927
199 925
199 923
199 919
199 918
199 914
199 913
199 912
199 910
199 909
199 906
199 904
199 969
199 972
199 973
199 1008
199 1022
199 1021
199 1020
199 1019
199 1018
199 1017
199 1016
199 1014
199 1011
199 1010
199 1009
199 1007
199 975
199 1004
199 1003
199 1002
199 998
199 996
199 995
199 994
199 984
199 983
199 980
199 977
199 1166
199 1167
199 1168
199 1176
199 1353
199 1350
199 1348
199 1347
199 1346
199 1345
199 1344
199 1340
199 1339
199 1337
199 1335
199 1325
199 1323
199 1318
199 1317
199 1316
199 1315
199 1314
199 1312
199 1311
199 1308
199 1306
199 1302
199 1299
199 1298
199 1354
199 1355
199 1357
199 1385
199 1398
199 1397
199 1395
199 1394
199 1393
199 1391
199 1390
199 1389
199 1388
199 1387
199 1386
199 1384
199 1358
199 1382
199 1381
199 1379
199 1378
199 1376
199 1374
199 1373
199 1372
199 1369
199 1367
199 1366
199 1289
199 1288
199 1287
199 1200
199 1220
199 1218
199 1217
199 1216
199 1215
199 1214
199 1212
199 1211
199 1209
199 1203
199 1202
199 1199
199 1227
199 1197
199 1196
199 1195
199 1193
199 1192
199 1191
199 1189
199 1186
199 1185
199 1180
199 1178
199 1226
199 1228
199 1286
199 1259
199 1285
199 1284
199 1283
199 1282
199 1279
199 1278
199 1277
199 1275
199 1271
199 1269
199 1267
199 1258
199 1229
199 1254
199 1252
199 1251
199 1250
199 1245
199 1243
199 1241
199 1240
199 1237
199 1235
199 1233
199 903
199 900
199 458
199 567
199 614
199 613
199 612
199 611
199 610
199 608
199 604
199 602
199 599
199 598
199 597
199 594
199 592
199 591
199 590
199 588
199 583
199 582
199 581
199 579
199 578
199 577
199 574
199 573
199 570
199 615
199 616
199 617
199 645
199 663
199 662
199 660
199 658
199 655
199 654
199 652
199 651
199 650
199 649
199 646
199 643
199 618
199 640
199 639
199 637
199 636
199 634
199 632
199 629
199 625
199 622
199 621
199 619
199 568
199 566
199 899
199 564
199 504
199 503
199 502
199 501
199 498
199 497
199 495
199 494
199 493
199 492
199 491
199 490
199 489
199 487
199 483
199 481
199 480
199 478
199 477
199 472
199 471
199 466
199 461
199 460
199 459
199 505
199 506
199 507
199 543
199 562
199 559
199 558
199 557
199 555
199 554
199 553
199 552
199 551
199 550
199 549
199 539
199 510
199 538
199 537
199 536
199 535
199 534
199 532
199 529
199 526
199 524
199 519
199 517
199 664
199 668
199 669
199 670
199 840
199 836
199 835
199 834
199 832
199 820
199 819
199 818
199 817
199 814
199 810
199 807
199 806
199 805
199 800
199 797
199 795
199 794
199 793
199 790
199 782
199 779
199 778
199 776
199 775
199 849
199 855
199 857
199 876
199 896
199 895
199 892
199 888
199 883
199 882
199 881
199 880
199 879
199 878
199 877
199 875
199 858
199 873
199 871
199 870
199 869
199 868
199 867
199 865
199 864
199 862
199 861
199 860
199 774
199 772
199 771
199 696
199 715
199 714
199 711
199 706
199 705
199 704
199 703
199 702
199 701
199 1399
199 698
199 695
199 718
199 694
199 693
199 692
199 691
199 687
199 686
199 684
199 678
199 676
199 672
199 671
199 716
199 720
199 770
199 748
199 768
199 767
199 762
199 759
199 758
199 757
199 755
199 753
199 751
199 750
199 749
199 747
199 723
199 746
199 745
199 738
199 735
199 733
199 732
199 729
199 728
199 727
199 726
199 724
199 1
