20 500
20 268
20 88
20 407
20 87
20 270
20 450
20 584
20 408
20 963
20 396
20 267
20 269
20 190
20 873
20 120
20 625
20 607
20 300
20 1371
20 26
20 1106
20 571
20 1222
20 84
20 966
20 104
20 970
20 44
20 666
20 993
20 375
20 265
20 458
20 112
20 1273
20 416
20 29
20 981
20 342
20 1154
20 1194
20 872
20 1181
20 123
20 1348
20 655
20 22
20 1159
20 63
20 322
20 1328
20 348
20 490
20 339
20 159
20 456
20 37
20 114
20 912
20 1393
20 158
20 135
20 1368
20 1073
20 1184
20 1315
20 1149
20 334
20 445
20 1391
20 439
20 1288
20 550
20 636
20 1375
20 603
20 773
20 661
20 902
20 102
20 485
20 166
20 421
20 696
20 1008
20 707
20 572
20 1158
20 1282
20 1066
20 973
20 497
20 975
20 193
20 171
20 95
20 1153
20 554
20 757
20 45
20 569
20 452
20 662
20 395
20 91
20 363
20 366
20 183
20 477
20 379
20 542
20 236
20 333
20 860
20 1355
20 115
20 1344
20 1364
20 142
20 624
20 89
20 372
20 398
20 388
20 781
20 295
20 132
20 303
20 332
20 509
20 1097
20 694
20 472
20 1319
20 296
20 1268
20 909
20 697
20 387
20 566
20 148
20 1003
20 758
20 1093
20 1254
20 1281
20 85
20 1274
20 51
20 1247
20 77
20 1
20 144
20 329
20 467
20 659
20 1280
20 498
20 325
20 406
20 493
20 579
20 994
20 552
20 49
20 358
20 775
20 1179
20 1207
20 1200
20 94
20 11
20 689
20 1139
20 145
20 979
20 991
20 657
20 1187
20 798
20 305
20 721
20 626
20 105
20 1209
20 583
20 1107
20 54
20 131
20 1239
20 1203
20 877
20 581
20 604
20 990
20 73
20 1235
20 365
20 585
20 1009
20 917
20 944
20 1040
20 187
20 299
20 1332
20 5
20 901
20 1224
20 34
20 304
20 646
20 668
20 606
20 1279
20 1155
20 660
20 940
20 1349
20 861
20 1226
20 843
20 564
20 174
20 314
20 980
20 319
20 968
20 1218
20 311
20 522
20 121
20 1133
20 526
20 196
20 1360
20 283
20 653
20 982
20 1111
20 1395
20 6
20 240
20 635
20 25
20 889
20 1275
20 1204
20 1109
20 262
20 36
20 925
20 64
20 353
20 541
20 98
20 972
20 576
20 504
20 864
20 119
20 1297
20 1238
20 181
20 435
20 277
20 59
20 466
20 263
20 1307
20 1210
20 65
20 310
20 328
20 424
20 486
20 774
20 1173
20 294
20 1143
20 128
20 1250
20 1294
20 599
20 1263
20 198
20 356
20 50
20 1264
20 378
20 71
20 1261
20 92
20 344
20 1322
20 352
20 611
20 1216
20 1245
20 282
20 491
20 540
20 519
20 1366
20 734
20 1002
20 974
20 1381
20 514
20 350
20 1083
20 1242
20 62
20 415
20 959
20 992
20 1289
20 1217
20 953
20 315
20 234
20 704
20 179
20 927
20 220
20 633
20 651
20 1386
20 1105
20 349
20 1213
20 160
20 459
20 1068
20 539
20 675
20 525
20 23
20 21
20 837
20 508
20 286
20 431
20 208
20 667
20 1177
20 27
20 1192
20 725
20 306
20 370
20 2
20 1161
20 530
20 154
20 1276
20 506
20 1215
20 658
20 169
20 546
20 20
20 1163
20 57
20 1262
20 256
20 1076
20 391
20 367
20 402
20 997
20 33
20 983
20 754
20 1092
20 373
20 1059
20 516
20 865
20 122
20 793
20 663
20 66
20 188
20 97
20 555
20 453
20 221
20 545
20 56
20 690
20 1119
20 900
20 523
20 797
20 1370
20 645
20 804
20 1201
20 1394
20 199
20 1006
20 410
20 39
20 422
20 10
20 722
20 943
20 832
20 672
20 1335
20 815
20 481
20 623
20 14
20 134
20 483
20 1295
20 952
20 849
20 683
20 214
20 601
20 399
20 1110
20 81
20 364
20 789
20 298
20 347
20 537
20 574
20 582
20 1267
20 728
20 794
20 1134
20 1300
20 243
20 494
20 335
20 1124
20 1334
20 521
20 767
20 433
20 1157
20 480
20 48
20 1373
20 1151
20 149
20 1244
20 897
20 965
20 702
20 354
20 205
20 412
20 1129
20 803
20 710
20 1257
20 161
20 610
20 911
20 784
20 167
20 440
20 280
20 556
20 1198
20 227
20 1311
20 575
20 693
20 1241
20 629
20 80
20 1379
20 1392
20 1324
20 172
20 1219
20 527
20 55
20 643
20 212
20 916
20 593
20 892
20 137
20 107
20 799
20 213
20 890
20 1032
20 596
20 146
20 1236
20 692
20 987
20 932
20 1098
20 538
20 82
20 1010
20 244
20 934
20 403
20 72
20 316
20 562
20 1232
20 1065
20 109
20 1162
20 61
20 717
20 254
20 1004
20 1166
20 680
20 164
20 1255
20 559
20 989
20 1144
20 535
20 129
20 1292
20 647
20 1191
20 1377
20 217
20 13
20 383
20 1251
20 899
20 209
20 462
20 669
20 818
20 718
20 79
20 1116
20 1064
20 74
20 216
20 933
20 1354
20 18
20 1283
20 1305
20 883
20 984
20 608
20 1220
20 1104
20 317
20 3
20 191
20 287
20 78
20 706
20 1206
20 736
20 549
20 274
20 24
20 524
20 942
20 637
20 99
20 592
20 1301
20 1304
20 859
20 100
20 1052
20 695
20 1007
20 1266
20 1193
20 1302
20 1356
20 962
20 1225
20 771
20 163
20 1165
20 182
20 503
20 343
20 587
20 401
20 967
20 1164
20 438
20 806
20 1310
20 140
20 291
20 47
20 1005
20 650
20 856
20 602
20 28
20 518
20 1361
20 971
20 473
20 133
20 470
20 465
20 876
20 644
20 150
20 1326
20 260
20 907
20 947
20 1246
20 17
20 1043
20 248
20 173
20 377
20 231
20 1287
20 70
20 772
20 42
20 756
20 495
20 76
20 1160
20 701
20 978
20 320
20 888
20 560
20 484
20 68
20 1090
20 176
20 177
20 681
20 60
20 1390
20 802
20 501
20 800
20 740
20 207
20 1047
20 1258
20 7
20 1233
20 417
20 371
20 447
20 570
20 1230
20 197
20 225
20 1027
20 1084
20 1227
20 266
20 478
20 86
20 670
20 1147
20 341
20 674
20 242
20 785
20 988
20 851
20 1061
20 812
20 614
20 141
20 1240
20 488
20 155
20 930
20 1248
20 414
20 1178
20 460
20 565
20 1081
20 1136
20 742
20 1259
20 1024
20 436
20 1099
20 116
20 351
20 463
20 393
20 941
20 404
20 595
20 1260
20 1269
20 479
20 30
20 1085
20 1180
20 597
20 713
20 1362
20 726
20 1108
20 1185
20 434
20 4
20 703
20 874
20 428
20 573
20 474
20 1130
20 229
20 455
20 444
20 1309
20 1318
20 814
20 423
20 1265
20 561
20 826
20 567
20 185
20 615
20 1313
20 126
20 790
20 656
20 682
20 101
20 307
20 1325
20 780
20 476
20 487
20 996
20 664
20 454
20 374
20 805
20 1296
20 255
20 960
20 580
20 946
20 448
20 511
20 620
20 688
20 1197
20 738
20 238
20 808
20 553
20 586
20 290
20 786
20 547
20 809
20 691
20 986
20 118
20 605
20 551
20 998
20 246
20 210
20 1252
20 249
20 869
20 894
20 125
20 1011
20 1082
20 413
20 1115
20 1350
20 178
20 919
20 613
20 1030
20 386
20 1080
20 41
20 195
20 457
20 1211
20 976
20 202
20 19
20 848
20 801
20 16
20 1132
20 222
20 1351
20 733
20 1096
20 326
20 394
20 301
20 425
20 1182
20 275
20 385
20 1330
20 1195
20 628
20 302
20 201
20 389
20 278
20 534
20 489
20 468
20 1100
20 507
20 1228
20 1333
20 1293
20 673
20 950
20 180
20 381
20 634
20 649
20 1339
20 715
20 318
20 724
20 665
20 822
20 313
20 910
20 430
20 1253
20 257
20 1128
20 731
20 194
20 273
20 929
20 309
20 1140
20 751
20 1169
20 594
20 1278
20 247
20 1072
20 985
20 505
20 839
20 1385
20 418
20 362
20 529
20 1249
20 1346
20 588
20 1142
20 1367
20 1353
20 766
20 577
20 1039
20 382
20 727
20 1387
20 908
20 589
20 151
20 1138
20 1336
20 1256
20 676
20 782
20 147
20 949
20 1383
20 288
20 921
20 106
20 376
20 1378
20 618
20 437
20 427
20 1189
20 825
20 652
20 1338
20 850
20 857
20 324
20 590
20 340
20 442
20 206
20 219
20 152
20 1320
20 258
20 779
20 218
20 1171
20 117
20 886
20 420
20 764
20 885
20 1212
20 712
20 1369
20 38
20 811
20 1323
20 827
20 110
20 143
20 360
20 833
20 920
20 622
20 557
20 1343
20 1150
20 951
20 823
20 232
20 1118
20 130
20 737
20 228
20 124
20 211
20 1234
20 1038
20 308
20 1229
20 469
20 1331
20 517
20 1103
20 189
20 544
20 732
20 157
20 792
20 612
20 321
20 617
20 1145
20 297
20 1148
20 449
20 1272
20 1196
20 1056
20 1054
20 783
20 531
20 807
20 1388
20 905
20 1174
20 165
20 103
20 1183
20 186
20 770
20 548
20 820
20 533
20 1186
20 945
20 90
20 1101
20 922
20 359
20 1078
20 1031
20 1221
20 1316
20 918
20 1277
20 397
20 464
20 1306
20 1020
20 903
20 600
20 15
20 1223
20 1041
20 75
20 1055
20 108
20 795
20 563
20 1074
20 1286
20 685
20 175
20 895
20 616
20 746
20 1321
20 813
20 1121
20 1000
20 1091
20 1077
20 1112
20 1070
20 536
20 621
20 1384
20 12
20 35
20 816
20 1015
20 743
20 1044
20 1117
20 777
20 1190
20 368
20 1012
20 836
20 759
20 956
20 1113
20 1374
20 747
20 245
20 723
20 698
20 913
20 43
20 705
20 787
20 870
20 1014
20 632
20 1345
20 312
20 261
20 338
20 1205
20 203
20 292
20 192
20 241
20 40
20 1270
20 1231
20 906
20 1053
20 1363
20 224
20 58
20 760
20 1141
20 1329
20 711
20 443
20 977
20 687
20 591
20 1057
20 999
20 904
20 9
20 369
20 426
20 323
20 828
20 719
20 1075
20 830
20 1086
20 475
20 357
20 53
20 237
20 729
20 915
20 824
20 32
20 93
20 844
20 924
20 750
20 1347
20 461
20 1352
20 1088
20 914
20 1034
20 1051
20 788
20 327
20 730
20 700
20 846
20 1202
20 361
20 638
20 845
20 168
20 817
20 714
20 578
20 96
20 432
20 499
20 138
20 1095
20 1342
20 939
20 677
20 1137
20 156
20 1365
20 1237
20 1291
20 1035
20 739
20 441
20 528
20 496
20 380
20 1271
20 748
20 69
20 749
20 630
20 627
20 1284
20 52
20 346
20 184
20 272
20 928
20 259
20 204
20 1303
20 1341
20 964
20 699
20 1156
20 170
20 686
20 230
20 1382
20 289
20 252
20 1029
20 1033
20 1058
20 1036
20 1060
20 83
20 1037
20 1045
20 1046
20 1048
20 1049
20 1050
20 1042
20 279
20 1028
20 958
20 923
20 926
20 931
20 935
20 936
20 937
20 113
20 938
20 111
20 948
20 954
20 955
20 957
20 961
20 1026
20 969
20 995
20 1001
20 1013
20 1016
20 1017
20 1063
20 1018
20 1019
20 1021
20 1022
20 1023
20 1025
20 1062
20 1122
20 1067
20 1069
20 1214
20 1243
20 31
20 1285
20 1290
20 1298
20 1299
20 1308
20 1312
20 1314
20 1317
20 1327
20 1337
20 1340
20 1357
20 1358
20 1359
20 1372
20 1376
20 8
20 1380
20 1389
20 1396
20 1397
20 1398
20 1208
20 1199
20 1188
20 1125
20 1071
20 67
20 1079
20 1087
20 1089
20 1094
20 1102
20 1114
20 1120
20 896
20 1123
20 1126
20 1176
20 1127
20 1131
20 1135
20 1146
20 1152
20 46
20 1167
20 1168
20 1170
20 1172
20 1175
20 898
20 139
20 893
20 679
20 235
20 233
20 502
20 510
20 512
20 513
20 515
20 226
20 520
20 223
20 532
20 543
20 558
20 568
20 598
20 609
20 215
20 619
20 631
20 639
20 640
20 641
20 642
20 648
20 654
20 671
20 200
20 492
20 482
20 239
20 384
20 281
20 284
20 285
20 271
20 293
20 330
20 331
20 336
20 337
20 264
20 345
20 355
20 390
20 471
20 392
20 400
20 253
20 251
20 250
20 405
20 409
20 411
20 419
20 429
20 446
20 451
20 678
20 684
20 891
20 1399
20 840
20 153
20 841
20 842
20 847
20 852
20 853
20 854
20 855
20 858
20 862
20 863
20 866
20 276
20 867
20 136
20 868
20 871
20 875
20 878
20 879
20 880
20 881
20 882
20 127
20 884
20 887
20 838
20 835
20 834
20 762
20 708
20 709
20 716
20 720
20 735
20 741
20 744
20 745
20 752
20 753
20 755
20 761
20 763
20 831
20 765
20 768
20 769
20 776
20 778
20 791
20 796
20 810
20 819
20 162
20 821
20 829
20 1400
