200 1071
200 1053
200 885
200 1134
200 887
200 889
200 897
200 322
200 1068
200 843
200 400
200 890
200 760
200 264
200 1043
200 741
200 769
200 1360
200 1138
200 1070
200 54
200 935
200 1137
200 851
200 1037
200 826
200 940
200 1375
200 740
200 1178
200 957
200 1044
200 1172
200 1386
200 1174
200 886
200 953
200 841
200 888
200 31
200 1129
200 1052
200 461
200 1173
200 1146
200 833
200 830
200 1117
200 1133
200 1123
200 128
200 320
200 739
200 765
200 1362
200 828
200 930
200 15
200 822
200 839
200 1136
200 929
200 467
200 763
200 936
200 1177
200 1039
200 742
200 1038
200 831
200 72
200 1126
200 1032
200 743
200 734
200 852
200 1055
200 1219
200 105
200 823
200 540
200 761
200 898
200 928
200 29
200 926
200 1083
200 701
200 980
200 1086
200 1179
200 1329
200 1029
200 581
200 412
200 1034
200 111
200 1131
200 954
200 366
200 497
200 1121
200 937
200 1015
200 1042
200 501
200 932
200 1387
200 854
200 1073
200 990
200 1059
200 730
200 639
200 1175
200 273
200 165
200 1067
200 370
200 744
200 1013
200 702
200 1266
200 827
200 424
200 307
200 381
200 232
200 159
200 1400
200 764
200 1116
200 934
200 848
200 820
200 766
200 767
200 417
200 249
200 1399
200 1145
200 945
200 1012
200 1041
200 150
200 1019
200 951
200 1087
200 248
200 626
200 894
200 1192
200 193
200 1294
200 874
200 50
200 1031
200 1122
200 301
200 55
200 1105
200 785
200 160
200 923
200 1036
200 775
200 1054
200 537
200 1182
200 647
200 920
200 1262
200 1140
200 642
200 473
200 956
200 287
200 864
200 1222
200 237
200 1119
200 1200
200 1009
200 1076
200 580
200 1397
200 435
200 1185
200 819
200 369
200 459
200 931
200 470
200 95
200 1127
200 985
200 938
200 1051
200 1297
200 1384
200 584
200 870
200 13
200 952
200 654
200 817
200 858
200 704
200 622
200 122
200 891
200 428
200 1020
200 1353
200 1027
200 1066
200 281
200 362
200 24
200 1025
200 745
200 847
200 1118
200 1377
200 857
200 915
200 762
200 410
200 365
200 836
200 235
200 862
200 1343
200 206
200 299
200 195
200 329
200 1390
200 784
200 221
200 1207
200 186
200 460
200 1035
200 1240
200 1261
200 671
200 856
200 720
200 1246
200 962
200 34
200 131
200 477
200 546
200 1304
200 60
200 155
200 736
200 314
200 200
200 947
200 644
200 1023
200 592
200 1026
200 978
200 1017
200 664
200 66
200 1058
200 419
200 861
200 814
200 1306
200 91
200 1333
200 927
200 1018
200 1322
200 94
200 1171
200 1289
200 751
200 1022
200 611
200 859
200 475
200 1248
200 1132
200 127
200 1006
200 43
200 523
200 777
200 527
200 310
200 733
200 984
200 118
200 455
200 1273
200 780
200 416
200 557
200 1108
200 825
200 641
200 666
200 93
200 1135
200 433
200 1047
200 318
200 1227
200 1301
200 837
200 1385
200 1050
200 1389
200 1085
200 728
200 1295
200 1373
200 783
200 1120
200 943
200 538
200 1224
200 454
200 466
200 57
200 818
200 655
200 789
200 725
200 1235
200 729
200 1281
200 112
200 321
200 1024
200 234
200 955
200 449
200 1231
200 853
200 532
200 521
200 135
200 1082
200 726
200 1311
200 863
200 676
200 712
200 503
200 56
200 51
200 1184
200 30
200 522
200 336
200 539
200 652
200 811
200 1063
200 1221
200 352
200 364
200 921
200 1310
200 1189
200 49
200 1316
200 325
200 1365
200 579
200 582
200 873
200 663
200 292
200 1392
200 756
200 1396
200 883
200 443
200 802
200 92
200 687
200 803
200 677
200 80
200 479
200 1030
200 1275
200 32
200 498
200 517
200 395
200 337
200 948
200 236
200 1366
200 1130
200 411
200 530
200 277
200 300
200 596
200 1358
200 59
200 451
200 305
200 824
200 1077
200 678
200 1176
200 585
200 1340
200 391
200 633
200 628
200 1318
200 308
200 1357
200 404
200 1254
200 881
200 1048
200 950
200 528
200 397
200 1398
200 494
200 375
200 752
200 1081
200 289
200 356
200 1245
200 247
200 1339
200 423
200 294
200 556
200 916
200 120
200 924
200 551
200 738
200 535
200 145
200 648
200 869
200 1014
200 202
200 1060
200 266
200 217
200 351
200 844
200 33
200 1084
200 463
200 1088
200 223
200 602
200 1260
200 1317
200 977
200 616
200 850
200 1128
200 813
200 47
200 447
200 1021
200 1190
200 1078
200 164
200 658
200 434
200 754
200 398
200 274
200 255
200 425
200 989
200 385
200 1180
200 432
200 227
200 787
200 63
200 1110
200 1361
200 1241
200 963
200 360
200 619
200 961
200 640
200 605
200 685
200 660
200 116
200 101
200 161
200 1215
200 755
200 606
200 492
200 727
200 917
200 342
200 732
200 919
200 462
200 753
200 140
200 781
200 373
200 925
200 244
200 867
200 399
200 36
200 838
200 656
200 367
200 304
200 133
200 313
200 452
200 230
200 196
200 1332
200 909
200 288
200 203
200 1046
200 52
200 98
200 285
200 1147
200 482
200 722
200 509
200 241
200 1367
200 1144
200 1359
200 486
200 575
200 1107
200 877
200 262
200 1372
200 735
200 1153
200 58
200 567
200 485
200 634
200 871
200 603
200 279
200 376
200 1252
200 1188
200 311
200 478
200 283
200 542
200 100
200 97
200 113
200 593
200 1236
200 357
200 238
200 1198
200 786
200 170
200 363
200 1016
200 1336
200 731
200 560
200 1250
200 1320
200 211
200 229
200 798
200 456
200 878
200 1368
200 158
200 1308
200 1225
200 441
200 109
200 70
200 868
200 1194
200 331
200 39
200 597
200 85
200 703
200 458
200 667
200 563
200 1267
200 668
200 1234
200 73
200 349
200 465
200 750
200 884
200 1352
200 37
200 840
200 1000
200 1253
200 986
200 896
200 1293
200 231
200 788
200 1382
200 1080
200 1148
200 790
200 768
200 1079
200 383
200 910
200 662
200 472
200 48
200 681
200 171
200 99
200 284
200 445
200 1388
200 75
200 401
200 770
200 525
200 1233
200 1312
200 1056
200 829
200 88
200 408
200 68
200 422
200 586
200 705
200 315
200 6
200 468
200 545
200 1033
200 543
200 988
200 148
200 151
200 974
200 504
200 771
200 499
200 413
200 493
200 624
200 1125
200 1183
200 1342
200 173
200 665
200 359
200 387
200 1223
200 965
200 448
200 1330
200 659
200 1244
200 1061
200 476
200 809
200 994
200 197
200 1378
200 1163
200 1191
200 154
200 1239
200 293
200 61
200 415
200 348
200 958
200 167
200 1327
200 14
200 1354
200 806
200 1264
200 1338
200 192
200 457
200 748
200 571
200 117
200 35
200 345
200 866
200 474
200 69
200 269
200 496
200 1298
200 613
200 1106
200 390
200 746
200 1109
200 372
200 794
200 368
200 758
200 698
200 12
200 309
200 421
200 1374
200 630
200 846
200 297
200 976
200 710
200 1150
200 1334
200 561
200 1028
200 346
200 792
200 208
200 1197
200 246
200 772
200 374
200 1159
200 1331
200 1103
200 440
200 657
200 354
200 1155
200 257
200 25
200 531
200 259
200 996
200 1325
200 1265
200 207
200 815
200 617
200 1324
200 973
200 669
200 1196
200 526
200 860
200 1346
200 267
200 905
200 1005
200 553
200 719
200 1303
200 971
200 90
200 114
200 201
200 1092
200 1151
200 1257
200 911
200 276
200 967
200 1
200 268
200 108
200 1113
200 334
200 565
200 1003
200 1290
200 1371
200 225
200 187
200 816
200 1065
200 379
200 987
200 907
200 198
200 317
200 682
200 453
200 1380
200 1162
200 84
200 554
200 183
200 845
200 1268
200 511
200 991
200 913
200 541
200 697
200 79
200 1393
200 643
200 439
200 1282
200 782
200 691
200 713
200 1335
200 1199
200 427
200 40
200 1247
200 520
200 1216
200 1255
200 328
200 1300
200 1251
200 1167
200 1383
200 804
200 693
200 801
200 999
200 904
200 661
200 1349
200 1274
200 993
200 1391
200 692
200 1040
200 601
200 1319
200 177
200 564
200 1226
200 625
200 1212
200 123
200 1263
200 599
200 1064
200 78
200 174
200 149
200 82
200 638
200 1164
200 992
200 933
200 1218
200 696
200 1166
200 529
200 576
200 1291
200 132
200 717
200 673
200 721
200 1187
200 1201
200 209
200 205
200 210
200 1186
200 10
200 1202
200 212
200 204
200 1193
200 213
200 1195
200 1351
200 1203
200 199
200 172
200 1211
200 175
200 176
200 178
200 179
200 180
200 181
200 182
200 17
200 16
200 184
200 185
200 1210
200 188
200 1394
200 189
200 190
200 191
200 1209
200 1208
200 215
200 194
200 1206
200 1205
200 1204
200 11
200 214
200 1169
200 216
200 260
200 1149
200 1143
200 1142
200 250
200 251
200 252
200 253
200 254
200 1141
200 256
200 1139
200 258
200 1124
200 261
200 1181
200 1115
200 263
200 1114
200 265
200 1112
200 2
200 1111
200 270
200 271
200 272
200 1104
200 1102
200 275
200 1152
200 245
200 1154
200 243
200 218
200 219
200 9
200 8
200 220
200 1170
200 222
200 169
200 224
200 7
200 226
200 1168
200 1395
200 228
200 1165
200 233
200 5
200 1161
200 1160
200 1158
200 1157
200 4
200 239
200 240
200 3
200 1156
200 242
200 1213
200 153
200 168
200 1292
200 71
200 1302
200 74
200 1299
200 76
200 1369
200 77
200 1370
200 1296
200 81
200 1376
200 83
200 1379
200 86
200 1214
200 28
200 87
200 89
200 27
200 1288
200 1287
200 1286
200 1285
200 1284
200 96
200 1283
200 26
200 1280
200 1305
200 1307
200 1309
200 67
200 41
200 42
200 1355
200 1350
200 1356
200 44
200 45
200 46
200 1348
200 1347
200 1345
200 1344
200 1341
200 1363
200 53
200 1337
200 1364
200 1328
200 1326
200 1323
200 1321
200 1315
200 62
200 1314
200 64
200 65
200 1313
200 1279
200 1278
200 102
200 137
200 139
200 1243
200 20
200 141
200 142
200 143
200 144
200 1242
200 19
200 146
200 147
200 1238
200 18
200 1237
200 1232
200 152
200 38
200 1230
200 1229
200 156
200 157
200 1228
200 1220
200 162
200 163
200 1217
200 166
200 138
200 136
200 103
200 21
200 104
200 1277
200 106
200 107
200 1276
200 110
200 1272
200 1271
200 1270
200 115
200 1269
200 1381
200 119
200 1259
200 121
200 23
200 1258
200 124
200 22
200 125
200 126
200 1256
200 129
200 130
200 1249
200 134
200 1100
200 1101
200 604
200 278
200 488
200 699
200 706
200 707
200 491
200 490
200 489
200 487
200 714
200 708
200 709
200 484
200 483
200 711
200 481
200 495
200 695
200 694
200 500
200 502
200 505
200 506
200 507
200 508
200 690
200 510
200 512
200 513
200 514
200 515
200 516
200 689
200 480
200 715
200 1099
200 800
200 793
200 795
200 796
200 797
200 450
200 799
200 446
200 716
200 444
200 805
200 442
200 807
200 808
200 438
200 791
200 779
200 778
200 776
200 774
200 773
200 759
200 464
200 757
200 749
200 747
200 737
200 469
200 724
200 471
200 723
200 718
200 518
200 519
200 688
200 574
200 618
200 620
200 621
200 623
200 578
200 577
200 573
200 686
200 572
200 627
200 570
200 569
200 568
200 629
200 583
200 615
200 614
200 612
200 587
200 588
200 589
200 590
200 591
200 610
200 609
200 594
200 595
200 608
200 607
200 598
200 600
200 566
200 631
200 562
200 650
200 684
200 524
200 683
200 680
200 679
200 675
200 674
200 533
200 534
200 672
200 536
200 670
200 653
200 651
200 649
200 632
200 544
200 646
200 645
200 547
200 548
200 549
200 550
200 552
200 555
200 637
200 636
200 558
200 559
200 635
200 437
200 436
200 810
200 327
200 335
200 333
200 332
200 997
200 330
200 998
200 326
200 358
200 324
200 323
200 1001
200 1002
200 319
200 1004
200 995
200 338
200 339
200 340
200 341
200 343
200 344
200 347
200 983
200 982
200 350
200 981
200 979
200 353
200 975
200 355
200 972
200 316
200 1007
200 1008
200 1075
200 280
200 1098
200 282
200 1097
200 1096
200 1095
200 286
200 1094
200 1093
200 1091
200 290
200 291
200 1090
200 1089
200 295
200 1010
200 296
200 1074
200 298
200 1072
200 1069
200 302
200 303
200 1062
200 306
200 1057
200 1049
200 1045
200 1011
200 312
200 970
200 969
200 812
200 407
200 876
200 879
200 880
200 882
200 409
200 892
200 406
200 968
200 405
200 893
200 403
200 402
200 895
200 899
200 414
200 875
200 872
200 865
200 418
200 855
200 420
200 849
200 842
200 835
200 834
200 426
200 832
200 429
200 430
200 431
200 821
200 900
200 901
200 902
200 914
200 361
200 966
200 964
200 960
200 959
200 949
200 946
200 944
200 942
200 941
200 371
200 939
200 922
200 918
200 377
200 396
200 378
200 380
200 382
200 912
200 384
200 908
200 386
200 388
200 389
200 906
200 392
200 393
200 394
200 903
200 700
