201 625
201 410
201 401
201 541
201 1348
201 69
201 24
201 1189
201 1297
201 291
201 1364
201 1295
201 944
201 1245
201 1151
201 1311
201 1394
201 318
201 716
201 1345
201 576
201 982
201 1299
201 1157
201 1344
201 572
201 972
201 574
201 1213
201 1296
201 1241
201 323
201 537
201 1253
201 626
201 164
201 329
201 1346
201 163
201 903
201 1379
201 717
201 1274
201 1347
201 310
201 509
201 1217
201 192
201 334
201 1319
201 1107
201 308
201 979
201 358
201 1313
201 1219
201 655
201 71
201 77
201 1391
201 25
201 983
201 1279
201 335
201 570
201 256
201 1252
201 630
201 667
201 666
201 1374
201 575
201 309
201 1156
201 1210
201 1315
201 2
201 1395
201 1006
201 943
201 504
201 1378
201 1300
201 958
201 305
201 37
201 517
201 353
201 272
201 345
201 663
201 89
201 578
201 573
201 423
201 1106
201 1263
201 552
201 523
201 63
201 1188
201 554
201 623
201 1076
201 1198
201 1000
201 355
201 332
201 274
201 275
201 170
201 211
201 138
201 369
201 967
201 540
201 58
201 757
201 26
201 1114
201 974
201 328
201 1216
201 1356
201 101
201 456
201 1010
201 273
201 800
201 1141
201 421
201 93
201 1218
201 501
201 1228
201 142
201 939
201 536
201 1264
201 103
201 1368
201 74
201 559
201 1061
201 976
201 82
201 439
201 547
201 713
201 1073
201 1065
201 1307
201 1257
201 1377
201 688
201 1229
201 265
201 568
201 411
201 483
201 124
201 946
201 298
201 396
201 86
201 438
201 475
201 1179
201 1314
201 490
201 815
201 1200
201 1149
201 371
201 624
201 1161
201 444
201 98
201 553
201 1251
201 525
201 167
201 178
201 496
201 133
201 597
201 3
201 153
201 315
201 190
201 322
201 72
201 1312
201 418
201 925
201 17
201 294
201 20
201 4
201 240
201 569
201 67
201 383
201 35
201 117
201 1082
201 1291
201 1011
201 1343
201 665
201 1281
201 1140
201 639
201 79
201 798
201 324
201 1351
201 307
201 978
201 1310
201 1276
201 1317
201 556
201 1309
201 690
201 139
201 656
201 394
201 1302
201 1234
201 708
201 1318
201 160
201 968
201 166
201 670
201 488
201 304
201 363
201 44
201 283
201 947
201 1225
201 1284
201 1224
201 97
201 1293
201 1072
201 171
201 208
201 465
201 1203
201 1158
201 64
201 1105
201 941
201 189
201 996
201 326
201 128
201 671
201 1080
201 1389
201 1235
201 634
201 372
201 1143
201 376
201 555
201 544
201 276
201 1066
201 311
201 1187
201 1211
201 1226
201 236
201 1084
201 473
201 336
201 477
201 1286
201 1078
201 1240
201 526
201 1202
201 530
201 1180
201 403
201 598
201 402
201 162
201 482
201 1214
201 759
201 1248
201 112
201 354
201 664
201 299
201 646
201 557
201 609
201 1167
201 263
201 1250
201 373
201 998
201 389
201 300
201 1204
201 344
201 349
201 487
201 1375
201 134
201 239
201 339
201 788
201 1001
201 36
201 333
201 994
201 794
201 1322
201 959
201 123
201 161
201 992
201 1083
201 110
201 1244
201 415
201 493
201 131
201 38
201 975
201 495
201 366
201 811
201 342
201 457
201 494
201 271
201 1301
201 16
201 1165
201 899
201 868
201 1383
201 393
201 1155
201 508
201 629
201 168
201 715
201 73
201 1222
201 185
201 816
201 132
201 1154
201 1238
201 21
201 180
201 337
201 612
201 460
201 458
201 1365
201 65
201 84
201 461
201 234
201 259
201 1101
201 85
201 689
201 971
201 306
201 1191
201 387
201 1316
201 1195
201 406
201 1393
201 1086
201 1390
201 416
201 803
201 94
201 807
201 343
201 267
201 1007
201 384
201 222
201 1355
201 533
201 1002
201 1370
201 797
201 1209
201 1384
201 365
201 254
201 1192
201 257
201 382
201 135
201 187
201 193
201 661
201 188
201 1085
201 145
201 255
201 506
201 865
201 377
201 228
201 1362
201 1220
201 808
201 999
201 111
201 809
201 1260
201 455
201 935
201 1184
201 348
201 175
201 1081
201 1208
201 55
201 413
201 710
201 179
201 1386
201 1371
201 562
201 105
201 793
201 205
201 361
201 1040
201 417
201 1298
201 1382
201 1254
201 1278
201 177
201 527
201 643
201 1267
201 479
201 409
201 912
201 381
201 1077
201 610
201 1239
201 295
201 68
201 232
201 91
201 459
201 1109
201 1366
201 50
201 317
201 997
201 1367
201 668
201 9
201 761
201 1231
201 1182
201 364
201 53
201 119
201 805
201 1294
201 252
201 1205
201 1100
201 1185
201 316
201 1292
201 940
201 729
201 81
201 261
201 327
201 54
201 1261
201 789
201 347
201 565
201 346
201 563
201 1104
201 1183
201 125
201 150
201 351
201 1005
201 45
201 1230
201 76
201 1268
201 155
201 260
201 282
201 1247
201 375
201 253
201 207
201 977
201 1385
201 23
201 804
201 80
201 718
201 685
201 62
201 653
201 148
201 1289
201 1110
201 707
201 201
201 806
201 1215
201 314
201 397
201 787
201 481
201 352
201 1237
201 654
201 209
201 1381
201 90
201 1273
201 1372
201 810
201 293
201 528
201 503
201 126
201 1323
201 469
201 7
201 1265
201 172
201 474
201 611
201 927
201 484
201 605
201 147
201 786
201 933
201 564
201 370
201 48
201 399
201 502
201 34
201 1097
201 8
201 1159
201 802
201 43
201 242
201 5
201 1186
201 593
201 292
201 754
201 1271
201 241
201 1142
201 1098
201 917
201 435
201 1236
201 319
201 378
201 872
201 1327
201 784
201 1282
201 538
201 478
201 1324
201 1199
201 620
201 649
201 672
201 652
201 40
201 340
201 965
201 388
201 115
201 191
201 796
201 651
201 686
201 892
201 1325
201 499
201 599
201 662
201 169
201 949
201 1181
201 165
201 529
201 107
201 303
201 601
201 1201
201 83
201 1258
201 325
201 59
201 962
201 462
201 694
201 505
201 386
201 321
201 560
201 1126
201 1303
201 1353
201 861
201 96
201 535
201 22
201 244
201 1288
201 262
201 973
201 6
201 693
201 785
201 221
201 104
201 1326
201 571
201 61
201 993
201 182
201 604
201 659
201 692
201 1055
201 608
201 269
201 826
201 14
201 636
201 1354
201 121
201 1304
201 960
201 518
201 1
201 489
201 12
201 140
201 595
201 213
201 531
201 679
201 580
201 186
201 1043
201 338
201 961
201 645
201 220
201 1053
201 964
201 628
201 395
201 1212
201 212
201 799
201 174
201 296
201 173
201 696
201 49
201 792
201 141
201 472
201 130
201 158
201 157
201 136
201 137
201 471
201 143
201 151
201 156
201 154
201 146
201 149
201 152
201 144
201 385
201 470
201 184
201 202
201 200
201 199
201 198
201 197
201 196
201 195
201 194
201 183
201 159
201 181
201 176
201 463
201 464
201 476
201 466
201 467
201 468
201 129
201 113
201 127
201 52
201 47
201 46
201 42
201 41
201 39
201 33
201 491
201 492
201 32
201 31
201 30
201 29
201 28
201 27
201 497
201 498
201 19
201 500
201 18
201 15
201 13
201 11
201 10
201 51
201 56
201 122
201 57
201 120
201 118
201 116
201 114
201 453
201 109
201 108
201 106
201 102
201 480
201 100
201 99
201 95
201 92
201 88
201 87
201 485
201 78
201 75
201 486
201 70
201 66
201 60
201 454
201 450
201 203
201 266
201 302
201 301
201 297
201 290
201 289
201 288
201 414
201 287
201 286
201 285
201 284
201 281
201 280
201 419
201 420
201 279
201 422
201 278
201 424
201 425
201 277
201 270
201 268
201 412
201 312
201 313
201 398
201 391
201 392
201 380
201 379
201 374
201 368
201 367
201 362
201 360
201 359
201 357
201 320
201 356
201 400
201 350
201 341
201 331
201 404
201 405
201 330
201 407
201 408
201 426
201 264
201 204
201 258
201 437
201 225
201 224
201 223
201 440
201 441
201 442
201 219
201 217
201 443
201 216
201 215
201 214
201 445
201 446
201 447
201 448
201 449
201 390
201 451
201 452
201 210
201 206
201 226
201 436
201 227
201 243
201 251
201 250
201 249
201 248
201 247
201 427
201 246
201 428
201 429
201 245
201 238
201 434
201 237
201 235
201 233
201 430
201 231
201 431
201 432
201 230
201 433
201 229
201 218
201 1400
201 507
201 1033
201 1048
201 1047
201 1046
201 1045
201 1044
201 1042
201 1041
201 1039
201 1038
201 1037
201 1036
201 1035
201 1034
201 1032
201 1017
201 1031
201 1030
201 1029
201 1028
201 1027
201 1026
201 1025
201 1024
201 1023
201 1022
201 1021
201 1020
201 1019
201 1049
201 1050
201 1051
201 1052
201 1096
201 1095
201 1094
201 1093
201 1092
201 1091
201 1090
201 1089
201 1088
201 1087
201 1079
201 1075
201 1074
201 1071
201 1070
201 1069
201 1068
201 1067
201 1064
201 1063
201 1062
201 1060
201 1059
201 1058
201 1057
201 1056
201 1054
201 1018
201 1016
201 905
201 923
201 945
201 942
201 938
201 937
201 936
201 934
201 932
201 931
201 930
201 929
201 928
201 926
201 924
201 922
201 1015
201 921
201 920
201 919
201 918
201 916
201 915
201 914
201 913
201 911
201 910
201 909
201 908
201 907
201 948
201 950
201 951
201 952
201 1014
201 1013
201 1012
201 1009
201 1008
201 1004
201 1003
201 995
201 991
201 990
201 989
201 988
201 987
201 986
201 985
201 984
201 981
201 980
201 970
201 969
201 966
201 963
201 957
201 956
201 955
201 954
201 953
201 1099
201 1102
201 1103
201 1277
201 1330
201 1329
201 1328
201 1321
201 1320
201 1308
201 1306
201 1305
201 1290
201 1287
201 1285
201 1283
201 1280
201 1275
201 1108
201 1272
201 1270
201 1269
201 1266
201 1262
201 1259
201 1256
201 1255
201 1249
201 1246
201 1243
201 1242
201 1233
201 1331
201 1332
201 1333
201 1334
201 1398
201 1397
201 1396
201 1392
201 1388
201 1387
201 1380
201 1376
201 1373
201 1369
201 1363
201 1361
201 1360
201 1359
201 1358
201 1357
201 1352
201 1350
201 1349
201 1342
201 1341
201 1340
201 1339
201 1338
201 1337
201 1336
201 1335
201 1232
201 1227
201 1223
201 1145
201 1139
201 1138
201 1137
201 1136
201 1135
201 1134
201 1133
201 1132
201 1131
201 1130
201 1129
201 1128
201 1127
201 1125
201 1124
201 1123
201 1122
201 1121
201 1120
201 1119
201 1118
201 1117
201 1116
201 1115
201 1113
201 1112
201 1111
201 1144
201 1146
201 1221
201 1147
201 1207
201 1206
201 1197
201 1196
201 1194
201 1193
201 1190
201 1178
201 1177
201 1176
201 1175
201 1174
201 1173
201 1172
201 1171
201 1170
201 1169
201 1168
201 1166
201 1164
201 1163
201 1162
201 1160
201 1153
201 1152
201 1150
201 1148
201 906
201 904
201 510
201 676
201 699
201 698
201 697
201 695
201 691
201 687
201 684
201 683
201 682
201 681
201 680
201 678
201 677
201 675
201 637
201 674
201 673
201 669
201 660
201 658
201 657
201 650
201 648
201 647
201 644
201 642
201 641
201 640
201 1399
201 701
201 702
201 703
201 739
201 738
201 737
201 736
201 735
201 734
201 733
201 732
201 731
201 730
201 728
201 727
201 726
201 725
201 724
201 723
201 722
201 721
201 720
201 719
201 714
201 712
201 711
201 709
201 706
201 705
201 704
201 638
201 635
201 902
201 542
201 579
201 577
201 567
201 566
201 561
201 558
201 551
201 550
201 549
201 548
201 546
201 545
201 543
201 539
201 633
201 534
201 532
201 524
201 522
201 521
201 520
201 519
201 516
201 515
201 514
201 513
201 512
201 511
201 581
201 582
201 583
201 584
201 632
201 631
201 627
201 622
201 621
201 619
201 618
201 617
201 616
201 615
201 614
201 613
201 607
201 606
201 603
201 602
201 600
201 596
201 594
201 592
201 591
201 590
201 589
201 588
201 587
201 586
201 585
201 740
201 741
201 742
201 851
201 866
201 864
201 863
201 862
201 860
201 859
201 858
201 857
201 856
201 855
201 854
201 853
201 852
201 850
201 743
201 849
201 848
201 847
201 846
201 845
201 844
201 843
201 842
201 841
201 840
201 839
201 838
201 837
201 867
201 869
201 870
201 871
201 901
201 900
201 898
201 897
201 896
201 895
201 894
201 893
201 891
201 890
201 889
201 888
201 887
201 886
201 885
201 884
201 883
201 882
201 881
201 880
201 879
201 878
201 877
201 876
201 875
201 874
201 873
201 836
201 835
201 834
201 776
201 774
201 773
201 772
201 771
201 770
201 769
201 768
201 767
201 766
201 765
201 764
201 763
201 762
201 760
201 758
201 756
201 755
201 753
201 752
201 751
201 750
201 749
201 748
201 747
201 746
201 745
201 744
201 775
201 777
201 833
201 778
201 832
201 831
201 830
201 829
201 828
201 827
201 825
201 824
201 823
201 822
201 821
201 820
201 819
201 818
201 817
201 814
201 813
201 812
201 801
201 795
201 791
201 790
201 783
201 782
201 781
201 780
201 779
201 700
