202 1285
202 1310
202 232
202 19
202 1378
202 1311
202 411
202 1231
202 605
202 186
202 226
202 122
202 467
202 1309
202 56
202 294
202 687
202 27
202 197
202 1274
202 1076
202 1303
202 1319
202 423
202 1356
202 203
202 670
202 1307
202 252
202 612
202 925
202 1075
202 36
202 567
202 211
202 58
202 957
202 808
202 101
202 497
202 1062
202 932
202 1304
202 626
202 981
202 920
202 679
202 354
202 979
202 924
202 225
202 70
202 600
202 814
202 671
202 370
202 206
202 327
202 334
202 556
202 1382
202 359
202 801
202 1248
202 371
202 655
202 1213
202 1074
202 927
202 1157
202 568
202 513
202 999
202 332
202 508
202 123
202 1312
202 443
202 37
202 347
202 321
202 1258
202 234
202 535
202 48
202 196
202 242
202 421
202 230
202 573
202 1343
202 384
202 63
202 25
202 214
202 49
202 204
202 57
202 360
202 194
202 1262
202 760
202 93
202 124
202 628
202 1200
202 1234
202 593
202 514
202 1219
202 250
202 248
202 433
202 64
202 680
202 1324
202 601
202 176
202 1306
202 35
202 160
202 1002
202 26
202 665
202 1259
202 260
202 276
202 752
202 574
202 936
202 1308
202 1003
202 681
202 689
202 435
202 500
202 430
202 921
202 38
202 1218
202 900
202 305
202 223
202 663
202 708
202 675
202 570
202 1045
202 836
202 310
202 1305
202 569
202 1386
202 800
202 1229
202 794
202 606
202 1390
202 1355
202 688
202 1149
202 338
202 1246
202 1204
202 1110
202 94
202 1192
202 639
202 1272
202 1106
202 971
202 657
202 634
202 372
202 183
202 229
202 683
202 1066
202 939
202 222
202 666
202 318
202 526
202 28
202 293
202 114
202 316
202 592
202 1000
202 1158
202 20
202 80
202 1068
202 141
202 329
202 1108
202 1124
202 468
202 309
202 1263
202 470
202 283
202 320
202 481
202 1300
202 525
202 923
202 487
202 14
202 134
202 192
202 553
202 937
202 498
202 307
202 546
202 637
202 566
202 1301
202 253
202 72
202 540
202 753
202 1271
202 1151
202 572
202 442
202 464
202 793
202 1351
202 947
202 759
202 85
202 492
202 1208
202 193
202 373
202 917
202 757
202 705
202 1001
202 295
202 624
202 1237
202 1385
202 1352
202 147
202 2
202 712
202 209
202 891
202 1053
202 1130
202 1230
202 1065
202 603
202 312
202 557
202 1315
202 1140
202 362
202 170
202 1038
202 1182
202 12
202 473
202 1261
202 667
202 1216
202 907
202 733
202 179
202 495
202 589
202 17
202 1373
202 369
202 938
202 796
202 537
202 1253
202 465
202 554
202 632
202 459
202 187
202 10
202 195
202 258
202 1198
202 1333
202 676
202 1081
202 541
202 631
202 1136
202 138
202 904
202 723
202 1111
202 962
202 1207
202 1088
202 328
202 1019
202 788
202 1228
202 1107
202 55
202 386
202 652
202 668
202 460
202 1238
202 1070
202 555
202 166
202 909
202 40
202 292
202 578
202 1281
202 704
202 714
202 1007
202 876
202 1232
202 926
202 1236
202 575
202 494
202 154
202 1266
202 417
202 707
202 720
202 391
202 54
202 308
202 1090
202 304
202 1104
202 1284
202 1206
202 86
202 545
202 110
202 297
202 191
202 894
202 1339
202 1153
202 820
202 656
202 1095
202 169
202 677
202 694
202 519
202 1280
202 272
202 635
202 642
202 415
202 335
202 455
202 1279
202 453
202 811
202 685
202 991
202 39
202 476
202 235
202 1264
202 1394
202 1112
202 604
202 954
202 1233
202 60
202 809
202 1145
202 247
202 544
202 564
202 1146
202 1039
202 922
202 1374
202 1009
202 1187
202 205
202 342
202 791
202 315
202 781
202 251
202 1391
202 447
202 79
202 358
202 884
202 1004
202 456
202 52
202 536
202 1179
202 636
202 1202
202 429
202 363
202 121
202 706
202 1235
202 1201
202 1336
202 1330
202 686
202 484
202 1052
202 678
202 1191
202 571
202 1080
202 918
202 674
202 1155
202 496
202 1162
202 994
202 887
202 512
202 503
202 263
202 1049
202 758
202 125
202 522
202 1119
202 505
202 1276
202 339
202 719
202 1016
202 511
202 1072
202 1359
202 184
202 960
202 1346
202 1215
202 428
202 1156
202 976
202 692
202 562
202 1299
202 432
202 89
202 483
202 1118
202 41
202 142
202 238
202 356
202 279
202 367
202 1321
202 852
202 1205
202 249
202 1341
202 1255
202 941
202 291
202 903
202 662
202 761
202 438
202 703
202 278
202 743
202 352
202 366
202 1212
202 799
202 174
202 345
202 1163
202 873
202 530
202 825
202 629
202 857
202 78
202 410
202 24
202 1395
202 177
202 961
202 289
202 1051
202 996
202 477
202 139
202 588
202 115
202 33
202 1297
202 581
202 1225
202 243
202 721
202 9
202 1041
202 1087
202 1295
202 682
202 1114
202 1132
202 282
202 301
202 188
202 341
202 1048
202 1267
202 1211
202 1031
202 431
202 1377
202 695
202 1292
202 529
202 180
202 1100
202 1389
202 140
202 116
202 1011
202 998
202 224
202 972
202 773
202 1071
202 1353
202 257
202 5
202 212
202 1296
202 1293
202 577
202 261
202 16
202 847
202 901
202 1014
202 1326
202 126
202 173
202 672
202 613
202 710
202 216
202 1323
202 1121
202 787
202 1083
202 1040
202 1056
202 693
202 486
202 133
202 1043
202 466
202 1224
202 32
202 68
202 344
202 239
202 96
202 458
202 1243
202 145
202 482
202 461
202 845
202 874
202 951
202 506
202 379
202 831
202 319
202 156
202 1393
202 986
202 1375
202 696
202 830
202 1349
202 576
202 728
202 1332
202 241
202 1063
202 44
202 1178
202 982
202 381
202 97
202 1021
202 1183
202 441
202 1334
202 1227
202 882
202 317
202 965
202 311
202 1302
202 952
202 1283
202 1379
202 1175
202 990
202 966
202 1006
202 698
202 1277
202 1354
202 985
202 144
202 364
202 625
202 1199
202 490
202 878
202 221
202 227
202 288
202 1133
202 1117
202 1369
202 1328
202 1092
202 977
202 763
202 1214
202 997
202 240
202 518
202 848
202 654
202 388
202 1289
202 868
202 797
202 95
202 1320
202 673
202 699
202 439
202 806
202 1067
202 1366
202 233
202 1188
202 974
202 1197
202 819
202 602
202 1134
202 127
202 62
202 1322
202 213
202 790
202 383
202 1372
202 262
202 987
202 798
202 945
202 469
202 1195
202 940
202 964
202 3
202 1338
202 523
202 967
202 810
202 661
202 1148
202 700
202 993
202 768
202 839
202 333
202 445
202 1383
202 955
202 84
202 1239
202 1171
202 30
202 129
202 552
202 838
202 50
202 770
202 640
202 1005
202 300
202 390
202 934
202 1288
202 420
202 802
202 1329
202 323
202 1084
202 690
202 472
202 1174
202 919
202 422
202 879
202 713
202 765
202 6
202 392
202 805
202 1126
202 1209
202 928
202 774
202 658
202 905
202 406
202 146
202 826
202 969
202 1078
202 416
202 807
202 409
202 1396
202 988
202 856
202 818
202 795
202 302
202 983
202 641
202 274
202 1
202 104
202 1093
202 1125
202 287
202 108
202 550
202 1147
202 76
202 595
202 365
202 563
202 866
202 916
202 11
202 846
202 182
202 103
202 1091
202 280
202 1380
202 189
202 970
202 136
202 1120
202 1269
202 1028
202 31
202 355
202 268
202 734
202 1318
202 949
202 15
202 1131
202 837
202 880
202 1154
202 1139
202 92
202 792
202 219
202 502
202 59
202 246
202 1137
202 948
202 451
202 1012
202 914
202 109
202 444
202 237
202 403
202 1337
202 659
202 980
202 446
202 1371
202 401
202 343
202 90
202 943
202 1064
202 1268
202 1159
202 1245
202 521
202 829
202 783
202 132
202 491
202 1116
202 599
202 1241
202 99
202 51
202 1166
202 854
202 266
202 1015
202 738
202 697
202 137
202 296
202 351
202 956
202 4
202 861
202 1361
202 1381
202 378
202 53
202 1250
202 644
202 1210
202 645
202 702
202 220
202 912
202 165
202 207
202 840
202 1270
202 493
202 717
202 277
202 1164
202 1325
202 622
202 558
202 245
202 271
202 711
202 766
202 1042
202 29
202 930
202 259
202 1223
202 1057
202 1194
202 267
202 168
202 580
202 1165
202 1010
202 346
202 735
202 407
202 651
202 330
202 1247
202 872
202 647
202 436
202 1033
202 538
202 1103
202 478
202 1384
202 886
202 1169
202 1097
202 155
202 198
202 975
202 325
202 1335
202 313
202 91
202 520
202 34
202 842
202 729
202 850
202 1399
202 583
202 898
202 660
202 131
202 736
202 475
202 353
202 627
202 1060
202 326
202 418
202 549
202 827
202 946
202 1398
202 1368
202 1023
202 175
202 528
202 1013
202 440
202 217
202 782
202 1350
202 532
202 67
202 1141
202 1129
202 1135
202 172
202 638
202 504
202 653
202 953
202 488
202 664
202 1143
202 789
202 65
202 582
202 561
202 769
202 1392
202 285
202 449
202 931
202 1313
202 527
202 1050
202 199
202 740
202 380
202 892
202 1364
202 151
202 1082
202 69
202 755
202 1035
202 650
202 107
202 1291
202 989
202 614
202 815
202 746
202 591
202 1222
202 1032
202 414
202 860
202 1244
202 747
202 273
202 119
202 1046
202 1327
202 42
202 1226
202 164
202 74
202 457
202 231
202 454
202 849
202 1150
202 767
202 1122
202 915
202 823
202 870
202 821
202 803
202 611
202 1388
202 1331
202 1282
202 1190
202 1186
202 812
202 244
202 1360
202 617
202 722
202 1184
202 888
202 1196
202 547
202 633
202 397
202 1008
202 1180
202 167
202 851
202 1249
202 1160
202 215
202 1054
202 739
202 120
202 772
202 13
202 1363
202 727
202 202
202 709
202 784
202 200
202 1257
202 1020
202 1036
202 1298
202 973
202 897
202 1044
202 427
202 749
202 314
202 744
202 413
202 404
202 1365
202 762
202 1203
202 163
202 1055
202 1254
202 579
202 75
202 1018
202 1128
202 610
202 462
202 1173
202 867
202 135
202 7
202 1265
202 1059
202 542
202 893
202 1167
202 1185
202 489
202 899
202 348
202 646
202 157
202 1144
202 984
202 112
202 1193
202 236
202 349
202 691
202 1172
202 357
202 426
202 764
202 128
202 822
202 1127
202 908
202 1370
202 434
202 804
202 152
202 82
202 565
202 149
202 858
202 1342
202 73
202 1034
202 933
202 548
202 992
202 452
202 859
202 210
202 185
202 77
202 1047
202 1142
202 1168
202 181
202 201
202 1161
202 1170
202 190
202 1152
202 178
202 643
202 171
202 61
202 45
202 46
202 47
202 1317
202 1316
202 1314
202 1294
202 43
202 66
202 1290
202 1287
202 71
202 1286
202 1278
202 1340
202 1344
202 1176
202 22
202 1397
202 8
202 1387
202 1376
202 18
202 21
202 23
202 1345
202 1367
202 1362
202 1358
202 1357
202 1348
202 1347
202 1275
202 81
202 83
202 150
202 1221
202 1220
202 1217
202 143
202 1189
202 148
202 153
202 1273
202 158
202 159
202 1181
202 161
202 162
202 1177
202 130
202 1240
202 1242
202 118
202 117
202 113
202 111
202 1251
202 106
202 105
202 1252
202 100
202 98
202 1256
202 1260
202 88
202 87
202 102
202 322
202 1138
202 510
202 485
202 817
202 816
202 813
202 499
202 501
202 786
202 507
202 785
202 509
202 780
202 533
202 515
202 516
202 517
202 779
202 778
202 777
202 776
202 524
202 775
202 771
202 824
202 828
202 480
202 479
202 871
202 869
202 437
202 865
202 864
202 863
202 862
202 448
202 450
202 855
202 853
202 463
202 844
202 843
202 841
202 471
202 835
202 834
202 474
202 833
202 832
202 531
202 534
202 425
202 615
202 594
202 596
202 597
202 598
202 716
202 715
202 701
202 607
202 608
202 609
202 616
202 539
202 618
202 619
202 620
202 621
202 623
202 684
202 669
202 630
202 649
202 648
202 718
202 590
202 724
202 725
202 756
202 543
202 754
202 751
202 551
202 750
202 748
202 745
202 559
202 560
202 742
202 741
202 737
202 732
202 731
202 730
202 726
202 584
202 585
202 586
202 587
202 875
202 424
202 208
202 1030
202 264
202 265
202 269
202 270
202 275
202 281
202 284
202 286
202 1037
202 290
202 298
202 324
202 299
202 1029
202 1027
202 303
202 1026
202 1025
202 306
202 1024
202 1022
202 1017
202 1058
202 1061
202 1069
202 256
202 218
202 1123
202 1115
202 1113
202 228
202 1109
202 1105
202 1102
202 1101
202 1099
202 1098
202 1096
202 1094
202 1089
202 1086
202 1085
202 1079
202 1077
202 1073
202 254
202 255
202 995
202 978
202 877
202 399
202 385
202 387
202 389
202 896
202 895
202 393
202 394
202 395
202 396
202 398
202 400
202 331
202 402
202 405
202 408
202 890
202 889
202 412
202 885
202 419
202 883
202 881
202 902
202 906
202 382
202 910
202 968
202 336
202 337
202 963
202 959
202 340
202 958
202 950
202 350
202 944
202 942
202 935
202 361
202 929
202 368
202 913
202 911
202 374
202 375
202 376
202 377
202 1400
