203 1285
203 38
203 58
203 1308
203 411
203 48
203 1231
203 1378
203 1262
203 482
203 122
203 370
203 1306
203 1310
203 652
203 225
203 605
203 211
203 1192
203 362
203 232
203 359
203 1133
203 1311
203 1074
203 423
203 56
203 1382
203 1303
203 814
203 1110
203 1076
203 626
203 1386
203 234
203 467
203 940
203 1019
203 1248
203 979
203 63
203 354
203 294
203 197
203 1307
203 592
203 514
203 927
203 70
203 808
203 54
203 961
203 19
203 369
203 1360
203 60
203 1333
203 1356
203 3
203 999
203 470
203 945
203 492
203 39
203 459
203 123
203 101
203 654
203 1301
203 593
203 1261
203 1087
203 193
203 648
203 283
203 687
203 556
203 546
203 147
203 345
203 435
203 307
203 1125
203 924
203 642
203 1336
203 433
203 554
203 681
203 187
203 188
203 421
203 923
203 473
203 676
203 1106
203 671
203 971
203 657
203 1204
203 186
203 801
203 503
203 384
203 1206
203 36
203 179
203 781
203 848
203 1136
203 49
203 1323
203 1304
203 952
203 932
203 513
203 575
203 752
203 1352
203 182
203 600
203 957
203 115
203 145
203 1075
203 768
203 937
203 498
203 606
203 1216
203 1234
203 833
203 907
203 884
203 461
203 456
203 1062
203 110
203 809
203 1274
203 1355
203 176
203 1001
203 1219
203 352
203 121
203 720
203 1117
203 91
203 788
203 1211
203 1080
203 1129
203 44
203 1319
203 109
203 1041
203 248
203 665
203 466
203 57
203 301
203 194
203 312
203 562
203 454
203 1315
203 1038
203 656
203 882
203 55
203 250
203 1368
203 1213
203 730
203 567
203 938
203 925
203 500
203 94
203 120
203 836
203 204
203 811
203 1300
203 310
203 495
203 655
203 1229
203 126
203 223
203 773
203 580
203 1259
203 1366
203 338
203 680
203 372
203 555
203 909
203 1312
203 1224
203 336
203 205
203 677
203 383
203 1258
203 538
203 206
203 1002
203 1281
203 465
203 783
203 196
203 1332
203 612
203 1266
203 291
203 579
203 522
203 111
203 733
203 934
203 1090
203 1284
203 447
203 1
203 293
203 321
203 545
203 203
203 379
203 998
203 1108
203 389
203 694
203 159
203 535
203 1385
203 428
203 292
203 173
203 335
203 662
203 990
203 553
203 1006
203 954
203 1233
203 1145
203 1297
203 1351
203 917
203 314
203 1309
203 563
203 791
203 1039
203 1188
203 1007
203 1116
203 358
203 1004
203 507
203 1202
203 636
203 441
203 1009
203 647
203 1343
203 371
203 415
203 114
203 868
203 905
203 451
203 128
203 1140
203 1053
203 574
203 486
203 637
203 939
203 1246
203 304
203 994
203 92
203 512
203 230
203 1324
203 564
203 981
203 247
203 1070
203 85
203 1335
203 505
203 1334
203 406
203 1276
203 375
203 417
203 702
203 1016
203 1218
203 661
203 416
203 1045
203 1339
203 723
203 901
203 443
203 334
203 757
203 1235
203 29
203 1066
203 549
203 985
203 1000
203 1003
203 692
203 1148
203 831
203 480
203 904
203 236
203 650
203 1187
203 679
203 759
203 108
203 663
203 279
203 977
203 367
203 936
203 249
203 525
203 1340
203 1238
203 770
203 1197
203 15
203 1046
203 229
203 943
203 1182
203 390
203 458
203 235
203 397
203 89
203 1175
203 468
203 508
203 777
203 246
203 678
203 991
203 857
203 1088
203 878
203 845
203 916
203 683
203 996
203 1200
203 1068
203 1325
203 395
203 245
203 1156
203 1043
203 209
203 581
203 264
203 243
203 601
203 141
203 947
203 380
203 227
203 767
203 430
203 226
203 583
203 595
203 59
203 1191
203 155
203 1267
203 27
203 704
203 1342
203 1375
203 892
203 745
203 874
203 695
203 1292
203 17
203 14
203 37
203 903
203 735
203 540
203 64
203 388
203 566
203 972
203 257
203 261
203 1326
203 472
203 1222
203 843
203 633
203 33
203 79
203 478
203 1057
203 231
203 154
203 311
203 272
203 794
203 10
203 659
203 872
203 1040
203 1032
203 693
203 1388
203 986
203 252
203 675
203 68
203 644
203 806
203 1107
203 1236
203 1241
203 519
203 635
203 1237
203 244
203 419
203 1054
203 1151
203 506
203 736
203 573
203 922
203 475
203 277
203 138
203 631
203 287
203 696
203 35
203 285
203 140
203 585
203 422
203 281
203 900
203 241
203 1185
203 796
203 494
203 341
203 1390
203 97
203 1157
203 1073
203 632
203 1227
203 432
203 641
203 1283
203 1349
203 308
203 698
203 881
203 253
203 790
203 969
203 1371
203 703
203 266
203 894
203 183
203 897
203 984
203 40
203 1205
203 712
203 276
203 198
203 1369
203 1131
203 762
203 1271
203 1092
203 674
203 497
203 763
203 1055
203 887
203 158
203 1294
203 518
203 346
203 95
203 628
203 673
203 689
203 789
203 889
203 1207
203 75
203 582
203 1225
203 613
203 318
203 381
203 1321
203 404
203 997
203 449
203 980
203 124
203 62
203 557
203 273
203 344
203 800
203 1047
203 515
203 34
203 753
203 368
203 151
203 1083
203 775
203 784
203 125
203 174
203 1195
203 1245
203 1082
203 282
203 688
203 928
203 893
203 305
203 993
203 1124
203 1280
203 363
203 839
203 1289
203 989
203 1137
203 910
203 962
203 955
203 1384
203 332
203 1171
203 603
203 891
203 1255
203 751
203 982
203 50
203 410
203 838
203 1155
203 1014
203 640
203 1387
203 529
203 1250
203 799
203 920
203 177
203 721
203 365
203 532
203 690
203 202
203 134
203 106
203 537
203 798
203 1193
203 530
203 873
203 906
203 852
203 719
203 1232
203 366
203 539
203 761
203 222
203 727
203 1063
203 1178
203 1141
203 974
203 80
203 409
203 1114
203 373
203 386
203 2
203 782
203 501
203 242
203 660
203 142
203 1086
203 25
203 1305
203 76
203 496
203 869
203 364
203 191
203 590
203 756
203 11
203 260
203 846
203 766
203 1091
203 413
203 102
203 274
203 189
203 1183
203 960
203 970
203 1370
203 1365
203 1037
203 31
203 569
203 1134
203 337
203 949
203 1230
203 1313
203 1314
203 460
203 1254
203 1112
203 160
203 1113
203 300
203 1071
203 1199
203 885
203 686
203 948
203 469
203 1077
203 1291
203 431
203 1362
203 317
203 343
203 565
203 1318
203 1035
203 446
203 258
203 908
203 90
203 1376
203 1064
203 192
203 139
203 1184
203 212
203 491
203 987
203 1166
203 823
203 697
203 24
203 1123
203 825
203 602
203 1201
203 584
203 1104
203 1079
203 195
203 351
203 322
203 1065
203 758
203 861
203 4
203 551
203 1381
203 1179
203 278
203 309
203 217
203 1302
203 288
203 1084
203 220
203 520
203 297
203 1396
203 1260
203 213
203 792
203 888
203 717
203 785
203 701
203 464
203 705
203 47
203 510
203 329
203 558
203 319
203 1042
203 398
203 259
203 685
203 427
203 1240
203 100
203 425
203 542
203 347
203 163
203 385
203 1165
203 1010
203 638
203 921
203 876
203 407
203 224
203 61
203 280
203 1198
203 167
203 810
203 1033
203 360
203 619
203 1103
203 1020
203 170
203 165
203 639
203 412
203 755
203 975
203 325
203 1044
203 1379
203 1051
203 630
203 842
203 377
203 399
203 850
203 1399
203 1121
203 200
203 131
203 487
203 214
203 829
203 1119
203 1383
203 710
203 805
203 521
203 326
203 1132
203 946
203 52
203 1056
203 1153
203 699
203 509
203 1398
203 1367
203 175
203 528
203 96
203 45
203 150
203 401
203 523
203 208
203 536
203 1350
203 541
203 867
203 1138
203 1253
203 376
203 926
203 967
203 1111
203 978
203 1135
203 743
203 1130
203 113
203 1212
203 1277
203 484
203 289
203 169
203 734
203 1345
203 653
203 135
203 664
203 1143
203 841
203 1346
203 1029
203 65
203 1320
203 400
203 618
203 561
203 769
203 1089
203 765
203 527
203 1392
203 824
203 1316
203 275
203 1021
203 1364
203 93
203 797
203 1072
203 1011
203 452
203 1372
203 219
203 1397
203 597
203 918
203 815
203 591
203 133
203 1209
203 1024
203 414
203 860
203 672
203 1377
203 668
203 1005
203 262
203 604
203 624
203 1327
203 349
203 1127
203 239
203 614
203 74
203 457
203 896
203 424
203 1067
203 830
203 1028
203 622
203 915
203 1268
203 1353
203 284
203 779
203 803
203 611
203 780
203 1190
203 666
203 1105
203 78
203 586
203 1374
203 315
203 722
203 6
203 966
203 1221
203 543
203 988
203 148
203 968
203 847
203 1118
203 493
203 299
203 787
203 572
203 477
203 1081
203 105
203 356
203 240
203 1008
203 1223
203 127
203 1147
203 851
203 1061
203 941
203 1249
203 820
203 1126
203 215
203 172
203 958
203 479
203 13
203 772
203 1149
203 1354
203 1393
203 1363
203 714
203 807
203 578
203 748
203 474
203 1347
203 69
203 1298
203 973
203 463
203 883
203 746
203 548
203 168
203 1031
203 616
203 216
203 296
203 1389
203 813
203 144
203 12
203 43
203 1329
203 1139
203 1097
203 16
203 738
203 1208
203 118
203 391
203 610
203 403
203 499
203 1173
203 1361
203 1295
203 1265
203 929
203 207
203 1059
203 1052
203 302
203 682
203 1093
203 263
203 956
203 267
203 489
203 707
203 348
203 588
203 646
203 1239
203 157
203 1180
203 237
203 1270
203 1144
203 32
203 84
203 201
203 112
203 116
203 342
203 439
203 691
203 455
203 844
203 1172
203 20
203 426
203 1290
203 1247
203 72
203 822
203 732
203 434
203 731
203 53
203 804
203 964
203 453
203 152
203 166
203 729
203 1264
203 1154
203 858
203 132
203 73
203 1263
203 599
203 1034
203 856
203 826
203 1373
203 328
203 992
203 164
203 859
203 1226
203 589
203 625
203 82
203 210
203 827
203 185
203 77
203 576
203 86
203 180
203 137
203 5
203 136
203 130
203 228
203 129
203 67
203 103
203 23
203 51
203 26
203 104
203 66
203 171
203 42
203 254
203 119
203 28
203 41
203 30
203 256
203 117
203 107
203 238
203 178
203 9
203 22
203 181
203 149
203 18
203 233
203 218
203 161
203 265
203 190
203 81
203 156
203 162
203 88
203 87
203 71
203 153
203 251
203 268
203 46
203 7
203 8
203 83
203 199
203 269
203 21
203 270
203 271
203 98
203 99
203 146
203 143
203 184
203 221
203 255
203 1400
203 286
203 1018
203 1030
203 1027
203 1026
203 1025
203 1023
203 1022
203 1017
203 1048
203 1015
203 1013
203 1012
203 995
203 983
203 976
203 1036
203 1049
203 1120
203 1096
203 1109
203 1102
203 1101
203 1100
203 1099
203 1098
203 1095
203 1050
203 1094
203 1085
203 1078
203 1069
203 1060
203 1058
203 965
203 963
203 959
203 871
203 890
203 886
203 880
203 879
203 877
203 875
203 870
203 953
203 866
203 865
203 864
203 863
203 862
203 855
203 895
203 898
203 899
203 902
203 911
203 912
203 913
203 914
203 919
203 930
203 931
203 933
203 935
203 942
203 944
203 950
203 951
203 1115
203 1122
203 853
203 1279
203 1296
203 1293
203 1288
203 1287
203 1286
203 1282
203 1278
203 1317
203 1275
203 1273
203 1272
203 1269
203 1257
203 1256
203 1299
203 1322
203 1128
203 1357
203 1395
203 1394
203 1391
203 1380
203 1359
203 1358
203 1348
203 1328
203 1344
203 1341
203 1338
203 1337
203 1331
203 1330
203 1252
203 1251
203 1244
203 1161
203 1169
203 1168
203 1167
203 1164
203 1163
203 1162
203 1160
203 1243
203 1159
203 1158
203 1152
203 1150
203 1146
203 1142
203 1170
203 1174
203 1176
203 1177
203 1181
203 1186
203 1189
203 1194
203 1196
203 1203
203 1210
203 1214
203 1215
203 1217
203 1220
203 1228
203 1242
203 854
203 849
203 290
203 450
203 485
203 483
203 481
203 476
203 471
203 462
203 448
203 490
203 445
203 444
203 442
203 440
203 438
203 437
203 488
203 502
203 570
203 534
203 560
203 559
203 552
203 550
203 547
203 544
203 533
203 504
203 531
203 526
203 524
203 517
203 516
203 511
203 436
203 429
203 420
203 323
203 339
203 333
203 331
203 330
203 327
203 324
203 320
203 418
203 316
203 313
203 306
203 303
203 298
203 295
203 340
203 350
203 353
203 355
203 357
203 361
203 374
203 378
203 382
203 387
203 392
203 393
203 394
203 396
203 402
203 405
203 408
203 568
203 571
203 840
203 747
203 771
203 764
203 760
203 754
203 750
203 749
203 744
203 776
203 742
203 741
203 740
203 739
203 737
203 728
203 774
203 778
203 577
203 819
203 837
203 835
203 834
203 832
203 828
203 821
203 818
203 786
203 817
203 816
203 812
203 802
203 795
203 793
203 726
203 725
203 724
203 615
203 629
203 627
203 623
203 621
203 620
203 617
203 609
203 718
203 608
203 607
203 598
203 596
203 594
203 587
203 634
203 643
203 645
203 649
203 651
203 658
203 667
203 669
203 670
203 684
203 706
203 708
203 709
203 711
203 713
203 715
203 716
203 700
