204 147
204 1311
204 443
204 1080
204 573
204 971
204 1076
204 1229
204 208
204 310
204 763
204 133
204 937
204 1274
204 197
204 671
204 496
204 1307
204 1319
204 1258
204 1310
204 678
204 444
204 1262
204 63
204 423
204 305
204 664
204 57
204 58
204 1253
204 1271
204 370
204 1339
204 525
204 941
204 94
204 508
204 1352
204 1375
204 308
204 1191
204 1157
204 465
204 567
204 1368
204 372
204 363
204 1382
204 26
204 663
204 655
204 1200
204 324
204 492
204 667
204 1082
204 39
204 514
204 562
204 188
204 139
204 298
204 194
204 232
204 312
204 540
204 1371
204 383
204 250
204 192
204 536
204 120
204 692
204 193
204 38
204 98
204 56
204 179
204 257
204 1227
204 513
204 494
204 636
204 25
204 153
204 668
204 1355
204 994
204 695
204 435
204 307
204 652
204 680
204 967
204 927
204 689
204 972
204 679
204 1001
204 1370
204 1074
204 537
204 612
204 1285
204 205
204 572
204 1090
204 1386
204 1378
204 173
204 1231
204 85
204 545
204 123
204 861
204 796
204 176
204 95
204 128
204 693
204 694
204 1039
204 117
204 766
204 174
204 687
204 335
204 653
204 475
204 986
204 240
204 124
204 1145
204 662
204 923
204 304
204 697
204 1092
204 646
204 1234
204 808
204 566
204 1064
204 1075
204 996
204 326
204 1216
204 675
204 948
204 1237
204 783
204 258
204 993
204 222
204 329
204 1106
204 519
204 351
204 1188
204 637
204 1062
204 1000
204 595
204 248
204 905
204 512
204 309
204 1232
204 794
204 803
204 1276
204 894
204 1072
204 1045
204 1107
204 431
204 301
204 887
204 299
204 131
204 362
204 80
204 252
204 625
204 904
204 447
204 282
204 673
204 81
204 345
204 242
204 838
204 19
204 1395
204 467
204 788
204 411
204 97
204 529
204 245
204 1004
204 1084
204 556
204 189
204 809
204 249
204 1081
204 1078
204 857
204 1261
204 1235
204 535
204 530
204 1251
204 657
204 484
204 2
204 455
204 800
204 470
204 1184
204 520
204 187
204 1236
204 1366
204 650
204 291
204 1154
204 690
204 49
204 991
204 4
204 70
204 115
204 943
204 907
204 581
204 498
204 243
204 672
204 294
204 342
204 430
204 226
204 267
204 371
204 893
204 975
204 839
204 666
204 68
204 1267
204 79
204 96
204 389
204 681
204 11
204 1381
204 846
204 992
204 841
204 260
204 37
204 473
204 417
204 456
204 610
204 234
204 1002
204 688
204 126
204 1212
204 154
204 1218
204 1250
204 1313
204 10
204 1091
204 1265
204 1083
204 55
204 134
204 211
204 186
204 354
204 635
204 1233
204 787
204 1248
204 1350
204 477
204 461
204 418
204 922
204 311
204 574
204 683
204 701
204 138
204 631
204 696
204 1111
204 415
204 1332
204 900
204 1009
204 1165
204 544
204 954
204 196
204 1292
204 1266
204 966
204 327
204 1156
204 1334
204 1149
204 632
204 601
204 997
204 347
204 721
204 1272
204 952
204 1283
204 416
204 1244
204 773
204 203
204 1006
204 626
204 183
204 1201
204 266
204 714
204 807
204 811
204 59
204 518
204 999
204 802
204 1093
204 1133
204 859
204 1349
204 323
204 889
204 977
204 674
204 1364
204 1273
204 1299
204 1205
204 168
204 654
204 973
204 387
204 565
204 897
204 220
204 1303
204 1086
204 112
204 570
204 276
204 1
204 394
204 1204
204 939
204 209
204 89
204 346
204 628
204 114
204 876
204 580
204 564
204 1040
204 62
204 1132
204 762
204 848
204 1214
204 1131
204 1225
204 1139
204 1316
204 1195
204 239
204 946
204 1085
204 74
204 321
204 3
204 528
204 769
204 1124
204 1280
204 29
204 54
204 1172
204 228
204 797
204 449
204 917
204 955
204 1385
204 1173
204 1171
204 891
204 262
204 101
204 605
204 770
204 1155
204 406
204 784
204 934
204 352
204 459
204 920
204 563
204 781
204 749
204 1213
204 1215
204 165
204 815
204 283
204 856
204 468
204 1051
204 361
204 182
204 924
204 836
204 798
204 847
204 761
204 522
204 1326
204 604
204 665
204 633
204 710
204 225
204 1336
204 297
204 765
204 576
204 409
204 1114
204 733
204 1008
204 386
204 1309
204 1224
204 1097
204 458
204 1125
204 14
204 1249
204 546
204 1126
204 1142
204 823
204 76
204 799
204 1322
204 1070
204 206
204 961
204 1211
204 1175
204 979
204 629
204 970
204 1356
204 593
204 901
204 31
204 23
204 292
204 569
204 1003
204 949
204 1247
204 1281
204 1230
204 1277
204 938
204 1337
204 141
204 1071
204 421
204 1031
204 296
204 53
204 151
204 1238
204 1177
204 1289
204 962
204 1180
204 806
204 659
204 73
204 379
204 1246
204 201
204 90
204 1315
204 1094
204 36
204 219
204 491
204 1116
204 44
204 550
204 247
204 826
204 1166
204 331
204 630
204 1187
204 334
204 1391
204 623
204 1390
204 1323
204 1104
204 624
204 338
204 403
204 1043
204 121
204 337
204 278
204 1028
204 1341
204 35
204 985
204 553
204 235
204 140
204 600
204 1290
204 132
204 1263
204 433
204 503
204 602
204 506
204 213
204 287
204 1100
204 1362
204 277
204 316
204 8
204 464
204 388
204 956
204 698
204 705
204 903
204 43
204 489
204 558
204 1068
204 261
204 1042
204 288
204 723
204 1182
204 704
204 445
204 198
204 1259
204 369
204 831
204 1279
204 504
204 210
204 495
204 353
204 786
204 1010
204 286
204 735
204 407
204 466
204 224
204 870
204 517
204 1317
204 401
204 1198
204 64
204 328
204 872
204 603
204 810
204 344
204 647
204 1033
204 538
204 1103
204 1240
204 478
204 259
204 155
204 990
204 1221
204 1335
204 40
204 1351
204 91
204 1207
204 720
204 974
204 842
204 1030
204 850
204 1399
204 583
204 319
204 105
204 899
204 707
204 1306
204 1223
204 736
204 487
204 947
204 1119
204 1383
204 805
204 306
204 1066
204 964
204 549
204 442
204 300
204 874
204 1056
204 642
204 699
204 1398
204 152
204 166
204 661
204 175
204 729
204 380
204 1264
204 1019
204 1096
204 110
204 1373
204 21
204 125
204 1136
204 703
204 1129
204 858
204 926
204 746
204 1153
204 925
204 1135
204 743
204 875
204 1130
204 634
204 588
204 751
204 169
204 594
204 1239
204 230
204 685
204 715
204 1143
204 959
204 658
204 1144
204 789
204 65
204 582
204 981
204 561
204 1367
204 254
204 1192
204 48
204 285
204 757
204 241
204 1038
204 1069
204 1021
204 315
204 1361
204 1011
204 42
204 1324
204 1199
204 279
204 645
204 7
204 918
204 989
204 591
204 1222
204 1032
204 909
204 1095
204 414
204 860
204 590
204 340
204 677
204 953
204 275
204 1005
204 598
204 1046
204 102
204 933
204 1327
204 559
204 156
204 865
204 1098
204 711
204 791
204 1053
204 457
204 437
204 358
204 1067
204 1301
204 454
204 448
204 830
204 892
204 592
204 1209
204 767
204 915
204 534
204 1338
204 983
204 1178
204 928
204 611
204 500
204 1321
204 122
204 1099
204 109
204 641
204 597
204 303
204 1190
204 1169
204 108
204 375
204 1374
204 722
204 737
204 686
204 355
204 1118
204 497
204 1134
204 649
204 822
204 896
204 1287
204 434
204 356
204 450
204 849
204 1197
204 215
204 554
204 246
204 1159
204 1054
204 1243
204 145
204 1331
204 772
204 1393
204 212
204 1363
204 727
204 217
204 578
204 780
204 1325
204 782
204 615
204 957
204 428
204 945
204 1312
204 27
204 1396
204 982
204 142
204 543
204 568
204 9
204 1167
204 1196
204 547
204 427
204 638
204 233
204 195
204 1164
204 314
204 87
204 397
204 1255
204 481
204 318
204 216
204 413
204 61
204 253
204 930
204 1183
204 144
204 644
204 1147
204 1365
204 1329
204 15
204 293
204 269
204 129
204 1055
204 1254
204 33
204 579
204 75
204 16
204 792
204 548
204 1208
204 1110
204 391
204 1400
204 69
204 381
204 1151
204 1109
204 606
204 1304
204 712
204 613
204 60
204 390
204 557
204 1059
204 542
204 1052
204 1077
204 302
204 682
204 377
204 190
204 998
204 263
204 364
204 620
204 1185
204 758
204 52
204 754
204 348
204 1343
204 1217
204 1241
204 157
204 1013
204 1018
204 531
204 171
204 1117
204 1128
204 184
204 1270
204 290
204 984
204 511
204 84
204 227
204 867
204 204
204 116
204 1282
204 1193
204 912
204 236
204 1346
204 1295
204 713
204 942
204 1115
204 439
204 1297
204 852
204 618
204 691
204 919
204 1057
204 814
204 20
204 921
204 426
204 760
204 828
204 1163
204 191
204 804
204 51
204 332
204 801
204 1220
204 349
204 614
204 66
204 170
204 395
204 177
204 764
204 599
204 1034
204 560
204 317
204 1203
204 453
204 541
204 229
204 289
204 717
204 270
204 24
204 486
204 172
204 493
204 1342
204 1380
204 753
204 1300
204 660
204 92
204 1137
204 100
204 1296
204 452
204 373
204 274
204 441
204 1226
204 589
204 827
204 185
204 199
204 82
204 77
204 1047
204 976
204 83
204 163
204 244
204 160
204 1121
204 164
204 1138
204 1113
204 1127
204 162
204 167
204 1122
204 1120
204 161
204 1112
204 158
204 1123
204 238
204 159
204 1017
204 237
204 1027
204 1048
204 1044
204 1041
204 1037
204 214
204 1036
204 1035
204 218
204 1029
204 221
204 1108
204 1026
204 223
204 1016
204 1025
204 1024
204 1023
204 1022
204 1020
204 231
204 1049
204 207
204 1050
204 1015
204 178
204 1105
204 180
204 181
204 1102
204 1101
204 1089
204 1088
204 1087
204 1079
204 1073
204 1065
204 1063
204 1061
204 1060
204 149
204 200
204 1058
204 202
204 150
204 1189
204 148
204 72
204 1348
204 34
204 1347
204 1345
204 1344
204 41
204 1340
204 1333
204 1330
204 45
204 46
204 47
204 1328
204 1320
204 50
204 1318
204 1314
204 1308
204 1305
204 1302
204 1298
204 1294
204 67
204 1293
204 1291
204 32
204 1353
204 30
204 1379
204 1397
204 1394
204 1392
204 5
204 6
204 1389
204 1388
204 1387
204 1384
204 12
204 13
204 1377
204 1354
204 1376
204 17
204 18
204 1372
204 1369
204 22
204 1360
204 1359
204 1358
204 1357
204 28
204 71
204 1288
204 1140
204 1286
204 118
204 119
204 1186
204 1181
204 1179
204 1176
204 1174
204 127
204 1170
204 1168
204 130
204 1162
204 1161
204 1160
204 135
204 136
204 137
204 1158
204 1152
204 1150
204 1148
204 143
204 1146
204 1141
204 146
204 1194
204 1202
204 113
204 93
204 1284
204 78
204 1278
204 1275
204 1269
204 86
204 1268
204 88
204 1260
204 1257
204 1256
204 1252
204 111
204 1245
204 1242
204 1228
204 99
204 103
204 104
204 1219
204 106
204 107
204 1210
204 1206
204 1014
204 271
204 1012
204 1007
204 741
204 432
204 740
204 739
204 738
204 436
204 734
204 438
204 440
204 732
204 731
204 730
204 728
204 446
204 726
204 725
204 724
204 719
204 451
204 718
204 716
204 709
204 460
204 708
204 462
204 463
204 706
204 742
204 429
204 744
204 759
204 775
204 396
204 774
204 398
204 399
204 400
204 771
204 402
204 768
204 404
204 405
204 408
204 410
204 745
204 412
204 756
204 755
204 752
204 750
204 419
204 420
204 748
204 422
204 747
204 424
204 425
204 702
204 684
204 469
204 524
204 609
204 509
204 510
204 608
204 607
204 515
204 516
204 596
204 587
204 521
204 586
204 523
204 585
204 505
204 526
204 527
204 584
204 577
204 575
204 532
204 533
204 571
204 555
204 552
204 539
204 551
204 507
204 616
204 676
204 648
204 471
204 472
204 670
204 474
204 669
204 476
204 656
204 479
204 480
204 651
204 482
204 483
204 485
204 502
204 643
204 488
204 640
204 490
204 639
204 627
204 622
204 621
204 619
204 499
204 617
204 501
204 393
204 392
204 776
204 890
204 284
204 916
204 914
204 913
204 911
204 910
204 908
204 906
204 295
204 902
204 898
204 895
204 888
204 280
204 886
204 885
204 884
204 883
204 882
204 881
204 880
204 879
204 878
204 877
204 873
204 313
204 281
204 929
204 869
204 960
204 995
204 988
204 987
204 980
204 978
204 251
204 969
204 968
204 255
204 256
204 965
204 963
204 958
204 931
204 951
204 950
204 264
204 265
204 944
204 268
204 940
204 272
204 273
204 936
204 935
204 932
204 871
204 868
204 777
204 813
204 820
204 357
204 819
204 359
204 360
204 818
204 817
204 816
204 365
204 366
204 367
204 368
204 812
204 824
204 374
204 376
204 378
204 795
204 793
204 382
204 790
204 384
204 385
204 785
204 779
204 778
204 821
204 825
204 866
204 845
204 320
204 864
204 322
204 863
204 862
204 325
204 855
204 854
204 853
204 330
204 851
204 333
204 844
204 350
204 336
204 843
204 840
204 339
204 837
204 341
204 835
204 343
204 834
204 833
204 832
204 829
204 700
