205 1287
205 1321
205 55
205 337
205 959
205 1076
205 78
205 1381
205 1322
205 135
205 4
205 80
205 207
205 1364
205 133
205 73
205 1311
205 610
205 1192
205 655
205 1367
205 72
205 1386
205 9
205 336
205 527
205 461
205 1109
205 142
205 1384
205 326
205 933
205 307
205 345
205 406
205 1355
205 1100
205 504
205 79
205 334
205 1149
205 126
205 547
205 21
205 148
205 3
205 376
205 1182
205 352
205 1366
205 1205
205 457
205 1301
205 187
205 241
205 1241
205 540
205 1185
205 355
205 664
205 662
205 37
205 629
205 222
205 1281
205 1383
205 912
205 1200
205 335
205 1257
205 50
205 134
205 71
205 1228
205 261
205 1320
205 260
205 382
205 1323
205 1199
205 240
205 339
205 1225
205 333
205 418
205 1268
205 1213
205 364
205 256
205 1260
205 84
205 1264
205 300
205 1240
205 1235
205 661
205 1197
205 1155
205 1300
205 899
205 294
205 305
205 306
205 475
205 251
205 365
205 1220
205 393
205 54
205 327
205 145
205 381
205 344
205 479
205 525
205 459
205 784
205 1254
205 62
205 1324
205 458
205 189
205 254
205 1349
205 671
205 40
205 996
205 1377
205 310
205 1222
205 74
205 16
205 366
205 564
205 192
205 378
205 1365
205 1035
205 375
205 569
205 1278
205 23
205 798
205 1171
205 474
205 1145
205 572
205 265
205 789
205 101
205 1072
205 553
205 1382
205 358
205 481
205 1385
205 782
205 808
205 292
205 1317
205 111
205 560
205 562
205 568
205 1237
205 713
205 526
205 1039
205 992
205 89
205 838
205 565
205 353
205 284
205 131
205 272
205 1372
205 413
205 170
205 528
205 24
205 314
205 7
205 689
205 328
205 931
205 948
205 105
205 1263
205 271
205 962
205 460
205 532
205 611
205 465
205 2
205 710
205 1154
205 1302
205 1325
205 36
205 843
205 1066
205 342
205 555
205 1001
205 290
205 781
205 1146
205 1395
205 651
205 1030
205 417
205 814
205 180
205 529
205 754
205 49
205 898
205 1062
205 346
205 1130
205 841
205 349
205 397
205 1356
205 90
205 435
205 1162
205 165
205 1119
205 315
205 1242
205 42
205 1231
205 343
205 516
205 570
205 971
205 97
205 155
205 1212
205 493
205 321
205 45
205 322
205 1362
205 94
205 34
205 340
205 584
205 439
205 573
205 386
205 59
205 559
205 255
205 1313
205 960
205 487
205 1236
205 1161
205 563
205 1250
205 667
205 291
205 623
205 377
205 1
205 1180
205 293
205 1354
205 121
205 243
205 455
205 348
205 1368
205 496
205 1353
205 128
205 1226
205 309
205 304
205 43
205 693
205 743
205 497
205 1163
205 391
205 1198
205 599
205 1172
205 477
205 228
205 979
205 383
205 484
205 889
205 324
205 794
205 329
205 919
205 855
205 1211
205 938
205 646
205 692
205 1350
205 478
205 107
205 8
205 997
205 432
205 546
205 872
205 123
205 954
205 892
205 859
205 1282
205 538
205 1021
205 1309
205 826
205 1394
205 489
205 1307
205 977
205 637
205 1246
205 120
205 1289
205 363
205 626
205 202
205 1166
205 663
205 1227
205 224
205 861
205 1274
205 668
205 829
205 96
205 17
205 53
205 1375
205 308
205 1215
205 934
205 891
205 316
205 712
205 512
205 191
205 972
205 1046
205 1319
205 330
205 209
205 973
205 522
205 978
205 1261
205 505
205 273
205 464
205 761
205 944
205 347
205 685
205 1173
205 125
205 451
205 150
205 585
205 76
205 625
205 1000
205 796
205 895
205 665
205 943
205 672
205 535
205 373
205 325
205 600
205 188
205 1244
205 1051
205 269
205 1393
205 1107
205 643
205 542
205 873
205 1074
205 982
205 1371
205 605
205 815
205 286
205 965
205 1190
205 399
205 1214
205 98
205 104
205 749
205 1116
205 1087
205 929
205 82
205 1387
205 179
205 809
205 182
205 666
205 5
205 1209
205 140
205 799
205 1151
205 1071
205 645
205 630
205 1262
205 1191
205 11
205 287
205 1392
205 244
205 1099
205 63
205 759
205 783
205 1083
205 283
205 956
205 981
205 1337
205 1358
205 1351
205 205
205 862
205 1184
205 925
205 91
205 748
205 502
205 100
205 186
205 469
205 539
205 747
205 1210
205 554
205 338
205 280
205 1070
205 242
205 1357
205 708
205 442
205 788
205 395
205 863
205 470
205 195
205 1082
205 571
205 792
205 587
205 1142
205 492
205 401
205 266
205 830
205 22
205 634
205 173
205 961
205 839
205 1093
205 267
205 25
205 367
205 47
205 946
205 1294
205 552
205 127
205 1243
205 1014
205 679
205 1251
205 534
205 416
205 537
205 964
205 1188
205 627
205 773
205 1075
205 920
205 212
205 1397
205 1292
205 197
205 652
205 509
205 974
205 454
205 274
205 372
205 48
205 233
205 1069
205 174
205 350
205 1055
205 257
205 117
205 688
205 650
205 409
205 1253
205 124
205 544
205 1104
205 952
205 394
205 1040
205 580
205 288
205 198
205 638
205 466
205 987
205 730
205 232
205 379
205 514
205 598
205 624
205 268
205 115
205 1400
205 721
205 30
205 495
205 1067
205 696
205 1271
205 927
205 1098
205 453
205 303
205 930
205 1017
205 29
205 915
205 628
205 282
205 700
205 201
205 576
205 1352
205 331
205 695
205 976
205 675
205 1306
205 129
205 1275
205 673
205 434
205 112
205 958
205 1080
205 1128
205 827
205 39
205 110
205 1167
205 1305
205 60
205 57
205 734
205 10
205 549
205 1135
205 1118
205 856
205 550
205 184
205 88
205 370
205 556
205 935
205 851
205 428
205 1288
205 1391
205 640
205 1056
205 320
205 1277
205 601
205 1304
205 790
205 463
205 967
205 950
205 518
205 427
205 785
205 388
205 939
205 1053
205 1065
205 299
205 1370
205 947
205 1374
205 318
205 1347
205 61
205 1019
205 604
205 857
205 641
205 99
205 659
205 574
205 1105
205 67
205 193
205 767
205 485
205 945
205 608
205 141
205 918
205 922
205 1187
205 858
205 694
205 1229
205 230
205 1031
205 990
205 988
205 774
205 531
205 917
205 887
205 163
205 1303
205 119
205 229
205 609
205 780
205 1141
205 1106
205 1043
205 844
205 178
205 635
205 940
205 443
205 448
205 1379
205 1290
205 757
205 19
205 12
205 905
205 160
205 989
205 1284
205 1129
205 258
205 51
205 387
205 1245
205 766
205 805
205 994
205 400
205 1373
205 731
205 447
205 966
205 175
205 825
205 357
205 1314
205 1050
205 1267
205 845
205 642
205 38
205 1160
205 452
205 1369
205 1077
205 1189
205 1156
205 854
205 758
205 715
205 902
205 311
205 893
205 1117
205 1206
205 220
205 1013
205 1168
205 551
205 648
205 717
205 567
205 753
205 1328
205 875
205 1248
205 916
205 1359
205 894
205 503
205 678
205 1216
205 1157
205 903
205 422
205 151
205 312
205 1348
205 697
205 374
205 295
205 106
205 1059
205 676
205 687
205 426
205 739
205 410
205 1122
205 823
205 486
205 289
205 1147
205 462
205 425
205 714
205 276
205 270
205 354
205 657
205 955
205 932
205 199
205 865
205 877
205 1342
205 1308
205 1006
205 986
205 618
205 1002
205 264
205 824
205 1398
205 298
205 1378
205 85
205 1221
205 607
205 423
205 1396
205 1063
205 369
205 1196
205 1341
205 1247
205 225
205 953
205 850
205 56
205 1183
205 983
205 102
205 122
205 711
205 1239
205 491
205 1113
205 1047
205 1376
205 801
205 490
205 81
205 878
205 1194
205 797
205 620
205 1338
205 993
205 323
205 351
205 1121
205 436
205 763
205 911
205 612
205 1299
205 500
205 1310
205 433
205 901
205 606
205 707
205 557
205 177
205 536
205 168
205 108
205 725
205 159
205 1052
205 172
205 176
205 636
205 248
205 558
205 1081
205 513
205 362
205 480
205 1331
205 770
205 1061
205 196
205 1094
205 658
205 521
205 907
205 1249
205 741
205 1272
205 215
205 27
205 1201
205 1280
205 772
205 736
205 171
205 680
205 1159
205 1380
205 677
205 103
205 1327
205 1078
205 44
205 593
205 1095
205 1126
205 415
205 216
205 1164
205 147
205 87
205 158
205 818
205 1177
205 139
205 793
205 1125
205 498
205 760
205 704
205 446
205 1044
205 740
205 746
205 1008
205 506
205 732
205 424
205 6
205 221
205 729
205 811
205 450
205 1091
205 800
205 472
205 926
205 214
205 390
205 52
205 476
205 1153
205 1025
205 1202
205 519
205 1217
205 1004
205 1233
205 836
205 771
205 149
205 984
205 1068
205 690
205 245
205 566
205 359
205 14
205 936
205 1088
205 420
205 816
205 421
205 1127
205 1363
205 720
205 852
205 1144
205 20
205 246
205 1041
205 116
205 975
205 970
205 1335
205 812
205 277
205 980
205 1230
205 1036
205 18
205 828
205 70
205 804
205 1181
205 614
205 1169
205 722
205 999
205 699
205 1326
205 1252
205 1108
205 1114
205 1259
205 1165
205 709
205 1273
205 227
205 1193
205 1219
205 1333
205 317
205 1343
205 683
205 252
205 733
205 644
205 991
205 928
205 213
205 219
205 1296
205 341
205 456
205 541
205 33
205 686
205 1097
205 1092
205 1344
205 296
205 1224
205 869
205 1195
205 185
205 837
205 776
205 166
205 167
205 904
205 777
205 169
205 1266
205 684
205 778
205 65
205 1255
205 1265
205 779
205 880
205 682
205 681
205 803
205 674
205 1258
205 1256
205 26
205 775
205 164
205 153
205 701
205 146
205 1399
205 31
205 834
205 847
205 1270
205 698
205 152
205 154
205 28
205 1269
205 156
205 157
205 802
205 900
205 848
205 691
205 161
205 162
205 181
205 183
205 879
205 211
205 1232
205 203
205 204
205 1389
205 206
205 660
205 208
205 874
205 210
205 1223
205 143
205 1390
205 871
205 656
205 795
205 654
205 653
205 870
205 217
205 218
205 1388
205 832
205 200
205 791
205 833
205 786
205 15
205 906
205 13
205 787
205 670
205 190
205 669
205 908
205 909
205 194
205 876
205 1238
205 910
205 1234
205 913
205 914
205 849
205 144
205 32
205 66
205 1339
205 842
205 1316
205 1315
205 737
205 92
205 884
205 93
205 1312
205 95
205 735
205 752
205 868
205 853
205 1340
205 840
205 890
205 728
205 727
205 755
205 756
205 738
205 86
205 702
205 750
205 885
205 68
205 69
205 64
205 1334
205 1336
205 1332
205 886
205 75
205 1330
205 742
205 77
205 1329
205 745
205 751
205 744
205 888
205 58
205 83
205 1318
205 726
205 724
205 883
205 132
205 896
205 1286
205 881
205 1285
205 1360
205 1283
205 897
205 130
205 706
205 1279
205 723
205 35
205 705
205 1276
205 136
205 137
205 138
205 703
205 835
205 1361
205 716
205 718
205 1291
205 1293
205 1298
205 882
205 1345
205 46
205 109
205 1346
205 762
205 764
205 765
205 921
205 113
205 114
205 41
205 768
205 846
205 1295
205 118
205 719
205 769
205 1297
205 1029
205 649
205 1005
205 1079
205 998
205 396
205 1073
205 398
205 1003
205 820
205 402
205 403
205 404
205 405
205 407
205 1011
205 408
205 1064
205 533
205 411
205 412
205 530
205 414
205 1007
205 1009
205 1060
205 1010
205 392
205 821
205 995
205 389
205 360
205 361
205 1102
205 1101
205 1096
205 368
205 561
205 822
205 371
205 985
205 813
205 864
205 548
205 1090
205 1089
205 380
205 1086
205 1085
205 1084
205 384
205 385
205 545
205 543
205 419
205 524
205 356
205 1042
205 499
205 1022
205 1023
205 1049
205 1048
205 817
205 1045
205 494
205 1024
205 1026
205 488
205 467
205 523
205 468
205 1038
205 1037
205 471
205 1027
205 473
205 1034
205 1028
205 1033
205 1032
205 483
205 501
205 1020
205 1018
205 449
205 1012
205 520
205 517
205 515
205 429
205 430
205 431
205 1058
205 1015
205 819
205 1057
205 1016
205 437
205 438
205 511
205 440
205 441
205 1054
205 510
205 444
205 445
205 508
205 507
205 1103
205 969
205 647
205 619
205 866
205 259
205 262
205 263
205 937
205 941
205 1186
205 622
205 1179
205 621
205 1178
205 1176
205 613
205 1175
205 275
205 617
205 278
205 279
205 1174
205 281
205 831
205 1170
205 285
205 616
205 867
205 631
205 632
205 253
205 223
205 923
205 226
205 1218
205 924
205 231
205 639
205 806
205 234
205 235
205 236
205 237
205 238
205 239
205 1208
205 482
205 1204
205 1203
205 247
205 807
205 249
205 250
205 633
205 615
205 942
205 968
205 810
205 957
205 1136
205 1134
205 1133
205 1132
205 1131
205 583
205 860
205 332
205 582
205 581
205 1124
205 603
205 1123
205 579
205 578
205 1120
205 577
205 575
205 1115
205 963
205 1112
205 1111
205 1110
205 1137
205 1138
205 586
205 319
205 1158
205 602
205 949
205 297
205 951
205 597
205 596
205 301
205 302
205 595
205 594
205 1152
205 1150
205 1148
205 592
205 1143
205 591
205 590
205 313
205 589
205 1140
205 1139
205 588
205 1207
