207 1341
207 1290
207 1338
207 749
207 362
207 365
207 747
207 1111
207 442
207 189
207 859
207 593
207 643
207 879
207 391
207 678
207 948
207 686
207 766
207 1339
207 878
207 857
207 1337
207 439
207 380
207 52
207 1188
207 858
207 76
207 748
207 753
207 1008
207 204
207 1154
207 14
207 699
207 458
207 202
207 230
207 698
207 174
207 696
207 712
207 434
207 679
207 703
207 695
207 441
207 1185
207 1302
207 899
207 920
207 15
207 335
207 1257
207 247
207 661
207 780
207 455
207 1362
207 781
207 919
207 946
207 921
207 874
207 366
207 902
207 1241
207 856
207 1040
207 1062
207 794
207 746
207 685
207 225
207 433
207 971
207 599
207 205
207 525
207 229
207 308
207 880
207 547
207 173
207 803
207 338
207 632
207 444
207 864
207 305
207 274
207 147
207 1364
207 923
207 623
207 655
207 285
207 333
207 59
207 1094
207 916
207 432
207 671
207 1064
207 84
207 1384
207 390
207 1076
207 513
207 530
207 676
207 779
207 925
207 1361
207 1039
207 200
207 634
207 1091
207 673
207 565
207 773
207 568
207 1036
207 991
207 306
207 89
207 970
207 638
207 876
207 1225
207 288
207 337
207 1075
207 315
207 46
207 151
207 191
207 475
207 123
207 999
207 128
207 793
207 39
207 573
207 464
207 928
207 924
207 110
207 1334
207 69
207 440
207 666
207 797
207 918
207 195
207 420
207 461
207 264
207 355
207 540
207 636
207 709
207 1353
207 382
207 1340
207 336
207 894
207 490
207 459
207 383
207 279
207 272
207 1
207 719
207 1182
207 591
207 1332
207 752
207 701
207 509
207 798
207 1198
207 862
207 13
207 796
207 1169
207 250
207 1032
207 627
207 1336
207 520
207 704
207 180
207 353
207 197
207 16
207 792
207 284
207 1239
207 282
207 572
207 592
207 256
207 287
207 674
207 215
207 135
207 166
207 1272
207 395
207 328
207 1186
207 294
207 645
207 1243
207 216
207 1209
207 1170
207 311
207 1381
207 700
207 914
207 1289
207 1349
207 743
207 534
207 1333
207 658
207 1300
207 877
207 895
207 1355
207 710
207 121
207 576
207 1161
207 1095
207 1035
207 1331
207 826
207 146
207 1260
207 480
207 1317
207 131
207 892
207 1012
207 226
207 617
207 364
207 78
207 481
207 1240
207 577
207 344
207 53
207 3
207 303
207 552
207 17
207 1229
207 694
207 295
207 672
207 692
207 1380
207 228
207 45
207 783
207 37
207 1254
207 31
207 4
207 1101
207 754
207 1365
207 222
207 1055
207 972
207 757
207 1205
207 227
207 42
207 416
207 373
207 993
207 1139
207 791
207 334
207 63
207 1074
207 973
207 1024
207 1115
207 569
207 1112
207 60
207 545
207 1090
207 1328
207 170
207 922
207 1342
207 1335
207 526
207 965
207 819
207 980
207 1307
207 818
207 486
207 966
207 77
207 1232
207 600
207 1195
207 1226
207 496
207 125
207 680
207 601
207 1207
207 708
207 1370
207 316
207 1321
207 1056
207 299
207 249
207 1218
207 893
207 789
207 346
207 811
207 165
207 1246
207 300
207 435
207 1089
207 465
207 1000
207 289
207 1266
207 1261
207 1389
207 1071
207 1215
207 608
207 1162
207 575
207 1281
207 22
207 668
207 1038
207 612
207 66
207 834
207 1077
207 1212
207 693
207 255
207 510
207 816
207 377
207 1371
207 324
207 1382
207 637
207 1263
207 47
207 186
207 1270
207 348
207 681
207 477
207 652
207 363
207 1220
207 199
207 244
207 484
207 419
207 997
207 580
207 326
207 799
207 640
207 625
207 1007
207 1242
207 96
207 561
207 50
207 721
207 376
207 381
207 414
207 646
207 103
207 820
207 939
207 929
207 675
207 860
207 354
207 304
207 1100
207 265
207 598
207 1197
207 239
207 1092
207 62
207 504
207 32
207 1369
207 619
207 813
207 555
207 1245
207 133
207 358
207 97
207 1274
207 56
207 1199
207 683
207 1250
207 1343
207 527
207 349
207 127
207 1322
207 664
207 251
207 989
207 1319
207 553
207 616
207 1223
207 1320
207 1219
207 1351
207 901
207 1344
207 107
207 563
207 460
207 1216
207 650
207 322
207 1144
207 713
207 198
207 975
207 1136
207 339
207 1264
207 1238
207 1149
207 1163
207 633
207 448
207 756
207 959
207 1179
207 497
207 478
207 889
207 1233
207 624
207 649
207 830
207 595
207 1141
207 784
207 785
207 1004
207 1159
207 802
207 505
207 43
207 768
207 1372
207 134
207 1124
207 261
207 515
207 457
207 271
207 1301
207 246
207 521
207 821
207 479
207 1276
207 829
207 1291
207 628
207 1041
207 1280
207 1053
207 1383
207 788
207 1262
207 275
207 393
207 1155
207 861
207 217
207 629
207 92
207 95
207 192
207 72
207 100
207 19
207 345
207 992
207 1078
207 70
207 209
207 771
207 727
207 468
207 930
207 71
207 94
207 86
207 453
207 1031
207 21
207 855
207 1292
207 949
207 1251
207 1202
207 618
207 654
207 1297
207 1391
207 795
207 868
207 1214
207 809
207 1325
207 109
207 597
207 1311
207 406
207 164
207 734
207 124
207 12
207 343
207 827
207 325
207 1184
207 1082
207 1187
207 24
207 808
207 206
207 1356
207 30
207 677
207 152
207 101
207 1164
207 954
207 755
207 254
207 917
207 1192
207 996
207 410
207 214
207 235
207 313
207 320
207 463
207 1052
207 1244
207 1352
207 977
207 329
207 1293
207 145
207 1061
207 1106
207 812
207 682
207 1347
207 291
207 73
207 1010
207 23
207 630
207 111
207 881
207 162
207 1247
207 810
207 656
207 978
207 234
207 220
207 149
207 183
207 1168
207 2
207 615
207 1256
207 55
207 413
207 1138
207 201
207 178
207 105
207 986
207 962
207 212
207 224
207 782
207 583
207 570
207 213
207 1278
207 522
207 786
207 277
207 1046
207 512
207 476
207 1295
207 961
207 839
207 846
207 193
207 163
207 610
207 596
207 1057
207 375
207 276
207 1109
207 1366
207 519
207 873
207 1003
207 1277
207 711
207 1125
207 800
207 262
207 1059
207 9
207 232
207 1386
207 1235
207 731
207 421
207 562
207 452
207 436
207 221
207 1044
207 964
207 765
207 488
207 833
207 57
207 579
207 309
207 423
207 327
207 54
207 1359
207 321
207 1140
207 1373
207 1315
207 1394
207 854
207 764
207 417
207 347
207 737
207 981
207 150
207 1268
207 155
207 503
207 260
207 551
207 938
207 863
207 648
207 1018
207 307
207 1210
207 539
207 34
207 823
207 912
207 705
207 207
207 1222
207 422
207 80
207 1228
207 142
207 148
207 587
207 172
207 1174
207 314
207 1134
207 397
207 585
207 252
207 352
207 1237
207 586
207 714
207 44
207 33
207 427
207 988
207 1326
207 425
207 837
207 117
207 293
207 528
207 83
207 1177
207 762
207 1354
207 7
207 1001
207 298
207 1131
207 844
207 607
207 493
207 82
207 611
207 176
207 761
207 1271
207 1137
207 979
207 934
207 933
207 564
207 1211
207 1348
207 160
207 266
207 614
207 588
207 1248
207 1213
207 589
207 502
207 1083
207 415
207 8
207 941
207 927
207 1208
207 242
207 446
207 1190
207 185
207 360
207 292
207 1093
207 169
207 1088
207 578
207 241
207 1142
207 653
207 1200
207 883
207 317
207 1203
207 68
207 622
207 1206
207 310
207 1236
207 897
207 943
207 79
207 378
207 872
207 537
207 888
207 1282
207 538
207 605
207 132
207 1385
207 1324
207 379
207 431
207 511
207 40
207 58
207 974
207 340
207 467
207 1363
207 976
207 1128
207 290
207 74
207 559
207 736
207 394
207 651
207 1180
207 158
207 1350
207 1400
207 428
207 1173
207 662
207 1368
207 1020
207 188
207 253
207 1107
207 268
207 529
207 211
207 342
207 28
207 937
207 602
207 767
207 548
207 210
207 263
207 369
207 824
207 998
207 1395
207 1377
207 1294
207 542
207 1114
207 801
207 536
207 179
207 297
207 1117
207 1204
207 240
207 518
207 732
207 424
207 177
207 1231
207 386
207 1080
207 450
207 560
207 462
207 1345
207 663
207 472
207 584
207 1034
207 822
207 88
207 852
207 1051
207 1309
207 691
207 908
207 535
207 283
207 1108
207 707
207 1172
207 667
207 113
207 1288
207 891
207 20
207 426
207 1230
207 825
207 690
207 359
207 845
207 944
207 187
207 688
207 270
207 104
207 144
207 828
207 1329
207 318
207 487
207 61
207 332
207 182
207 604
207 257
207 603
207 851
207 659
207 36
207 1191
207 296
207 466
207 571
207 269
207 126
207 1375
207 1323
207 357
207 960
207 641
207 739
207 18
207 843
207 1181
207 489
207 140
207 1284
207 1259
207 1273
207 620
207 112
207 1193
207 1072
207 1047
207 401
207 1296
207 267
207 1157
207 903
207 454
207 733
207 644
207 388
207 341
207 689
207 730
207 1224
207 1387
207 1310
207 168
207 1201
207 49
207 25
207 1313
207 1023
207 167
207 1022
207 233
207 1002
207 1378
207 231
207 1005
207 1025
207 208
207 171
207 987
207 1026
207 951
207 968
207 995
207 1196
207 1027
207 157
207 238
207 1367
207 237
207 1030
207 159
207 994
207 236
207 1029
207 947
207 950
207 990
207 161
207 1028
207 1006
207 952
207 196
207 1360
207 181
207 223
207 1014
207 982
207 963
207 190
207 1374
207 967
207 985
207 1017
207 184
207 1016
207 219
207 1015
207 969
207 1019
207 983
207 203
207 175
207 1013
207 958
207 1011
207 1376
207 984
207 957
207 956
207 955
207 194
207 1009
207 953
207 218
207 1021
207 156
207 118
207 154
207 41
207 1135
207 1133
207 1132
207 1393
207 1130
207 48
207 1129
207 51
207 1392
207 1127
207 1126
207 1123
207 1122
207 1121
207 1120
207 1119
207 1118
207 1116
207 64
207 65
207 67
207 1113
207 1390
207 1183
207 1110
207 1105
207 75
207 1143
207 1145
207 153
207 1146
207 1176
207 1175
207 5
207 6
207 1171
207 1167
207 10
207 11
207 1166
207 1398
207 1397
207 1396
207 1165
207 1160
207 1158
207 1156
207 26
207 27
207 29
207 1153
207 1152
207 1151
207 1150
207 1148
207 35
207 1147
207 38
207 1104
207 1103
207 1102
207 1099
207 1066
207 119
207 120
207 1065
207 122
207 1063
207 1060
207 1058
207 1054
207 129
207 130
207 1050
207 1049
207 1048
207 136
207 137
207 138
207 139
207 141
207 1045
207 143
207 1043
207 1042
207 1194
207 1037
207 1379
207 1033
207 116
207 115
207 114
207 1085
207 1098
207 81
207 1097
207 1096
207 1388
207 85
207 1087
207 87
207 90
207 91
207 1086
207 93
207 1084
207 1067
207 1081
207 98
207 99
207 1079
207 1189
207 102
207 1073
207 106
207 1070
207 108
207 1069
207 1068
207 945
207 286
207 243
207 485
207 716
207 447
207 715
207 449
207 451
207 1252
207 1253
207 1305
207 456
207 1304
207 1303
207 706
207 1255
207 702
207 1399
207 1258
207 697
207 469
207 470
207 471
207 473
207 474
207 1299
207 687
207 684
207 482
207 483
207 445
207 1306
207 443
207 728
207 741
207 407
207 408
207 409
207 740
207 411
207 412
207 738
207 735
207 418
207 1314
207 729
207 726
207 717
207 725
207 724
207 429
207 430
207 723
207 1312
207 722
207 720
207 718
207 437
207 438
207 1308
207 1265
207 1267
207 942
207 1269
207 531
207 532
207 533
207 621
207 613
207 609
207 606
207 541
207 543
207 544
207 546
207 549
207 550
207 594
207 1283
207 554
207 556
207 557
207 558
207 1285
207 590
207 582
207 581
207 574
207 566
207 567
207 1286
207 626
207 631
207 1279
207 660
207 1298
207 491
207 492
207 670
207 494
207 495
207 669
207 498
207 499
207 500
207 501
207 665
207 506
207 635
207 507
207 508
207 657
207 647
207 514
207 516
207 517
207 1275
207 642
207 639
207 523
207 524
207 405
207 404
207 403
207 402
207 890
207 1346
207 887
207 886
207 885
207 884
207 882
207 1221
207 875
207 871
207 870
207 301
207 302
207 869
207 867
207 866
207 865
207 1227
207 853
207 312
207 850
207 849
207 848
207 847
207 319
207 842
207 841
207 1287
207 1217
207 896
207 915
207 245
207 940
207 1358
207 248
207 1357
207 936
207 935
207 932
207 931
207 926
207 258
207 259
207 913
207 281
207 911
207 910
207 909
207 907
207 906
207 273
207 905
207 904
207 900
207 278
207 898
207 280
207 323
207 840
207 838
207 385
207 372
207 772
207 374
207 770
207 769
207 763
207 760
207 759
207 758
207 751
207 1318
207 384
207 387
207 370
207 389
207 750
207 1316
207 392
207 1249
207 745
207 744
207 396
207 742
207 398
207 399
207 400
207 371
207 368
207 836
207 805
207 835
207 832
207 831
207 330
207 331
207 1330
207 1327
207 817
207 815
207 814
207 807
207 806
207 804
207 367
207 350
207 351
207 1234
207 790
207 356
207 787
207 778
207 361
207 777
207 776
207 775
207 774
207 1178
