208 1291
208 1344
208 163
208 1345
208 1347
208 1124
208 1352
208 164
208 275
208 566
208 1380
208 1346
208 1256
208 1348
208 638
208 1289
208 624
208 357
208 69
208 709
208 279
208 716
208 671
208 816
208 683
208 1217
208 226
208 749
208 1342
208 1259
208 1239
208 815
208 678
208 1219
208 1218
208 204
208 245
208 484
208 1305
208 712
208 699
208 982
208 1092
208 991
208 1204
208 944
208 1266
208 1212
208 650
208 713
208 77
208 44
208 567
208 225
208 1173
208 758
208 994
208 316
208 125
208 698
208 1177
208 431
208 780
208 1080
208 812
208 601
208 1196
208 701
208 1188
208 33
208 147
208 465
208 707
208 719
208 674
208 443
208 1039
208 659
208 146
208 379
208 1323
208 368
208 1339
208 688
208 205
208 783
208 947
208 1163
208 1343
208 513
208 759
208 356
208 1332
208 1331
208 141
208 781
208 1300
208 123
208 415
208 899
208 922
208 1000
208 717
208 155
208 1247
208 615
208 232
208 1265
208 797
208 421
208 287
208 992
208 794
208 715
208 411
208 628
208 1334
208 811
208 452
208 1272
208 1164
208 1
208 631
208 216
208 297
208 235
208 679
208 206
208 1201
208 1242
208 1244
208 697
208 613
208 561
208 632
208 896
208 156
208 813
208 1101
208 203
208 441
208 218
208 548
208 1179
208 583
208 861
208 1287
208 978
208 711
208 702
208 801
208 946
208 274
208 1121
208 729
208 999
208 208
208 554
208 1169
208 360
208 196
208 1107
208 689
208 910
208 1112
208 1114
208 673
208 757
208 1313
208 972
208 874
208 796
208 1153
208 958
208 998
208 383
208 1333
208 246
208 453
208 86
208 690
208 763
208 525
208 1066
208 728
208 348
208 1078
208 52
208 516
208 1226
208 1379
208 171
208 25
208 923
208 1082
208 233
208 197
208 448
208 442
208 189
208 636
208 1263
208 456
208 1319
208 870
208 470
208 651
208 985
208 32
208 658
208 416
208 1104
208 142
208 708
208 654
208 82
208 247
208 249
208 1355
208 252
208 901
208 371
208 1292
208 529
208 614
208 1207
208 1384
208 733
208 384
208 960
208 838
208 149
208 809
208 129
208 363
208 1356
208 785
208 79
208 342
208 1098
208 1328
208 70
208 1075
208 1216
208 390
208 1304
208 792
208 311
208 124
208 1076
208 847
208 296
208 544
208 1214
208 1389
208 1280
208 721
208 964
208 1341
208 347
208 321
208 980
208 282
208 547
208 172
208 753
208 573
208 1225
208 194
208 705
208 312
208 791
208 186
208 598
208 272
208 1274
208 530
208 571
208 137
208 1043
208 975
208 57
208 692
208 160
208 73
208 1064
208 40
208 945
208 680
208 428
208 482
208 1062
208 120
208 737
208 576
208 1192
208 1349
208 1034
208 625
208 1246
208 211
208 1282
208 66
208 1249
208 198
208 94
208 1197
208 267
208 528
208 635
208 570
208 1154
208 1373
208 672
208 1074
208 304
208 20
208 1115
208 948
208 830
208 353
208 509
208 449
208 1065
208 987
208 1156
208 704
208 188
208 290
208 288
208 140
208 1297
208 741
208 767
208 200
208 114
208 1229
208 675
208 787
208 213
208 182
208 606
208 685
208 1320
208 773
208 1243
208 318
208 641
208 779
208 1155
208 555
208 1340
208 518
208 592
208 362
208 700
208 928
208 667
208 621
208 503
208 798
208 179
208 600
208 1279
208 493
208 520
208 1260
208 1236
208 837
208 148
208 406
208 1081
208 1018
208 596
208 925
208 965
208 187
208 1147
208 634
208 337
208 1191
208 1268
208 1234
208 637
208 1277
208 51
208 966
208 1211
208 440
208 369
208 377
208 234
208 924
208 14
208 417
208 956
208 666
208 446
208 1248
208 150
208 897
208 961
208 1231
208 1252
208 36
208 1007
208 568
208 742
208 927
208 53
208 1031
208 1394
208 23
208 772
208 546
208 748
208 1258
208 1391
208 981
208 765
208 807
208 1186
208 827
208 1024
208 911
208 693
208 133
208 860
208 1336
208 292
208 1370
208 1165
208 962
208 55
208 254
208 905
208 165
208 885
208 588
208 113
208 754
208 54
208 1093
208 1353
208 519
208 95
208 920
208 506
208 1232
208 514
208 1005
208 1317
208 869
208 877
208 917
208 27
208 599
208 201
208 799
208 176
208 239
208 505
208 85
208 29
208 808
208 227
208 391
208 618
208 162
208 736
208 168
208 892
208 859
208 364
208 305
208 1096
208 8
208 616
208 1390
208 1028
208 7
208 1002
208 1127
208 959
208 494
208 564
208 1296
208 575
208 74
208 633
208 1193
208 315
208 1377
208 786
208 769
208 435
208 617
208 260
208 469
208 359
208 990
208 496
208 193
208 9
208 919
208 486
208 627
208 81
208 4
208 677
208 1008
208 1310
208 695
208 746
208 803
208 49
208 1381
208 116
208 210
208 996
208 918
208 174
208 706
208 11
208 300
208 1350
208 61
208 1089
208 824
208 967
208 423
208 664
208 574
208 1240
208 1040
208 242
208 515
208 56
208 997
208 1335
208 663
208 101
208 451
208 1251
208 294
208 89
208 222
208 117
208 42
208 96
208 467
208 533
208 814
208 941
208 217
208 646
208 1105
208 68
208 856
208 262
208 939
208 352
208 34
208 665
208 766
208 462
208 499
208 412
208 230
208 1203
208 1044
208 722
208 138
208 1327
208 481
208 127
208 1184
208 1053
208 565
208 229
208 841
208 132
208 1128
208 593
208 473
208 299
208 764
208 1271
208 401
208 590
208 1141
208 175
208 731
208 867
208 306
208 645
208 118
208 559
208 1195
208 1351
208 106
208 725
208 250
208 122
208 139
208 826
208 325
208 938
208 857
208 1306
208 277
208 492
208 380
208 324
208 1330
208 1273
208 971
208 283
208 323
208 5
208 828
208 1190
208 829
208 202
208 1386
208 326
208 209
208 1083
208 334
208 37
208 562
208 836
208 190
208 942
208 166
208 986
208 1167
208 626
208 424
208 694
208 556
208 913
208 370
208 100
208 289
208 1299
208 933
208 1241
208 255
208 434
208 531
208 569
208 943
208 1215
208 822
208 1329
208 1038
208 224
208 1303
208 609
208 26
208 1138
208 1126
208 109
208 770
208 720
208 647
208 687
208 512
208 497
208 1311
208 346
208 1180
208 1325
208 388
208 237
208 784
208 1047
208 887
208 1063
208 610
208 1314
208 466
208 338
208 1142
208 823
208 882
208 1157
208 248
208 724
208 72
208 912
208 159
208 475
208 1396
208 1145
208 1006
208 1393
208 622
208 1182
208 977
208 629
208 591
208 1209
208 231
208 1368
208 886
208 661
208 328
208 539
208 560
208 727
208 1198
208 603
208 976
208 1337
208 572
208 30
208 293
208 276
208 104
208 258
208 115
208 270
208 1118
208 1275
208 266
208 536
208 1094
208 375
208 1227
208 696
208 550
208 256
208 433
208 83
208 284
208 157
208 295
208 396
208 71
208 331
208 1250
208 1051
208 831
208 1284
208 655
208 789
208 854
208 1097
208 623
208 1322
208 730
208 1270
208 317
208 541
208 710
208 653
208 1123
208 1309
208 825
208 1307
208 329
208 1205
208 59
208 793
208 244
208 1224
208 545
208 372
208 1033
208 788
208 263
208 853
208 343
208 92
208 1100
208 1362
208 444
208 184
208 1137
208 43
208 782
208 261
208 1235
208 361
208 19
208 584
208 445
208 608
208 553
208 13
208 639
208 1057
208 286
208 974
208 714
208 662
208 385
208 1301
208 1281
208 45
208 1366
208 1360
208 517
208 257
208 1208
208 540
208 1375
208 158
208 1149
208 264
208 888
208 973
208 1172
208 1151
208 691
208 1257
208 180
208 1221
208 921
208 970
208 1365
208 410
208 301
208 743
208 893
208 979
208 1030
208 110
208 1025
208 1264
208 319
208 105
208 810
208 1206
208 1223
208 185
208 16
208 1131
208 762
208 1162
208 1139
208 170
208 351
208 35
208 395
208 1245
208 1398
208 1117
208 50
208 993
208 253
208 345
208 419
208 21
208 463
208 522
208 302
208 523
208 916
208 80
208 112
208 134
208 1111
208 1009
208 408
208 404
208 1004
208 875
208 1213
208 432
208 464
208 751
208 1371
208 989
208 594
208 426
208 151
208 806
208 131
208 1019
208 1200
208 1029
208 1367
208 400
208 212
208 1067
208 144
208 644
208 936
208 1364
208 682
208 872
208 527
208 154
208 549
208 1119
208 1050
208 1069
208 251
208 291
208 1361
208 1324
208 524
208 1037
208 902
208 868
208 873
208 1397
208 750
208 909
208 1095
208 340
208 848
208 461
208 953
208 173
208 1359
208 1102
208 542
208 894
208 761
208 102
208 865
208 62
208 243
208 1290
208 1321
208 437
208 756
208 1148
208 790
208 582
208 534
208 1338
208 495
208 983
208 48
208 1054
208 1161
208 458
208 1262
208 845
208 1099
208 597
208 303
208 307
208 1210
208 1395
208 1288
208 686
208 6
208 355
208 988
208 1189
208 954
208 649
208 526
208 413
208 450
208 849
208 819
208 818
208 1261
208 167
208 851
208 846
208 1061
208 425
208 1055
208 1254
208 1159
208 535
208 145
208 1392
208 657
208 1035
208 1354
208 63
208 121
208 543
208 611
208 500
208 1129
208 926
208 87
208 397
208 1237
208 604
208 630
208 930
208 843
208 1132
208 1181
208 1001
208 1238
208 269
208 1316
208 777
208 1110
208 403
208 1302
208 1091
208 605
208 1400
208 738
208 1109
208 39
208 447
208 60
208 1106
208 1363
208 602
208 1077
208 1222
208 1385
208 308
208 800
208 489
208 891
208 620
208 504
208 734
208 314
208 1013
208 454
208 876
208 191
208 1294
208 1383
208 580
208 1372
208 332
208 511
208 58
208 259
208 1295
208 839
208 220
208 552
208 76
208 128
208 1113
208 1059
208 2
208 760
208 152
208 1382
208 907
208 47
208 1326
208 78
208 1220
208 349
208 344
208 476
208 858
208 889
208 1199
208 240
208 24
208 219
208 660
208 1202
208 640
208 1144
208 199
208 501
208 1071
208 929
208 884
208 940
208 111
208 595
208 1072
208 589
208 130
208 119
208 937
208 587
208 931
208 126
208 935
208 178
208 1374
208 932
208 934
208 498
208 1376
208 586
208 474
208 177
208 914
208 485
208 1084
208 483
208 153
208 1233
208 477
208 908
208 906
208 898
208 900
208 904
208 480
208 161
208 903
208 479
208 1079
208 169
208 491
208 915
208 890
208 135
208 136
208 490
208 1073
208 478
208 1369
208 1357
208 1358
208 488
208 143
208 502
208 895
208 487
208 1194
208 1070
208 394
208 108
208 107
208 28
208 1017
208 1016
208 31
208 1015
208 1014
208 1012
208 1011
208 38
208 1010
208 41
208 557
208 558
208 1003
208 1045
208 46
208 521
208 1048
208 1049
208 1020
208 532
208 1021
208 12
208 3
208 1042
208 1041
208 1046
208 538
208 1036
208 10
208 537
208 1032
208 22
208 551
208 15
208 1027
208 17
208 18
208 1026
208 1023
208 1022
208 563
208 995
208 1052
208 97
208 88
208 957
208 90
208 91
208 955
208 93
208 1378
208 607
208 98
208 508
208 99
208 952
208 951
208 585
208 103
208 950
208 949
208 1068
208 507
208 963
208 577
208 1056
208 1228
208 578
208 579
208 984
208 1230
208 64
208 65
208 67
208 1388
208 84
208 1387
208 1058
208 1060
208 969
208 75
208 510
208 968
208 581
208 181
208 468
208 183
208 752
208 670
208 1170
208 747
208 745
208 327
208 744
208 740
208 330
208 739
208 333
208 335
208 336
208 735
208 339
208 1168
208 341
208 1278
208 409
208 732
208 322
208 320
208 774
208 1125
208 1253
208 298
208 771
208 768
208 420
208 668
208 418
208 1286
208 669
208 1255
208 309
208 310
208 1285
208 1120
208 313
208 1122
208 1283
208 414
208 755
208 1130
208 726
208 1276
208 350
208 374
208 1150
208 376
208 1152
208 378
208 402
208 676
208 381
208 382
208 399
208 1158
208 684
208 386
208 387
208 398
208 389
208 1160
208 681
208 392
208 373
208 405
208 1399
208 1135
208 723
208 407
208 1133
208 354
208 1166
208 718
208 1134
208 358
208 1136
208 1146
208 1140
208 1269
208 1143
208 365
208 366
208 367
208 1267
208 703
208 422
208 775
208 883
208 1185
208 214
208 215
208 1318
208 855
208 852
208 221
208 459
208 223
208 850
208 457
208 1315
208 455
208 228
208 1088
208 1183
208 1312
208 844
208 236
208 842
208 460
208 1087
208 776
208 862
208 881
208 880
208 879
208 878
208 472
208 192
208 1085
208 471
208 195
208 612
208 393
208 871
208 1086
208 619
208 866
208 864
208 863
208 207
208 1187
208 238
208 840
208 241
208 1178
208 268
208 652
208 1103
208 1174
208 656
208 273
208 430
208 1108
208 278
208 1298
208 280
208 281
208 429
208 427
208 285
208 1116
208 778
208 1293
208 1171
208 795
208 1175
208 265
208 820
208 835
208 834
208 833
208 1308
208 832
208 1090
208 821
208 642
208 643
208 436
208 648
208 817
208 1176
208 439
208 438
208 805
208 804
208 802
208 271
