209 959
209 358
209 461
209 240
209 996
209 55
209 1364
209 798
209 651
209 1228
209 187
209 457
209 339
209 526
209 4
209 23
209 135
209 16
209 1383
209 376
209 291
209 455
209 1281
209 1225
209 335
209 336
209 671
209 3
209 1278
209 256
209 72
209 1386
209 45
209 207
209 527
209 326
209 1241
209 418
209 383
209 610
209 899
209 1076
209 1106
209 487
209 872
209 406
209 315
209 89
209 271
209 54
209 189
209 1382
209 1301
209 337
209 1367
209 458
209 145
209 38
209 960
209 21
209 1263
209 1385
209 9
209 1384
209 1216
209 562
209 53
209 382
209 377
209 1264
209 940
209 306
209 333
209 1323
209 254
209 261
209 131
209 148
209 121
209 547
209 1182
209 311
209 623
209 343
209 111
209 563
209 1220
209 629
209 294
209 348
209 413
209 292
209 316
209 346
209 98
209 142
209 1268
209 972
209 364
209 974
209 1149
209 540
209 1324
209 305
209 933
209 134
209 257
209 799
209 460
209 410
209 1187
209 416
209 327
209 378
209 1260
209 979
209 534
209 664
209 242
209 17
209 258
209 475
209 961
209 1287
209 170
209 1154
209 222
209 439
209 459
209 155
209 71
209 1372
209 1200
209 300
209 1222
209 34
209 37
209 900
209 1366
209 310
209 7
209 1245
209 710
209 393
209 484
209 417
209 105
209 97
209 96
209 661
209 1368
209 564
209 478
209 1275
209 381
209 265
209 150
209 304
209 74
209 125
209 1235
209 489
209 375
209 50
209 126
209 59
209 62
209 553
209 241
209 133
209 1365
209 80
209 789
209 555
209 344
209 1072
209 1240
209 1237
209 1351
209 646
209 514
209 450
209 479
209 24
209 992
209 1282
209 861
209 569
209 307
209 180
209 352
209 1254
209 124
209 774
209 191
209 1109
209 1355
209 1213
209 777
209 255
209 892
209 560
209 503
209 73
209 398
209 977
209 1325
209 355
209 192
209 342
209 334
209 1215
209 1244
209 115
209 1080
209 397
209 76
209 299
209 528
209 366
209 94
209 1261
209 1184
209 1192
209 40
209 340
209 576
209 522
209 535
209 1107
209 481
209 309
209 1354
209 19
209 655
209 272
209 2
209 558
209 140
209 322
209 1185
209 775
209 568
209 538
209 435
209 365
209 550
209 1302
209 1180
209 802
209 943
209 1212
209 1353
209 784
209 912
209 244
209 585
209 570
209 273
209 565
209 754
209 973
209 976
209 491
209 662
209 1394
209 1371
209 939
209 925
209 525
209 873
209 966
209 1233
209 165
209 1321
209 773
209 204
209 611
209 690
209 123
209 965
209 173
209 1239
209 601
209 26
209 1262
209 529
209 308
209 1155
209 314
209 260
209 328
209 666
209 345
209 1100
209 353
209 186
209 151
209 84
209 1322
209 1375
209 757
209 794
209 269
209 504
209 572
209 477
209 590
209 428
209 1381
209 1205
209 329
209 1251
209 537
209 797
209 901
209 267
209 1311
209 149
209 1040
209 209
209 1214
209 1376
209 668
209 465
209 536
209 1274
209 63
209 493
209 321
209 675
209 810
209 33
209 608
209 539
209 1142
209 363
209 464
209 1319
209 1257
209 394
209 573
209 49
209 154
209 347
209 672
209 559
209 554
209 944
209 1236
209 591
209 1099
209 689
209 1198
209 476
209 793
209 325
209 999
209 1181
209 1391
209 1310
209 1349
209 341
209 751
209 667
209 266
209 902
209 386
209 625
209 1226
209 43
209 652
209 349
209 166
209 1199
209 324
209 706
209 110
209 920
209 243
209 22
209 1284
209 117
209 99
209 469
209 107
209 657
209 440
209 108
209 1083
209 1126
209 1307
209 1006
209 1114
209 630
209 188
209 318
209 792
209 1248
209 557
209 967
209 474
209 56
209 1242
209 983
209 1374
209 1110
209 463
209 498
209 962
209 388
209 1395
209 927
209 179
209 1193
209 372
209 604
209 87
209 167
209 663
209 659
209 245
209 1061
209 857
209 1300
209 588
209 297
209 998
209 278
209 688
209 185
209 456
209 567
209 184
209 467
209 658
209 1209
209 101
209 632
209 128
209 1250
209 785
209 696
209 157
209 11
209 25
209 387
209 856
209 1336
209 70
209 112
209 303
209 1189
209 160
209 298
209 607
209 1339
209 61
209 423
209 1210
209 205
209 791
209 427
209 815
209 1003
209 472
209 1001
209 293
209 127
209 218
209 546
209 231
209 270
209 1309
209 60
209 137
209 174
209 193
209 705
209 918
209 1331
209 395
209 824
209 1370
209 1369
209 772
209 1007
209 634
209 1211
209 1253
209 91
209 1288
209 317
209 502
209 113
209 8
209 709
209 338
209 466
209 421
209 1141
209 1196
209 865
209 788
209 1074
209 1377
209 283
209 18
209 820
209 276
209 903
209 665
209 182
209 1162
209 1005
209 1246
209 169
209 516
209 119
209 571
209 36
209 296
209 500
209 79
209 1194
209 120
209 763
209 268
209 889
209 1221
209 1123
209 1363
209 373
209 846
209 780
209 713
209 190
209 727
209 195
209 88
209 1350
209 543
209 771
209 1
209 600
209 350
209 1055
209 626
209 586
209 81
209 1108
209 796
209 981
209 1122
209 1104
209 228
209 578
209 1273
209 1356
209 1163
209 685
209 1084
209 351
209 103
209 1195
209 807
209 495
209 1393
209 826
209 712
209 415
209 57
209 1270
209 1039
209 1231
209 683
209 708
209 452
209 638
209 587
209 402
209 1081
209 1296
209 434
209 301
209 982
209 855
209 1252
209 323
209 941
209 404
209 1298
209 505
209 197
209 453
209 237
209 809
209 506
209 1379
209 75
209 556
209 816
209 882
209 734
209 1157
209 531
209 649
209 935
209 948
209 541
209 964
209 437
209 1259
209 645
209 801
209 287
209 320
209 227
209 1304
209 225
209 1164
209 462
209 766
209 1053
209 379
209 104
209 1289
209 747
209 252
209 1057
209 803
209 132
209 497
209 1347
209 978
209 401
209 234
209 118
209 409
209 765
209 1191
209 44
209 1018
209 633
209 65
209 870
209 985
209 760
209 1010
209 761
209 984
209 163
209 1338
209 332
209 852
209 1207
209 700
209 1172
209 48
209 6
209 986
209 1128
209 924
209 494
209 177
209 1224
209 589
209 808
209 1082
209 217
209 12
209 490
209 660
209 385
209 1290
209 442
209 389
209 39
209 468
209 507
209 731
209 669
209 47
209 230
209 236
209 583
209 894
209 679
209 212
209 313
209 430
209 574
209 1232
209 1047
209 854
209 1267
209 330
209 432
209 1313
209 721
209 1188
209 1139
209 722
209 496
209 220
209 67
209 551
209 764
209 648
209 391
209 232
209 897
209 90
209 486
209 1249
209 637
209 422
209 198
209 577
209 1348
209 1295
209 579
209 673
209 1327
209 1132
209 407
209 28
209 602
209 1256
209 1201
209 949
209 921
209 106
209 987
209 653
209 1277
209 27
209 1337
209 1143
209 1161
209 371
209 989
209 742
209 530
209 399
209 425
209 1092
209 216
209 354
209 1392
209 1173
209 206
209 628
209 282
209 5
209 264
209 893
209 183
209 779
209 913
209 1283
209 1390
209 592
209 420
209 744
209 549
209 109
209 934
209 1183
209 947
209 975
209 566
209 239
209 990
209 1065
209 787
209 360
209 1206
209 620
209 86
209 1009
209 859
209 1153
209 277
209 211
209 869
209 1234
209 1056
209 1299
209 32
209 1203
209 544
209 356
209 1238
209 196
209 612
209 521
209 168
209 14
209 172
209 640
209 445
209 1089
209 1148
209 1272
209 614
209 362
209 357
209 248
209 370
209 1159
209 656
209 1098
209 711
209 545
209 116
209 770
209 908
209 686
209 485
209 533
209 1186
209 945
209 1105
209 922
209 1000
209 1078
209 736
209 1297
209 729
209 814
209 483
209 988
209 499
209 680
209 1073
209 575
209 1306
209 1255
209 319
209 818
209 1223
209 795
209 963
209 175
209 895
209 858
209 161
209 1144
209 213
209 1112
209 542
209 720
209 280
209 1151
209 35
209 1165
209 790
209 624
209 1008
209 518
209 732
209 424
209 1190
209 1179
209 968
209 78
209 682
209 584
209 1266
209 146
209 1014
209 208
209 312
209 203
209 359
209 1342
209 906
209 1315
209 523
209 1330
209 753
209 916
209 511
209 224
209 58
209 691
209 443
209 129
209 687
209 851
209 970
209 942
209 739
209 85
209 1041
209 919
209 701
209 426
209 1230
209 917
209 719
209 501
209 102
209 1086
209 144
209 1124
209 994
209 1036
209 1227
209 915
209 641
209 980
209 221
209 470
209 580
209 827
209 201
209 93
209 843
209 1158
209 122
209 993
209 1269
209 1043
209 1085
209 750
209 597
209 1204
209 176
209 717
209 444
209 1318
209 82
209 295
209 643
209 1202
209 159
209 1219
209 361
209 561
209 1328
209 817
209 714
209 1147
209 991
209 997
209 454
209 733
209 644
209 830
209 138
209 1280
209 448
209 1119
209 1059
209 380
209 748
209 69
209 606
209 214
209 1373
209 1167
209 730
209 1093
209 749
209 1344
209 508
209 800
209 627
209 1387
209 1332
209 52
209 1334
209 1292
209 171
209 247
209 702
209 64
209 697
209 259
209 1265
209 433
209 1002
209 1303
209 593
209 837
209 147
209 1341
209 1247
209 1271
209 288
209 693
209 152
209 699
209 51
209 488
209 1326
209 1156
209 692
209 635
209 1024
209 781
209 907
209 1064
209 1229
209 1343
209 229
209 825
209 289
209 603
209 1166
209 274
209 767
209 704
209 199
209 1316
209 1137
209 235
209 1138
209 226
209 223
209 233
209 1140
209 1389
209 1136
209 1312
209 10
209 1314
209 158
209 68
209 249
209 263
209 262
209 1118
209 1120
209 1121
209 1335
209 1333
209 1125
209 1398
209 1127
209 253
209 1397
209 251
209 250
209 1329
209 66
209 46
209 246
209 1129
209 1130
209 1131
209 1388
209 1396
209 1340
209 1133
209 1320
209 1134
209 1317
209 238
209 1135
209 1308
209 92
209 219
209 1169
209 139
209 1208
209 20
209 29
209 178
209 1170
209 181
209 143
209 136
209 1168
209 1378
209 1217
209 1218
209 1117
209 141
209 1357
209 30
209 164
209 156
209 162
209 1358
209 153
209 1360
209 1178
209 1177
209 1171
209 1176
209 1175
209 1197
209 1174
209 1361
209 1362
209 1380
209 130
209 77
209 1294
209 95
209 1291
209 1359
209 1293
209 41
209 1146
209 1145
209 1285
209 210
209 42
209 13
209 83
209 215
209 1305
209 1286
209 100
209 31
209 1152
209 1243
209 1160
209 1352
209 1258
209 114
209 1346
209 194
209 202
209 1276
209 1345
209 1150
209 15
209 1279
209 200
209 743
209 1020
209 1116
209 838
209 860
209 853
209 850
209 849
209 848
209 847
209 845
209 844
209 842
209 841
209 840
209 581
209 582
209 839
209 836
209 1115
209 835
209 834
209 594
209 595
209 596
209 598
209 599
209 833
209 832
209 831
209 605
209 829
209 609
209 828
209 862
209 863
209 864
209 866
209 512
209 513
209 515
209 517
209 519
209 520
209 891
209 524
209 890
209 888
209 887
209 886
209 885
209 884
209 532
209 883
209 881
209 880
209 879
209 878
209 877
209 876
209 875
209 874
209 871
209 548
209 868
209 552
209 867
209 613
209 615
209 616
209 677
209 681
209 684
209 762
209 759
209 758
209 694
209 695
209 756
209 698
209 1399
209 703
209 755
209 707
209 752
209 746
209 715
209 716
209 718
209 723
209 724
209 725
209 726
209 745
209 728
209 735
209 737
209 738
209 740
209 741
209 678
209 676
209 617
209 768
209 618
209 619
209 621
209 622
209 823
209 822
209 821
209 819
209 631
209 636
209 813
209 639
209 642
209 812
209 811
209 647
209 650
209 806
209 805
209 654
209 804
209 786
209 783
209 782
209 778
209 776
209 670
209 769
209 674
209 510
209 509
209 896
209 1062
209 1058
209 1054
209 1052
209 1051
209 331
209 1050
209 1049
209 1048
209 1046
209 1045
209 1044
209 1042
209 1038
209 1037
209 1035
209 1034
209 1033
209 1032
209 1031
209 1030
209 1029
209 1028
209 1027
209 1026
209 1025
209 1023
209 1022
209 1021
209 367
209 1060
209 1063
209 369
209 1066
209 1113
209 1111
209 1103
209 1102
209 275
209 1101
209 279
209 281
209 1097
209 284
209 285
209 286
209 1096
209 290
209 1095
209 1094
209 1091
209 1090
209 1088
209 1087
209 302
209 1079
209 1077
209 1075
209 1071
209 1070
209 1069
209 1068
209 1067
209 368
209 1019
209 898
209 953
209 441
209 446
209 447
209 449
209 951
209 451
209 950
209 946
209 938
209 937
209 936
209 932
209 931
209 930
209 929
209 928
209 926
209 471
209 473
209 923
209 480
209 482
209 914
209 911
209 910
209 492
209 909
209 905
209 904
209 952
209 438
209 374
209 954
209 1017
209 1016
209 1015
209 1013
209 1012
209 1011
209 384
209 1004
209 390
209 392
209 995
209 396
209 400
209 403
209 405
209 408
209 411
209 412
209 414
209 971
209 969
209 419
209 958
209 957
209 429
209 431
209 956
209 955
209 436
209 1400
