210 1172
210 1145
210 1171
210 1126
210 938
210 743
210 1133
210 887
210 1068
210 1071
210 953
210 956
210 831
210 739
210 1070
210 885
210 957
210 1067
210 1125
210 1132
210 760
210 897
210 761
210 1173
210 1118
210 1031
210 740
210 886
210 889
210 891
210 1037
210 826
210 1117
210 843
210 769
210 642
210 1130
210 741
210 852
210 929
210 862
210 841
210 934
210 1119
210 1055
210 1050
210 1128
210 1131
210 1052
210 763
210 828
210 1034
210 1122
210 830
210 839
210 744
210 1129
210 1030
210 1177
210 926
210 848
210 894
210 822
210 890
210 915
210 935
210 838
210 853
210 1322
210 1013
210 1051
210 898
210 955
210 268
210 1043
210 102
210 932
210 1364
210 823
210 847
210 1053
210 1044
210 1045
210 765
210 1048
210 851
210 1294
210 993
210 1123
210 928
210 863
210 601
210 1014
210 1060
210 931
210 51
210 952
210 836
210 1033
210 191
210 1400
210 1127
210 827
210 31
210 1321
210 442
210 1049
210 1309
210 1174
210 927
210 1178
210 1146
210 603
210 937
210 948
210 1042
210 936
210 177
210 251
210 116
210 859
210 1137
210 1392
210 112
210 1054
210 1350
210 241
210 88
210 222
210 1023
210 854
210 627
210 1026
210 1069
210 1039
210 846
210 1135
210 394
210 1056
210 1021
210 916
210 120
210 742
210 392
210 1035
210 1022
210 850
210 454
210 484
210 139
210 596
210 650
210 393
210 1399
210 412
210 930
210 78
210 173
210 176
210 451
210 600
210 1155
210 1293
210 1040
210 1333
210 599
210 820
210 1263
210 409
210 187
210 419
210 1134
210 764
210 470
210 857
210 824
210 500
210 1264
210 783
210 814
210 148
210 1358
210 1036
210 1175
210 508
210 28
210 1136
210 1038
210 815
210 1236
210 1001
210 1386
210 5
210 951
210 1203
210 1371
210 55
210 1357
210 188
210 1349
210 713
210 809
210 87
210 664
210 84
210 1116
210 781
210 1248
210 85
210 1138
210 400
210 1156
210 260
210 692
210 856
210 284
210 888
210 1361
210 1062
210 1285
210 726
210 339
210 1120
210 179
210 569
210 1362
210 734
210 71
210 532
210 975
210 1075
210 334
210 837
210 833
210 1387
210 202
210 1242
210 1041
210 504
210 1381
210 232
210 1154
210 644
210 514
210 1012
210 1356
210 693
210 1360
210 1029
210 1074
210 550
210 453
210 662
210 174
210 310
210 391
210 1274
210 1124
210 379
210 57
210 1066
210 849
210 583
210 1015
210 1277
210 1363
210 276
210 1106
210 1319
210 522
210 1019
210 875
210 825
210 186
210 367
210 1340
210 1162
210 1024
210 291
210 421
210 1016
210 44
210 1354
210 263
210 759
210 971
210 516
210 766
210 321
210 80
210 798
210 1329
210 462
210 625
210 1337
210 1058
210 123
210 94
210 224
210 72
210 414
210 490
210 512
210 258
210 535
210 79
210 464
210 777
210 1090
210 782
210 1046
210 149
210 593
210 858
210 234
210 1332
210 279
210 540
210 317
210 1225
210 1027
210 11
210 883
210 1253
210 463
210 1121
210 1163
210 918
210 1000
210 910
210 907
210 422
210 1232
210 1017
210 737
210 248
210 256
210 288
210 207
210 1353
210 138
210 670
210 73
210 1227
210 9
210 1181
210 1100
210 221
210 126
210 610
210 580
210 485
210 253
210 962
210 36
210 994
210 456
210 954
210 457
210 844
210 1247
210 1065
210 672
210 15
210 265
210 1082
210 1254
210 613
210 341
210 519
210 874
210 132
210 213
210 1092
210 1330
210 1187
210 166
210 12
210 808
210 675
210 933
210 712
210 870
210 1292
210 372
210 636
210 89
210 773
210 312
210 91
210 1352
210 515
210 1258
210 1271
210 1377
210 1020
210 1047
210 653
210 533
210 425
210 1375
210 733
210 787
210 272
210 723
210 56
210 467
210 1059
210 497
210 205
210 1315
210 669
210 633
210 645
210 829
210 604
210 140
210 344
210 109
210 483
210 1246
210 219
210 290
210 1072
210 513
210 1327
210 869
210 356
210 286
210 189
210 19
210 1282
210 115
210 144
210 498
210 682
210 941
210 1200
210 595
210 182
210 311
210 714
210 90
210 345
210 639
210 842
210 541
210 1199
210 229
210 175
210 800
210 417
210 388
210 573
210 811
210 283
210 655
210 475
210 1396
210 996
210 62
210 403
210 492
210 696
210 810
210 1032
210 1314
210 26
210 1028
210 434
210 304
210 1296
210 751
210 197
210 301
210 45
210 1231
210 770
210 1320
210 1194
210 567
210 1211
210 963
210 720
210 1004
210 1398
210 694
210 465
210 1313
210 141
210 1389
210 509
210 37
210 486
210 1114
210 1176
210 566
210 972
210 708
210 1166
210 689
210 1334
210 970
210 16
210 130
210 172
210 4
210 1281
210 704
210 54
210 735
210 736
210 495
210 10
210 1230
210 950
210 634
210 14
210 946
210 476
210 1205
210 231
210 333
210 34
210 1157
210 303
210 370
210 496
210 905
210 97
210 184
210 365
210 418
210 864
210 423
210 1238
210 428
210 1002
210 803
210 245
210 728
210 1210
210 1259
210 243
210 297
210 401
210 1323
210 658
210 877
210 673
210 721
210 924
210 1311
210 74
210 1239
210 965
210 568
210 570
210 966
210 209
210 168
210 1185
210 193
210 917
210 893
210 1367
210 1226
210 757
210 1390
210 868
210 1279
210 439
210 131
210 695
210 991
210 1057
210 1376
210 598
210 93
210 1214
210 340
210 117
210 1184
210 614
210 1335
210 269
210 1303
210 1165
210 571
210 49
210 884
210 1207
210 7
210 351
210 316
210 687
210 201
210 668
210 53
210 902
210 386
210 99
210 671
210 1342
210 46
210 426
210 1081
210 729
210 337
210 82
210 986
210 940
210 29
210 3
210 472
210 282
210 198
210 1249
210 1305
210 215
210 527
210 1326
210 981
210 549
210 352
210 480
210 799
210 22
210 525
210 1370
210 845
210 1250
210 772
210 458
210 1359
210 38
210 615
210 1382
210 605
210 587
210 1287
210 262
210 1288
210 666
210 1273
210 171
210 790
210 58
210 218
210 1222
210 585
210 133
210 452
210 730
210 6
210 319
210 450
210 427
210 801
210 582
210 1268
210 216
210 230
210 1219
210 48
210 52
210 481
210 665
210 160
210 997
210 1105
210 67
210 242
210 612
210 274
210 289
210 1355
210 1191
210 76
210 1192
210 1201
210 1221
210 563
210 250
210 785
210 1091
210 1300
210 1317
210 904
210 979
210 42
210 780
210 488
210 606
210 410
210 660
210 1003
210 949
210 724
210 710
210 43
210 635
210 1093
210 1379
210 287
210 792
210 685
210 92
210 1216
210 546
210 652
210 680
210 431
210 416
210 411
210 266
210 1245
210 255
210 473
210 491
210 366
210 640
210 1241
210 1307
210 1144
210 762
210 529
210 738
210 697
210 589
210 1378
210 679
210 992
210 982
210 715
210 1297
210 855
210 63
210 121
210 552
210 50
210 35
210 1346
210 147
210 433
210 335
210 39
210 754
210 146
210 225
210 128
210 1083
210 747
210 277
210 1018
210 47
210 371
210 1234
210 686
210 114
210 719
210 244
210 308
210 558
210 1328
210 576
210 914
210 913
210 1229
210 959
210 420
210 374
210 804
210 196
210 448
210 1097
210 756
210 556
210 212
210 24
210 347
210 66
210 637
210 1010
210 346
210 876
210 663
210 626
210 1262
210 183
210 1195
210 1198
210 64
210 565
210 643
210 435
210 1276
210 545
210 1103
210 33
210 354
210 1233
210 794
210 718
210 618
210 443
210 1180
210 922
210 779
210 1372
210 40
210 707
210 1063
210 324
210 364
210 1341
210 939
210 705
210 1366
210 349
210 1306
210 711
210 487
210 294
210 805
210 1113
210 326
210 129
210 878
210 892
210 252
210 1025
210 528
210 1338
210 767
210 667
210 1310
210 536
210 1107
210 436
210 466
210 70
210 1289
210 25
210 228
210 1395
210 967
210 1111
210 305
210 430
210 226
210 646
210 469
210 1009
210 1267
210 1104
210 169
210 505
210 194
210 1076
210 151
210 1094
210 1143
210 700
210 1272
210 548
210 285
210 1161
210 1159
210 1380
210 1243
210 1204
210 1209
210 1011
210 1078
210 947
210 1291
210 961
210 591
210 631
210 1095
210 104
210 233
210 1164
210 572
210 1202
210 900
210 105
210 818
210 624
210 239
210 791
210 1336
210 164
210 358
210 124
210 1283
210 185
210 293
210 211
210 1006
210 958
210 592
210 330
210 199
210 257
210 574
210 280
210 101
210 1257
210 474
210 960
210 30
210 406
210 122
210 214
210 654
210 1
210 1190
210 390
210 165
210 1153
210 722
210 8
210 717
210 59
210 261
210 816
210 383
210 240
210 1008
210 518
210 1325
210 1080
210 1064
210 554
210 246
210 363
210 681
210 1261
210 1393
210 727
210 807
210 578
210 135
210 912
210 688
210 657
210 307
210 945
210 1312
210 553
210 812
210 27
210 690
210 973
210 468
210 195
210 314
210 296
210 413
210 2
210 1183
210 1098
210 1351
210 1365
210 1237
210 796
210 651
210 1383
210 999
210 699
210 1139
210 75
210 1252
210 415
210 1208
210 342
210 709
210 1220
210 381
210 1151
210 623
210 170
210 1304
210 901
210 557
210 110
210 542
210 1213
210 302
210 1290
210 602
210 506
210 758
210 489
210 987
210 348
210 309
210 588
210 1343
210 943
210 192
210 1270
210 984
210 247
210 227
210 134
210 432
210 1193
210 236
210 259
210 691
210 1188
210 985
210 220
210 638
210 20
210 921
210 974
210 903
210 1182
210 964
210 562
210 332
210 152
210 369
210 661
210 797
210 1373
210 155
210 564
210 206
210 292
210 1224
210 96
210 328
210 1235
210 373
210 806
210 210
210 77
210 329
210 1316
210 190
210 1284
210 41
210 1086
210 1085
210 1084
210 1318
210 1099
210 1088
210 1087
210 1108
210 1102
210 1089
210 178
210 1308
210 1302
210 1101
210 180
210 181
210 1301
210 1299
210 1298
210 1286
210 1295
210 1096
210 1345
210 1324
210 1385
210 1369
210 1061
210 208
210 1374
210 13
210 1384
210 1388
210 1079
210 1391
210 1007
210 1394
210 1397
210 1005
210 217
210 17
210 18
210 1368
210 204
210 203
210 21
210 1073
210 23
210 1348
210 1077
210 1347
210 200
210 1110
210 1344
210 32
210 1339
210 1331
210 1109
210 103
210 1280
210 1167
210 125
210 86
210 127
210 1179
210 1170
210 1169
210 1168
210 1228
210 1112
210 83
210 136
210 137
210 1160
210 81
210 1240
210 1158
210 1223
210 1218
210 1217
210 1186
210 107
210 108
210 100
210 1206
210 111
210 98
210 1197
210 113
210 1196
210 95
210 1212
210 1189
210 118
210 119
210 1215
210 1244
210 142
210 143
210 159
210 1147
210 161
210 162
210 163
210 1266
210 1269
210 61
210 106
210 167
210 1141
210 60
210 1140
210 1275
210 1278
210 1115
210 1265
210 158
210 1251
210 157
210 1255
210 145
210 1256
210 1152
210 69
210 68
210 1260
210 1150
210 1149
210 150
210 65
210 1148
210 153
210 154
210 156
210 1142
210 537
210 998
210 444
210 678
210 429
210 677
210 676
210 674
210 659
210 437
210 438
210 656
210 440
210 441
210 445
210 460
210 446
210 447
210 649
210 449
210 648
210 647
210 641
210 632
210 455
210 630
210 629
210 683
210 684
210 424
210 698
210 749
210 389
210 748
210 746
210 745
210 732
210 395
210 396
210 397
210 398
210 399
210 731
210 402
210 725
210 404
210 405
210 407
210 408
210 716
210 706
210 703
210 702
210 701
210 459
210 461
210 995
210 520
210 501
210 502
210 503
210 507
210 561
210 510
210 511
210 560
210 559
210 555
210 517
210 521
210 628
210 551
210 523
210 524
210 526
210 547
210 544
210 543
210 530
210 531
210 539
210 534
210 499
210 575
210 577
210 579
210 622
210 621
210 620
210 619
210 617
210 471
210 616
210 611
210 609
210 608
210 477
210 478
210 479
210 607
210 482
210 597
210 594
210 590
210 586
210 584
210 581
210 493
210 494
210 387
210 750
210 385
210 881
210 273
210 909
210 275
210 908
210 906
210 278
210 281
210 899
210 896
210 895
210 882
210 880
210 384
210 879
210 873
210 295
210 872
210 298
210 299
210 300
210 871
210 867
210 866
210 865
210 911
210 271
210 270
210 538
210 990
210 223
210 989
210 988
210 983
210 980
210 978
210 977
210 235
210 237
210 238
210 976
210 969
210 968
210 249
210 254
210 944
210 942
210 925
210 923
210 264
210 920
210 267
210 306
210 861
210 860
210 786
210 784
210 355
210 778
210 357
210 359
210 360
210 361
210 362
210 776
210 775
210 774
210 771
210 368
210 768
210 755
210 753
210 375
210 376
210 377
210 378
210 752
210 380
210 382
210 353
210 788
210 840
210 350
210 835
210 313
210 315
210 834
210 832
210 318
210 821
210 320
210 819
210 322
210 323
210 325
210 817
210 327
210 331
210 813
210 336
210 338
210 802
210 343
210 795
210 793
210 789
210 919
