211 739
211 887
211 897
211 743
211 885
211 953
211 769
211 1117
211 1145
211 1172
211 740
211 1171
211 935
211 1068
211 852
211 1070
211 890
211 1051
211 1126
211 1071
211 886
211 741
211 744
211 1067
211 848
211 831
211 889
211 763
211 1055
211 1125
211 926
211 1174
211 957
211 839
211 1052
211 1173
211 955
211 891
211 1129
211 847
211 761
211 1294
211 765
211 760
211 851
211 1133
211 1123
211 1037
211 1122
211 928
211 1044
211 828
211 938
211 843
211 841
211 929
211 830
211 1118
211 1034
211 937
211 936
211 1131
211 642
211 1053
211 1119
211 1132
211 898
211 1054
211 241
211 854
211 934
211 1135
211 742
211 853
211 176
211 826
211 1031
211 470
211 822
211 116
211 1041
211 1329
211 930
211 1013
211 1057
211 827
211 1026
211 764
211 956
211 1050
211 1178
211 1015
211 508
211 1309
211 1048
211 1021
211 951
211 1399
211 915
211 1146
211 120
211 664
211 1136
211 952
211 400
211 863
211 1333
211 888
211 894
211 15
211 1120
211 1181
211 1400
211 454
211 149
211 1362
211 857
211 1042
211 1040
211 850
211 906
211 1043
211 833
211 1134
211 19
211 829
211 388
211 317
211 931
211 932
211 515
211 825
211 31
211 1360
211 1029
211 1371
211 728
211 291
211 1327
211 948
211 1359
211 1330
211 846
211 1106
211 993
211 1033
211 733
211 522
211 393
211 1396
211 263
211 862
211 484
211 1185
211 1175
211 262
211 838
211 1227
211 224
211 414
211 603
211 1177
211 512
211 541
211 777
211 1386
211 188
211 1130
211 234
211 279
211 1075
211 173
211 844
211 1121
211 910
211 823
211 1116
211 1023
211 195
211 1017
211 856
211 96
211 179
211 1062
211 138
211 28
211 202
211 809
211 1214
211 1022
211 962
211 419
211 954
211 457
211 1058
211 421
211 766
211 1254
211 1036
211 1074
211 662
211 1127
211 166
211 1310
211 112
211 1154
211 174
211 1056
211 1111
211 644
211 422
211 1184
211 1248
211 798
211 1020
211 925
211 734
211 875
211 876
211 1303
211 1035
211 1038
211 858
211 1059
211 820
211 1045
211 1315
211 669
211 1234
211 232
211 140
211 916
211 109
211 131
211 197
211 186
211 595
211 810
211 842
211 781
211 35
211 1063
211 1137
211 254
211 277
211 475
211 488
211 1356
211 492
211 1203
211 1032
211 1224
211 697
211 467
211 609
211 1030
211 754
211 730
211 895
211 403
211 751
211 245
211 379
211 770
211 963
211 412
211 983
211 1358
211 556
211 550
211 1336
211 124
211 824
211 1176
211 1354
211 276
211 144
211 451
211 1104
211 660
211 130
211 4
211 115
211 1357
211 971
211 10
211 859
211 950
211 231
211 122
211 878
211 251
211 1012
211 519
211 1225
211 265
211 1138
211 864
211 46
211 1014
211 1060
211 1238
211 428
211 1198
211 221
211 453
211 1082
211 297
211 924
211 1311
211 1084
211 1387
211 544
211 1200
211 720
211 1392
211 223
211 1236
211 586
211 281
211 168
211 1277
211 1192
211 1183
211 1313
211 1376
211 456
211 340
211 398
211 117
211 596
211 304
211 269
211 1331
211 206
211 385
211 1105
211 394
211 351
211 1379
211 687
211 442
211 53
211 1047
211 636
211 671
211 514
211 607
211 1352
211 814
211 71
211 1039
211 557
211 753
211 182
211 433
211 792
211 3
211 282
211 341
211 127
211 406
211 1124
211 630
211 1285
211 352
211 1083
211 1205
211 89
211 525
211 1370
211 292
211 594
211 1088
211 489
211 710
211 441
211 38
211 330
211 1382
211 181
211 605
211 99
211 918
211 97
211 69
211 1263
211 30
211 58
211 684
211 94
211 1298
211 450
211 994
211 523
211 582
211 1211
211 735
211 808
211 1232
211 1353
211 1219
211 48
211 616
211 17
211 209
211 8
211 260
211 439
211 409
211 1114
211 12
211 101
211 513
211 1016
211 57
211 811
211 56
211 242
211 612
211 312
211 692
211 1355
211 1231
211 1321
211 76
211 600
211 128
211 1199
211 1221
211 1302
211 250
211 694
211 785
211 11
211 423
211 696
211 904
211 972
211 329
211 736
211 979
211 427
211 1027
211 87
211 189
211 970
211 1383
211 1182
211 527
211 1156
211 1314
211 1004
211 549
211 569
211 1003
211 949
211 996
211 1230
211 566
211 92
211 1216
211 546
211 652
211 1097
211 680
211 44
211 431
211 55
211 1066
211 1258
211 411
211 266
211 461
211 258
211 228
211 139
211 682
211 870
211 370
211 473
211 491
211 651
211 119
211 1307
211 310
211 1090
211 1166
211 1378
211 1079
211 1187
211 1322
211 126
211 896
211 185
211 655
211 1287
211 63
211 1381
211 121
211 627
211 364
211 159
211 1391
211 272
211 991
211 14
211 1337
211 147
211 335
211 125
211 787
211 552
211 577
211 39
211 817
211 1292
211 213
211 704
211 270
211 1018
211 721
211 34
211 114
211 244
211 308
211 465
211 558
211 1246
211 576
211 1078
211 913
211 1229
211 420
211 675
211 723
211 196
211 328
211 62
211 142
211 448
211 1235
211 706
211 622
211 1274
211 347
211 495
211 637
211 1165
211 1010
211 346
211 105
211 1296
211 663
211 933
211 927
211 248
211 626
211 1262
211 689
211 759
211 1319
211 183
211 1195
211 476
211 64
211 425
211 435
211 1276
211 545
211 1103
211 1301
211 354
211 1233
211 794
211 443
211 311
211 1180
211 922
211 975
211 1372
211 1335
211 695
211 1110
211 360
211 701
211 907
211 939
211 1398
211 1366
211 583
211 1306
211 487
211 725
211 805
211 326
211 1061
211 946
211 132
211 368
211 367
211 190
211 1025
211 693
211 42
211 175
211 1028
211 528
211 1024
211 649
211 1349
211 1284
211 1326
211 572
211 54
211 536
211 1107
211 1245
211 72
211 187
211 1350
211 1334
211 401
211 70
211 1289
211 498
211 1273
211 1197
211 25
211 967
211 45
211 658
211 290
211 305
211 430
211 226
211 462
211 646
211 1009
211 1209
211 1267
211 567
211 169
211 784
211 194
211 538
211 123
211 1295
211 1265
211 653
211 207
211 37
211 1076
211 800
211 151
211 1143
211 1019
211 1089
211 555
211 164
211 673
211 285
211 9
211 2
211 205
211 1364
211 640
211 193
211 1204
211 1011
211 79
211 650
211 961
211 579
211 573
211 815
211 591
211 1222
211 283
211 133
211 631
211 1002
211 672
211 756
211 1202
211 900
211 1279
211 1046
211 1281
211 624
211 170
211 1169
211 239
211 222
211 791
211 1157
211 74
211 997
211 358
211 902
211 1283
211 211
211 1006
211 592
211 257
211 574
211 779
211 732
211 707
211 1092
211 529
211 575
211 654
211 78
211 601
211 1201
211 722
211 966
211 635
211 773
211 874
211 372
211 782
211 633
211 59
211 225
211 383
211 1081
211 356
211 240
211 1008
211 518
211 1325
211 1080
211 321
211 941
211 1064
211 1249
211 215
211 1380
211 363
211 681
211 1261
211 772
211 100
211 212
211 727
211 714
211 807
211 578
211 535
211 688
211 657
211 1155
211 307
211 945
211 1312
211 1375
211 27
211 690
211 973
211 468
211 141
211 216
211 296
211 413
211 905
211 665
211 1351
211 1365
211 1237
211 1250
211 1001
211 36
211 1139
211 1191
211 75
211 16
211 415
211 496
211 1208
211 1323
211 391
211 610
211 1151
211 1091
211 345
211 1304
211 901
211 110
211 893
211 1268
211 302
211 602
211 506
211 1093
211 287
211 758
211 986
211 348
211 309
211 588
211 417
211 1239
211 943
211 192
211 198
211 1259
211 783
211 83
211 1270
211 1144
211 984
211 247
211 84
211 679
211 227
211 134
211 1390
211 540
211 1193
211 236
211 259
211 691
211 1188
211 985
211 593
211 220
211 20
211 1207
211 921
211 426
211 974
211 1247
211 464
211 903
211 191
211 804
211 964
211 562
211 332
211 801
211 152
211 369
211 1000
211 661
211 729
211 1264
211 334
211 565
211 458
211 155
211 177
211 564
211 599
211 230
211 294
211 289
211 252
211 563
211 486
211 466
211 85
211 80
211 917
211 992
211 452
211 373
211 416
211 757
211 806
211 1271
211 1226
211 589
211 625
211 49
211 210
211 77
211 165
211 50
211 365
211 327
211 361
211 357
211 325
211 338
211 359
211 333
211 52
211 337
211 324
211 353
211 73
211 362
211 350
211 67
211 339
211 342
211 68
211 66
211 371
211 366
211 65
211 336
211 343
211 60
211 331
211 344
211 51
211 47
211 355
211 61
211 349
211 178
211 323
211 233
211 7
211 6
211 23
211 218
211 219
211 146
211 145
211 24
211 26
211 143
211 229
211 235
211 21
211 237
211 137
211 136
211 135
211 238
211 5
211 129
211 243
211 246
211 249
211 253
211 22
211 217
211 322
211 157
211 13
211 172
211 171
211 184
211 167
211 163
211 162
211 161
211 160
211 158
211 375
211 156
211 214
211 199
211 200
211 201
211 154
211 203
211 204
211 153
211 208
211 150
211 148
211 18
211 29
211 255
211 256
211 303
211 93
211 91
211 293
211 295
211 90
211 88
211 298
211 299
211 300
211 301
211 86
211 82
211 32
211 306
211 81
211 41
211 43
211 313
211 314
211 315
211 316
211 318
211 319
211 320
211 95
211 98
211 288
211 286
211 33
211 261
211 118
211 264
211 267
211 268
211 271
211 113
211 111
211 180
211 273
211 108
211 274
211 107
211 106
211 275
211 104
211 103
211 278
211 102
211 280
211 284
211 40
211 374
211 700
211 376
211 990
211 1072
211 1069
211 1065
211 1049
211 1007
211 1005
211 999
211 998
211 995
211 989
211 965
211 988
211 987
211 982
211 981
211 980
211 978
211 977
211 976
211 969
211 1073
211 1077
211 1085
211 1086
211 1147
211 1142
211 1141
211 1140
211 1128
211 1115
211 1113
211 1112
211 1109
211 1108
211 1102
211 1101
211 1100
211 1099
211 1098
211 1096
211 1095
211 1094
211 1087
211 968
211 960
211 1149
211 855
211 872
211 871
211 869
211 868
211 867
211 866
211 865
211 861
211 860
211 849
211 959
211 845
211 840
211 837
211 836
211 835
211 834
211 832
211 821
211 819
211 873
211 877
211 879
211 880
211 958
211 947
211 944
211 942
211 940
211 923
211 920
211 919
211 914
211 912
211 911
211 909
211 908
211 899
211 892
211 884
211 883
211 882
211 881
211 1148
211 1150
211 816
211 1317
211 1341
211 1340
211 1339
211 1338
211 1332
211 1328
211 1324
211 1320
211 1318
211 1316
211 1282
211 1308
211 1305
211 1300
211 1299
211 1297
211 1293
211 1291
211 1290
211 1288
211 1342
211 1343
211 1344
211 1345
211 1397
211 1395
211 1394
211 1393
211 1389
211 1388
211 1385
211 1384
211 1377
211 1374
211 1373
211 1369
211 1368
211 1367
211 1363
211 1361
211 1348
211 1347
211 1346
211 1286
211 1280
211 1152
211 1170
211 1212
211 1210
211 1206
211 1196
211 1194
211 1190
211 1189
211 1186
211 1179
211 1168
211 1278
211 1167
211 1164
211 1163
211 1162
211 1161
211 1160
211 1159
211 1158
211 1153
211 1213
211 1215
211 1217
211 1218
211 1275
211 1272
211 1269
211 1266
211 1260
211 1257
211 1256
211 1255
211 1253
211 1252
211 1251
211 1244
211 1243
211 1242
211 1241
211 1240
211 1228
211 1223
211 1220
211 818
211 813
211 377
211 502
211 517
211 516
211 511
211 510
211 509
211 507
211 505
211 504
211 503
211 501
211 480
211 500
211 499
211 497
211 494
211 493
211 490
211 485
211 483
211 482
211 520
211 521
211 524
211 526
211 570
211 568
211 561
211 560
211 559
211 554
211 553
211 551
211 548
211 547
211 543
211 542
211 539
211 537
211 534
211 533
211 532
211 531
211 530
211 481
211 479
211 580
211 395
211 410
211 408
211 407
211 405
211 404
211 402
211 399
211 397
211 396
211 392
211 478
211 390
211 389
211 387
211 386
211 384
211 382
211 381
211 380
211 378
211 418
211 424
211 429
211 432
211 477
211 474
211 472
211 471
211 469
211 463
211 460
211 459
211 455
211 449
211 447
211 446
211 445
211 444
211 440
211 438
211 437
211 436
211 434
211 571
211 581
211 812
211 724
211 749
211 748
211 747
211 746
211 745
211 738
211 737
211 731
211 726
211 719
211 703
211 718
211 717
211 716
211 715
211 713
211 712
211 711
211 709
211 708
211 750
211 752
211 755
211 762
211 803
211 802
211 799
211 797
211 796
211 795
211 793
211 790
211 789
211 788
211 786
211 780
211 778
211 776
211 775
211 774
211 771
211 768
211 767
211 705
211 702
211 584
211 614
211 629
211 628
211 623
211 621
211 620
211 619
211 618
211 617
211 615
211 613
211 699
211 611
211 608
211 606
211 604
211 598
211 597
211 590
211 587
211 585
211 632
211 634
211 638
211 639
211 698
211 686
211 685
211 683
211 678
211 677
211 676
211 674
211 670
211 668
211 667
211 666
211 659
211 656
211 648
211 647
211 645
211 643
211 641
211 1
