212 1178
212 888
212 1177
212 1176
212 838
212 1293
212 1146
212 885
212 642
212 1359
212 886
212 887
212 1116
212 1070
212 31
212 823
212 1132
212 1133
212 1400
212 1358
212 1173
212 1031
212 769
212 66
212 1357
212 932
212 1130
212 763
212 839
212 1126
212 1129
212 741
212 1121
212 1045
212 760
212 1399
212 864
212 822
212 766
212 419
212 858
212 1046
212 870
212 1122
212 1123
212 897
212 1398
212 581
212 740
212 1172
212 1035
212 400
212 954
212 95
212 1037
212 1012
212 890
212 1051
212 1387
212 928
212 1396
212 1397
212 729
212 1050
212 956
212 1128
212 412
212 1014
212 843
212 833
212 1022
212 29
212 497
212 889
212 826
212 767
212 1015
212 1362
212 1131
212 195
212 765
212 646
212 820
212 818
212 857
212 1013
212 1067
212 580
212 742
212 837
212 1039
212 859
212 81
212 1171
212 1027
212 891
212 1117
212 1069
212 428
212 135
212 1118
212 1042
212 1119
212 30
212 539
212 565
212 1038
212 848
212 629
212 460
212 935
212 776
212 326
212 1159
212 1021
212 1127
212 863
212 912
212 1282
212 462
212 1071
212 854
212 948
212 382
212 953
212 739
212 841
212 1236
212 131
212 23
212 1053
212 762
212 952
212 957
212 836
212 171
212 927
212 865
212 874
212 851
212 852
212 761
212 1120
212 1360
212 937
212 856
212 744
212 224
212 1145
212 1060
212 825
212 894
212 817
212 71
212 1018
212 1271
212 512
212 1253
212 389
212 1386
212 348
212 105
212 785
212 1025
212 1016
212 915
212 75
212 1174
212 862
212 94
212 1364
212 659
212 586
212 1030
212 502
212 941
212 1008
212 481
212 786
212 342
212 784
212 145
212 395
212 938
212 787
212 967
212 445
212 1084
212 1068
212 302
212 733
212 483
212 1351
212 743
212 566
212 831
212 973
212 714
212 929
212 1023
212 754
212 1134
212 1026
212 1392
212 1017
212 376
212 57
212 350
212 377
212 868
212 1052
212 835
212 847
212 253
212 1227
212 261
212 883
212 434
212 550
212 846
212 855
212 306
212 437
212 658
212 812
212 701
212 279
212 1212
212 830
212 51
212 397
212 1019
212 345
212 827
212 82
212 845
212 1264
212 690
212 268
212 600
212 751
212 1099
212 803
212 788
212 789
212 601
212 1055
212 1020
212 116
212 982
212 1139
212 775
212 819
212 568
212 384
212 133
212 951
212 1256
212 55
212 87
212 1191
212 909
212 297
212 1078
212 1281
212 1237
212 1203
212 726
212 966
212 13
212 72
212 842
212 351
212 88
212 17
212 1337
212 1283
212 405
212 85
212 1279
212 463
212 628
212 452
212 720
212 899
212 219
212 1109
212 399
212 800
212 381
212 562
212 1100
212 1044
212 844
212 152
212 635
212 12
212 611
212 424
212 564
212 867
212 1032
212 653
212 494
212 1314
212 1062
212 1292
212 490
212 1361
212 998
212 567
212 1381
212 645
212 15
212 1234
212 435
212 1395
212 375
212 801
212 206
212 168
212 176
212 1273
212 1081
212 798
212 824
212 606
212 828
212 447
212 329
212 1258
212 605
212 662
212 881
212 44
212 7
212 961
212 1048
212 950
212 91
212 926
212 256
212 383
212 272
212 811
212 955
212 538
212 533
212 187
212 1041
212 1366
212 898
212 1105
212 657
212 1180
212 1104
212 11
212 520
212 980
212 930
212 934
212 1210
212 535
212 943
212 1147
212 396
212 770
212 56
212 486
212 771
212 1034
212 233
212 1156
212 1136
212 936
212 640
212 1228
212 522
212 1024
212 125
212 255
212 271
212 158
212 1074
212 962
212 1184
212 1375
212 1371
212 689
212 1301
212 53
212 16
212 528
212 33
212 1029
212 328
212 416
212 727
212 1106
212 560
212 229
212 324
212 971
212 39
212 1349
212 1310
212 6
212 132
212 287
212 1374
212 489
212 370
212 1339
212 1300
212 404
212 627
212 1263
212 309
212 736
212 379
212 877
212 707
212 1342
212 1307
212 592
212 58
212 317
212 90
212 186
212 749
212 73
212 241
212 1047
212 1385
212 1215
212 978
212 1241
212 346
212 1277
212 984
212 871
212 112
212 182
212 26
212 553
212 1002
212 678
212 850
212 1311
212 1076
212 591
212 185
212 671
212 603
212 610
212 414
212 18
212 25
212 336
212 1059
212 504
212 221
212 197
212 1142
212 799
212 697
212 1125
212 252
212 1158
212 352
212 210
212 1211
212 1240
212 650
212 1064
212 917
212 165
212 759
212 724
212 1058
212 362
212 672
212 54
212 372
212 45
212 563
212 1322
212 783
212 484
212 258
212 177
212 703
212 1382
212 840
212 201
212 781
212 1094
212 79
212 59
212 541
212 331
212 343
212 1275
212 655
212 240
212 623
212 49
212 779
212 99
212 149
212 337
212 596
212 1341
212 637
212 332
212 1380
212 829
212 1175
212 391
212 1093
212 503
212 198
212 100
212 14
212 1183
212 923
212 151
212 444
212 316
212 8
212 1036
212 245
212 43
212 208
212 725
212 669
212 431
212 680
212 96
212 1244
212 583
212 174
212 1112
212 62
212 353
212 286
212 807
212 1384
212 517
212 1317
212 192
212 1356
212 1135
212 443
212 136
212 573
212 975
212 1056
212 518
212 1221
212 748
212 40
212 1229
212 474
212 1043
212 299
212 267
212 371
212 905
212 901
212 50
212 319
212 997
212 556
212 305
212 1223
212 1232
212 28
212 1082
212 809
212 734
212 364
212 442
212 150
212 496
212 188
212 1028
212 380
212 92
212 521
212 1274
212 1096
212 993
212 1350
212 21
212 4
212 257
212 1270
212 80
212 1302
212 1
212 1111
212 1319
212 118
212 1009
212 746
212 1153
212 925
212 1004
212 875
212 1213
212 572
212 179
212 634
212 1352
212 664
212 594
212 695
212 985
212 242
212 1222
212 976
212 722
212 685
212 1182
212 715
212 806
212 990
212 959
212 1092
212 189
212 426
212 1367
212 254
212 1355
212 1214
212 732
212 315
212 291
212 730
212 1372
212 972
212 1188
212 311
212 1265
212 42
212 1324
212 593
212 1095
212 590
212 340
212 1247
212 173
212 275
212 598
212 239
212 992
212 102
212 933
212 74
212 559
212 156
212 1098
212 124
212 711
212 1075
212 1097
212 448
212 693
212 892
212 599
212 1242
212 705
212 534
212 1338
212 983
212 406
212 529
212 334
212 1165
212 692
212 597
212 303
212 1169
212 924
212 282
212 304
212 262
212 737
212 686
212 633
212 355
212 123
212 1137
212 513
212 649
212 896
212 1309
212 1289
212 1287
212 1205
212 450
212 849
212 1249
212 347
212 449
212 205
212 120
212 260
212 1250
212 1243
212 1331
212 1313
212 164
212 667
212 217
212 780
212 666
212 68
212 782
212 466
212 615
212 869
212 815
212 141
212 142
212 543
212 9
212 1167
212 1196
212 547
212 939
212 296
212 638
212 1164
212 675
212 318
212 61
212 604
212 139
212 673
212 1218
212 249
212 1001
212 36
212 117
212 293
212 269
212 129
212 546
212 1316
212 1323
212 1066
212 792
212 946
212 548
212 1110
212 403
212 1091
212 69
212 797
212 712
212 613
212 536
212 60
212 390
212 773
212 602
212 506
212 212
212 519
212 193
212 1077
212 308
212 190
212 620
212 52
212 1259
212 1217
212 876
212 531
212 679
212 184
212 290
212 511
212 338
212 259
212 204
212 1346
212 1295
212 713
212 942
212 1115
212 1297
212 618
212 220
212 919
212 1057
212 1207
212 974
212 417
212 147
212 128
212 1157
212 1251
212 2
212 211
212 796
212 114
212 994
212 288
212 964
212 1163
212 574
212 999
212 166
212 661
212 1326
212 1107
212 576
212 1154
212 1220
212 276
212 349
212 614
212 344
212 170
212 636
212 764
212 794
212 230
212 456
212 453
212 710
212 363
212 1224
212 991
212 688
212 270
212 24
212 1225
212 996
212 683
212 1235
212 172
212 493
212 624
212 753
212 660
212 1296
212 274
212 209
212 441
212 1321
212 625
212 110
212 1204
212 140
212 588
212 1239
212 1144
212 401
212 199
212 433
212 83
212 1040
212 721
212 1201
212 163
212 244
212 231
212 1248
212 223
212 222
212 232
212 218
212 225
212 226
212 227
212 228
212 802
212 1246
212 1219
212 281
212 283
212 284
212 285
212 289
212 292
212 294
212 295
212 1216
212 298
212 300
212 301
212 1209
212 1208
212 307
212 310
212 312
212 313
212 314
212 1206
212 320
212 280
212 278
212 234
212 277
212 235
212 236
212 237
212 238
212 1245
212 243
212 246
212 247
212 248
212 250
212 251
212 1238
212 1233
212 1231
212 1230
212 1226
212 263
212 216
212 265
212 266
212 273
212 264
212 148
212 215
212 47
212 70
212 67
212 1330
212 65
212 64
212 63
212 1332
212 1333
212 1334
212 1335
212 1336
212 1340
212 1343
212 1344
212 1345
212 1329
212 1328
212 1327
212 89
212 98
212 97
212 1308
212 1312
212 93
212 1315
212 1318
212 76
212 86
212 1320
212 84
212 1325
212 78
212 77
212 48
212 46
212 1305
212 1347
212 1373
212 1376
212 1377
212 1378
212 1379
212 1383
212 1388
212 1389
212 10
212 1390
212 1391
212 1393
212 5
212 1394
212 3
212 19
212 20
212 22
212 34
212 1348
212 41
212 1353
212 38
212 37
212 35
212 1354
212 1370
212 32
212 1363
212 1365
212 27
212 1368
212 1369
212 1306
212 101
212 214
212 159
212 1268
212 181
212 180
212 178
212 1269
212 1272
212 175
212 1276
212 1278
212 169
212 1280
212 167
212 1284
212 162
212 161
212 183
212 1267
212 1266
212 1255
212 213
212 1252
212 207
212 1254
212 203
212 202
212 200
212 1262
212 1257
212 196
212 1260
212 194
212 1261
212 191
212 160
212 1285
212 103
212 157
212 1298
212 122
212 121
212 119
212 1299
212 115
212 113
212 1303
212 111
212 109
212 108
212 107
212 106
212 1304
212 104
212 126
212 127
212 130
212 146
212 155
212 154
212 153
212 1286
212 1288
212 322
212 1290
212 134
212 144
212 143
212 138
212 137
212 1291
212 1294
212 321
212 1150
212 323
212 544
212 644
212 643
212 641
212 965
212 639
212 968
212 969
212 632
212 631
212 630
212 970
212 626
212 622
212 621
212 619
212 617
212 616
212 963
212 960
212 647
212 944
212 676
212 674
212 940
212 670
212 668
212 665
212 663
212 945
212 648
212 947
212 656
212 949
212 654
212 958
212 652
212 651
212 612
212 977
212 979
212 558
212 569
212 1000
212 1003
212 1005
212 1006
212 561
212 1007
212 557
212 571
212 555
212 554
212 1010
212 552
212 551
212 1011
212 549
212 570
212 575
212 609
212 989
212 608
212 607
212 981
212 986
212 987
212 988
212 595
212 589
212 577
212 587
212 585
212 584
212 582
212 995
212 579
212 578
212 677
212 931
212 681
212 756
212 861
212 866
212 872
212 873
212 878
212 758
212 757
212 755
212 860
212 879
212 752
212 880
212 750
212 882
212 884
212 747
212 768
212 853
212 893
212 813
212 795
212 793
212 791
212 790
212 805
212 808
212 810
212 814
212 772
212 816
212 821
212 778
212 777
212 832
212 834
212 774
212 745
212 895
212 682
212 921
212 709
212 708
212 918
212 706
212 704
212 702
212 920
212 699
212 716
212 698
212 922
212 696
212 694
212 691
212 687
212 684
212 916
212 717
212 900
212 907
212 902
212 738
212 903
212 735
212 904
212 906
212 731
212 728
212 718
212 908
212 910
212 911
212 913
212 723
212 914
212 719
212 545
212 542
212 1202
212 1033
212 1149
212 402
212 804
212 1151
212 398
212 1152
212 394
212 393
212 392
212 1155
212 388
212 387
212 386
212 385
212 1160
212 1161
212 1162
212 1148
212 407
212 408
212 420
212 429
212 427
212 425
212 1138
212 423
212 422
212 421
212 1140
212 409
212 418
212 1141
212 415
212 1143
212 413
212 411
212 410
212 378
212 1166
212 1168
212 335
212 1190
212 1192
212 1193
212 1194
212 341
212 339
212 1195
212 333
212 1187
212 1197
212 1198
212 330
212 1199
212 1200
212 327
212 325
212 1189
212 1186
212 374
212 365
212 373
212 1170
212 1179
212 369
212 368
212 367
212 366
212 1181
212 1185
212 361
212 360
212 359
212 358
212 357
212 356
212 354
212 430
212 1124
212 432
212 500
212 509
212 508
212 507
212 505
212 1079
212 1080
212 501
212 499
212 514
212 498
212 1083
212 1085
212 495
212 1086
212 492
212 491
212 510
212 515
212 1088
212 527
212 540
212 1049
212 537
212 1054
212 532
212 530
212 1061
212 526
212 516
212 525
212 524
212 523
212 1063
212 1065
212 1072
212 1073
212 1087
212 488
212 1114
212 451
212 1101
212 459
212 458
212 457
212 455
212 454
212 1102
212 1103
212 464
212 446
212 1108
212 440
212 439
212 438
212 1113
212 436
212 461
212 465
212 487
212 477
212 1089
212 485
212 1090
212 482
212 480
212 479
212 478
212 476
212 467
212 475
212 473
212 472
212 471
212 470
212 469
212 468
212 700
