213 1146
213 885
213 888
213 769
213 1173
213 741
213 1116
213 887
213 642
213 1178
213 1145
213 1177
213 765
213 890
213 1038
213 1126
213 763
213 1121
213 891
213 1122
213 839
213 823
213 932
213 1117
213 897
213 1032
213 822
213 412
213 400
213 953
213 954
213 1123
213 1131
213 928
213 31
213 105
213 382
213 852
213 740
213 760
213 1172
213 23
213 766
213 956
213 1051
213 935
213 938
213 843
213 744
213 1022
213 1283
213 1046
213 889
213 1067
213 1176
213 1050
213 1037
213 742
213 1293
213 659
213 842
213 864
213 1171
213 846
213 1012
213 1119
213 1175
213 1234
213 845
213 1039
213 1069
213 1359
213 957
213 1400
213 1118
213 858
213 762
213 857
213 937
213 847
213 1031
213 838
213 833
213 870
213 1043
213 1018
213 1127
213 1134
213 1045
213 848
213 1021
213 349
213 820
213 787
213 1399
213 1071
213 62
213 926
213 837
213 854
213 1307
213 1068
213 784
213 1362
213 1059
213 739
213 754
213 367
213 826
213 1015
213 592
213 824
213 690
213 743
213 1013
213 1053
213 529
213 428
213 812
213 1191
213 95
213 94
213 1102
213 800
213 1130
213 818
213 825
213 851
213 326
213 761
213 1351
213 1002
213 1289
213 788
213 856
213 255
213 1387
213 650
213 930
213 1371
213 1035
213 817
213 1029
213 590
213 66
213 1044
213 40
213 1027
213 199
213 785
213 342
213 1025
213 629
213 915
213 1174
213 828
213 581
213 520
213 862
213 1341
213 118
213 216
213 171
213 416
213 85
213 1070
213 844
213 297
213 1030
213 961
213 1159
213 859
213 381
213 435
213 1132
213 1382
213 1139
213 786
213 764
213 801
213 1361
213 1084
213 737
213 29
213 912
213 894
213 483
213 646
213 566
213 972
213 831
213 565
213 973
213 696
213 1398
213 729
213 794
213 1169
213 1023
213 1026
213 196
213 1017
213 874
213 57
213 419
213 1254
213 372
213 11
213 130
213 1052
213 368
213 1077
213 56
213 1396
213 1352
213 100
213 1229
213 1227
213 749
213 182
213 261
213 968
213 855
213 776
213 952
213 1104
213 970
213 658
213 793
213 1058
213 104
213 1110
213 580
213 490
213 1385
213 689
213 830
213 397
213 1019
213 827
213 395
213 272
213 316
213 548
213 1192
213 751
213 497
213 136
213 789
213 1211
213 1120
213 873
213 727
213 1055
213 1020
213 116
213 341
213 1275
213 188
213 1392
213 819
213 886
213 54
213 613
213 841
213 849
213 384
213 1263
213 133
213 951
213 1256
213 596
213 1300
213 1368
213 909
213 299
213 1078
213 623
213 197
213 1309
213 987
213 559
213 726
213 1384
213 636
213 539
213 863
213 13
213 179
213 597
213 693
213 750
213 967
213 30
213 905
213 1397
213 245
213 195
213 707
213 943
213 1232
213 192
213 515
213 1389
213 1292
213 813
213 421
213 836
213 720
213 929
213 201
213 896
213 129
213 364
213 450
213 540
213 563
213 282
213 1100
213 1042
213 25
213 443
213 790
213 213
213 635
213 277
213 424
213 353
213 564
213 867
213 78
213 1096
213 229
213 494
213 1265
213 7
213 1062
213 1316
213 803
213 1366
213 948
213 567
213 1381
213 484
213 15
213 347
213 767
213 734
213 150
213 1358
213 39
213 1395
213 375
213 131
213 176
213 156
213 1081
213 814
213 1380
213 1279
213 267
213 426
213 506
213 187
213 237
213 498
213 172
213 1244
213 966
213 448
213 1271
213 19
213 1356
213 780
213 410
213 329
213 217
213 257
213 1258
213 452
213 615
213 1357
213 605
213 1137
213 881
213 1212
213 1048
213 127
213 950
213 442
213 174
213 543
213 955
213 533
213 1041
213 898
213 571
213 145
213 1105
213 657
213 1224
213 379
213 290
213 396
213 1014
213 1060
213 1024
213 511
213 1001
213 117
213 528
213 1082
213 946
213 162
213 275
213 1034
213 233
213 451
213 1349
213 711
213 1075
213 376
213 1136
213 936
213 522
213 1386
213 1165
213 158
213 1074
213 42
213 346
213 44
213 531
213 472
213 152
213 358
213 692
213 1226
213 1236
213 53
213 1339
213 106
213 1138
213 1186
213 1106
213 1295
213 462
213 792
213 189
213 324
213 1273
213 618
213 971
213 1242
213 135
213 323
213 1128
213 695
213 719
213 1310
213 1299
213 218
213 1251
213 387
213 942
213 370
213 191
213 9
213 947
213 736
213 877
213 958
213 434
213 315
213 58
213 186
213 675
213 1281
213 1040
213 1215
213 978
213 871
213 1220
213 994
213 140
213 151
213 26
213 1163
213 553
213 681
213 1298
213 678
213 588
213 850
213 999
213 934
213 1311
213 177
213 1076
213 1326
213 1156
213 51
213 1233
213 266
213 1072
213 671
213 505
213 1016
213 610
213 1147
213 1047
213 1348
213 624
213 614
213 940
213 221
213 1142
213 799
213 1065
213 697
213 294
213 1277
213 159
213 680
213 413
213 252
213 1158
213 1133
213 1328
213 274
213 1365
213 1200
213 84
213 772
213 821
213 440
213 1155
213 1064
213 165
213 103
213 1253
213 759
213 560
213 608
213 362
213 1203
213 773
213 672
213 49
213 1337
213 1322
213 138
213 783
213 258
213 270
213 1225
213 840
213 673
213 755
213 1005
213 1094
213 18
213 1336
213 660
213 79
213 550
213 473
213 541
213 331
213 655
213 1301
213 332
213 99
213 149
213 344
213 32
213 1313
213 337
213 724
213 75
213 960
213 901
213 829
213 1304
213 600
213 391
213 1093
213 503
213 214
213 209
213 1183
213 923
213 916
213 444
213 8
213 1036
213 611
213 616
213 43
213 208
213 872
213 883
213 725
213 914
213 431
213 445
213 1088
213 83
213 96
213 414
213 816
213 921
213 1112
213 348
213 286
213 714
213 807
213 222
213 45
213 576
213 517
213 1317
213 984
213 253
213 1370
213 168
213 134
213 1135
213 1390
213 1149
213 573
213 975
213 804
213 691
213 518
213 1221
213 283
213 369
213 985
213 1222
213 555
213 1280
213 371
213 538
213 319
213 70
213 997
213 556
213 899
213 1223
213 352
213 809
213 306
213 82
213 92
213 81
213 1125
213 496
213 1028
213 1372
213 682
213 1000
213 380
213 163
213 733
213 1274
213 146
213 993
213 1350
213 345
213 21
213 4
213 1114
213 125
213 109
213 202
213 80
213 709
213 1
213 1111
213 1319
213 561
213 1009
213 746
213 1153
213 925
213 155
213 1004
213 875
213 927
213 1213
213 1261
213 572
213 300
213 634
213 325
213 664
213 594
213 97
213 1108
213 242
213 976
213 722
213 685
213 1182
213 715
213 806
213 72
213 959
213 811
213 1092
213 1367
213 254
213 622
213 1355
213 1214
213 1364
213 732
213 721
213 423
213 291
213 730
213 1061
213 1188
213 311
213 1324
213 645
213 593
213 1195
213 701
213 1095
213 77
213 206
213 340
213 1199
213 1247
213 173
213 486
213 598
213 239
213 992
213 798
213 102
213 933
213 74
213 865
213 1098
213 124
213 1250
213 437
213 1097
213 892
213 1248
213 534
213 1338
213 983
213 406
213 757
213 334
213 1099
213 303
213 589
213 924
213 1373
213 304
213 210
213 262
213 686
213 633
213 355
213 123
213 132
213 513
213 649
213 1008
213 1287
213 1205
213 941
213 1249
213 449
213 205
213 120
213 260
213 535
213 1243
213 1331
213 164
213 667
213 666
213 68
213 782
213 466
213 869
213 815
213 328
213 141
213 142
213 568
213 1167
213 1196
213 547
213 939
213 640
213 296
213 55
213 638
213 1164
213 87
213 481
213 318
213 917
213 61
213 1237
213 604
213 139
213 1218
213 249
213 36
213 293
213 269
213 546
213 33
213 1323
213 1066
213 403
213 1091
213 69
213 797
213 1109
213 606
213 447
213 712
213 536
213 60
213 390
213 602
213 519
213 193
213 287
213 377
213 308
213 653
213 190
213 998
213 489
213 620
213 52
213 198
213 1259
213 1217
213 1241
213 876
213 679
213 184
213 338
213 259
213 204
213 1282
213 1346
213 713
213 1115
213 1297
213 220
213 919
213 1057
213 1207
213 974
213 417
213 147
213 128
213 1157
213 2
213 211
213 796
213 114
213 288
213 964
213 562
213 574
213 166
213 661
213 1264
213 1107
213 1154
213 276
213 601
213 170
213 1184
213 628
213 781
213 59
213 230
213 240
213 317
213 456
213 453
213 710
213 363
213 991
213 688
213 24
213 996
213 603
213 219
213 683
213 1235
213 493
213 1342
213 73
213 753
213 1296
213 441
213 662
213 1375
213 1321
213 625
213 110
213 1204
213 962
213 1239
213 1144
213 401
213 14
213 433
213 1201
213 244
213 1168
213 215
213 212
213 1209
213 1210
213 1208
213 1391
213 207
213 285
213 1206
213 241
213 1202
213 284
213 247
213 248
213 1181
213 251
213 3
213 6
213 273
213 1194
213 256
213 1193
213 1190
213 1189
213 263
213 264
213 265
213 1187
213 268
213 271
213 1185
213 5
213 1394
213 246
213 1197
213 1180
213 232
213 223
213 224
213 1170
213 225
213 226
213 227
213 228
213 1179
213 231
213 281
213 243
213 234
213 235
213 236
213 1198
213 238
213 280
213 279
213 1393
213 278
213 250
213 1369
213 1388
213 93
213 76
213 1329
213 1327
213 1325
213 20
213 1320
213 1376
213 86
213 88
213 89
213 90
213 91
213 1318
213 1315
213 111
213 1314
213 1377
213 1312
213 17
213 98
213 1308
213 1306
213 101
213 16
213 1305
213 1303
213 1302
213 107
213 1330
213 22
213 71
213 67
213 28
213 1363
213 1360
213 34
213 35
213 37
213 38
213 1354
213 41
213 1353
213 1347
213 1345
213 46
213 47
213 48
213 1344
213 50
213 1343
213 1340
213 1335
213 1334
213 1333
213 63
213 1374
213 64
213 65
213 1332
213 108
213 112
213 203
213 180
213 12
213 157
213 1257
213 160
213 161
213 1255
213 1252
213 167
213 169
213 1246
213 175
213 1245
213 178
213 181
213 113
213 1240
213 183
213 185
213 1238
213 1231
213 1230
213 194
213 1228
213 1219
213 1383
213 200
213 1216
213 10
213 27
213 1379
213 154
213 153
213 115
213 1294
213 1291
213 1290
213 119
213 121
213 122
213 1288
213 1378
213 126
213 1286
213 1285
213 1284
213 1278
213 1276
213 1272
213 137
213 1270
213 1269
213 289
213 143
213 144
213 1268
213 1267
213 148
213 1266
213 1262
213 1260
213 361
213 292
213 1166
213 577
213 880
213 575
213 882
213 884
213 570
213 569
213 893
213 895
213 900
213 902
213 903
213 904
213 558
213 557
213 578
213 579
213 879
213 595
213 860
213 607
213 861
213 599
213 866
213 868
213 591
213 878
213 587
213 586
213 585
213 584
213 583
213 582
213 906
213 907
213 554
213 514
213 524
213 523
213 931
213 521
213 516
213 944
213 512
213 526
213 945
213 510
213 509
213 508
213 507
213 949
213 525
213 527
213 908
213 544
213 552
213 551
213 910
213 549
213 911
213 545
213 913
213 530
213 542
213 918
213 920
213 537
213 922
213 532
213 609
213 853
213 835
213 758
213 747
213 748
213 752
213 756
213 687
213 684
213 768
213 745
213 770
213 677
213 676
213 771
213 674
213 774
213 694
213 738
213 777
213 708
213 723
213 718
213 717
213 716
213 728
213 731
213 706
213 698
213 705
213 704
213 703
213 702
213 735
213 699
213 775
213 670
213 612
213 626
213 802
213 632
213 631
213 630
213 805
213 627
213 808
213 639
213 621
213 619
213 810
213 617
213 832
213 834
213 637
213 641
213 669
213 791
213 668
213 665
213 663
213 778
213 779
213 656
213 654
213 643
213 652
213 651
213 795
213 648
213 647
213 644
213 504
213 502
213 501
213 365
213 1087
213 1089
213 374
213 373
213 1090
213 366
213 1101
213 1086
213 360
213 359
213 1103
213 357
213 356
213 354
213 378
213 1085
213 350
213 389
213 399
213 398
213 1063
213 394
213 393
213 392
213 388
213 1083
213 1073
213 386
213 385
213 1079
213 383
213 1080
213 351
213 1113
213 402
213 307
213 1160
213 314
213 313
213 312
213 310
213 309
213 1161
213 321
213 305
213 302
213 301
213 1162
213 298
213 295
213 320
213 322
213 1124
213 336
213 1129
213 343
213 1140
213 1141
213 339
213 1143
213 335
213 1152
213 333
213 1148
213 330
213 1150
213 327
213 1151
213 1056
213 404
213 500
213 468
213 474
213 979
213 980
213 471
213 470
213 469
213 467
213 476
213 465
213 464
213 463
213 981
213 461
213 460
213 475
213 477
213 458
213 491
213 499
213 963
213 965
213 495
213 969
213 492
213 488
213 478
213 487
213 485
213 977
213 482
213 480
213 479
213 459
213 457
213 405
213 1011
213 1007
213 422
213 420
213 418
213 1010
213 415
213 1033
213 1006
213 1049
213 411
213 1054
213 409
213 408
213 407
213 425
213 427
213 455
213 990
213 454
213 982
213 986
213 988
213 446
213 989
213 995
213 429
213 439
213 438
213 436
213 432
213 1003
213 430
213 700
