214 1294
214 1362
214 828
214 831
214 848
214 930
214 1044
214 739
214 1154
214 1036
214 47
214 1042
214 777
214 756
214 15
214 1043
214 1126
214 744
214 1054
214 1360
214 451
214 1071
214 1059
214 1055
214 916
214 827
214 830
214 852
214 1068
214 1058
214 470
214 1038
214 764
214 681
214 931
214 936
214 1070
214 887
214 100
214 92
214 379
214 741
214 515
214 428
214 1037
214 156
214 457
214 231
214 761
214 833
214 1052
214 596
214 130
214 42
214 202
214 843
214 1067
214 906
214 1135
214 886
214 889
214 1375
214 594
214 232
214 954
214 1361
214 351
214 897
214 781
214 322
214 890
214 389
214 1123
214 874
214 349
214 1090
214 851
214 1129
214 241
214 1041
214 1276
214 953
214 952
214 968
214 1014
214 390
214 201
214 719
214 1265
214 1117
214 743
214 1137
214 1173
214 1309
214 1039
214 1108
214 485
214 1051
214 847
214 1118
214 866
214 1099
214 488
214 898
214 702
214 934
214 1329
214 506
214 214
214 244
214 1335
214 1333
214 878
214 648
214 926
214 1141
214 1172
214 78
214 167
214 1134
214 826
214 60
214 595
214 269
214 935
214 1155
214 33
214 1130
214 117
214 1025
214 642
214 1222
214 589
214 1210
214 911
214 1246
214 841
214 740
214 814
214 378
214 1368
214 725
214 530
214 1283
214 1171
214 593
214 14
214 929
214 554
214 1181
214 149
214 510
214 1262
214 466
214 937
214 57
214 1131
214 1175
214 496
214 367
214 1208
214 1074
214 1002
214 940
214 885
214 374
214 36
214 583
214 507
214 521
214 1145
214 590
214 1119
214 799
214 102
214 1040
214 974
214 854
214 765
214 441
214 721
214 169
214 769
214 700
214 587
214 126
214 813
214 317
214 879
214 627
214 111
214 346
214 359
214 409
214 1370
214 955
214 1174
214 1197
214 61
214 853
214 773
214 193
214 908
214 1030
214 90
214 482
214 998
214 474
214 566
214 1193
214 576
214 920
214 116
214 695
214 580
214 683
214 836
214 917
214 1342
214 832
214 565
214 1372
214 945
214 270
214 395
214 1206
214 366
214 401
214 821
214 842
214 680
214 280
214 1007
214 1257
214 4
214 1075
214 475
214 869
214 742
214 1180
214 266
214 1164
214 682
214 248
214 166
214 1094
214 240
214 135
214 1346
214 802
214 707
214 1062
214 448
214 892
214 1293
214 1187
214 1092
214 438
214 225
214 881
214 1013
214 1374
214 1198
214 628
214 1216
214 329
214 227
214 796
214 553
214 1289
214 1182
214 168
214 128
214 588
214 1371
214 9
214 94
214 1138
214 12
214 1112
214 560
214 938
214 120
214 247
214 598
214 984
214 278
214 1086
214 164
214 1349
214 850
214 1053
214 368
214 236
214 1029
214 307
214 1273
214 760
214 1266
214 1076
214 1392
214 969
214 1188
214 601
214 534
214 1158
214 5
214 234
214 731
214 499
214 426
214 107
214 341
214 376
214 1248
214 1336
214 1133
214 962
214 919
214 336
214 300
214 365
214 763
214 253
214 432
214 581
214 144
214 872
214 961
214 1280
214 538
214 1296
214 544
214 951
214 575
214 295
214 188
214 1323
214 959
214 729
214 1205
214 1380
214 1034
214 724
214 154
214 730
214 28
214 1161
214 364
214 1061
214 1159
214 766
214 124
214 301
214 733
214 108
214 1122
214 551
214 77
214 722
214 114
214 140
214 44
214 342
214 1352
214 780
214 563
214 1288
214 1383
214 767
214 751
214 579
214 49
214 331
214 141
214 29
214 543
214 990
214 251
214 957
214 176
214 1136
214 603
214 279
214 343
214 1168
214 398
214 326
214 1219
214 685
214 10
214 1249
214 1386
214 1235
214 1272
214 1358
214 1313
214 1132
214 528
214 862
214 469
214 625
214 734
214 548
214 1243
214 863
214 600
214 619
214 1233
214 21
214 1384
214 1357
214 30
214 39
214 1048
214 981
214 815
214 536
214 1343
214 752
214 411
214 1261
214 226
214 1190
214 1396
214 449
214 602
214 882
214 939
214 508
214 1116
214 986
214 803
214 674
214 1012
214 1308
214 263
214 558
214 37
214 592
214 1347
214 928
214 1314
214 1351
214 319
214 1177
214 1060
214 723
214 922
214 312
214 1284
214 1337
214 1260
214 956
214 820
214 468
214 701
214 785
214 1259
214 654
214 1321
214 163
214 1367
214 1241
214 1027
214 546
214 677
214 158
214 1376
214 1072
214 462
214 461
214 403
214 659
214 338
214 274
214 894
214 797
214 650
214 1017
214 443
214 81
214 985
214 641
214 1322
214 1324
214 1079
214 541
214 133
214 1047
214 113
214 519
214 1093
214 321
214 839
214 1330
214 198
214 340
214 195
214 159
214 768
214 222
214 903
214 1399
214 891
214 1268
214 901
214 262
214 48
214 309
214 865
214 967
214 1250
214 644
214 446
214 1204
214 480
214 138
214 437
214 783
214 237
214 459
214 630
214 1125
214 486
214 353
214 871
214 422
214 484
214 552
214 638
214 1049
214 207
214 397
214 1270
214 905
214 170
214 1339
214 665
214 1231
214 182
214 542
214 290
214 1377
214 786
214 737
214 1341
214 639
214 794
214 179
214 412
214 844
214 75
214 732
214 1295
214 1008
214 1379
214 1147
214 386
214 994
214 1110
214 790
214 294
214 562
214 1121
214 65
214 200
214 921
214 46
214 822
214 361
214 257
214 1344
214 516
214 500
214 32
214 289
214 613
214 1224
214 893
214 1255
214 979
214 571
214 578
214 1320
214 1009
214 1211
214 145
214 132
214 1016
214 1244
214 1153
214 846
214 525
214 354
214 115
214 716
214 996
214 666
214 67
214 213
214 155
214 924
214 1194
214 840
214 824
214 208
214 277
214 989
214 988
214 636
214 109
214 585
214 705
214 1005
214 1275
214 605
214 1237
214 1218
214 1232
214 246
214 370
214 1345
214 540
214 1201
214 550
214 16
214 293
214 1325
214 726
214 1381
214 283
214 1242
214 1088
214 1297
214 991
214 618
214 174
214 24
214 1091
214 360
214 982
214 131
214 1089
214 1057
214 35
214 1328
214 275
214 314
214 235
214 1291
214 997
214 454
214 210
214 634
214 190
214 801
214 992
214 933
214 1000
214 661
214 1332
214 715
214 792
214 54
214 52
214 1202
214 1156
214 1015
214 1334
214 1162
214 1316
214 1200
214 419
214 1066
214 614
214 84
214 101
214 62
214 64
214 1390
214 1113
214 656
214 1028
214 375
214 870
214 467
214 1363
214 204
214 779
214 220
214 720
214 1207
214 987
214 907
214 1281
214 267
214 873
214 56
214 352
214 899
214 845
214 762
214 288
214 1163
214 1019
214 980
214 717
214 199
214 172
214 344
214 623
214 455
214 1024
214 1290
214 123
214 1356
214 914
214 599
214 416
214 1382
214 646
214 1056
214 110
214 252
214 219
214 328
214 1199
214 187
214 624
214 73
214 675
214 753
214 218
214 99
214 212
214 927
214 1271
214 1226
214 272
214 25
214 417
214 976
214 380
214 121
214 82
214 112
214 391
214 118
214 392
214 80
214 119
214 393
214 373
214 79
214 85
214 76
214 372
214 122
214 371
214 394
214 74
214 125
214 396
214 83
214 86
214 93
214 106
214 91
214 381
214 382
214 89
214 95
214 96
214 383
214 384
214 385
214 377
214 97
214 98
214 88
214 103
214 87
214 104
214 387
214 388
214 105
214 299
214 69
214 72
214 425
214 31
214 418
214 27
214 420
214 26
214 421
214 23
214 22
214 20
214 423
214 19
214 424
214 18
214 71
214 17
214 13
214 427
214 11
214 429
214 8
214 430
214 7
214 431
214 6
214 3
214 2
214 34
214 38
214 40
214 41
214 70
214 399
214 400
214 129
214 68
214 402
214 66
214 404
214 405
214 406
214 407
214 63
214 408
214 59
214 58
214 55
214 53
214 410
214 51
214 50
214 413
214 414
214 45
214 43
214 415
214 127
214 148
214 134
214 249
214 261
214 260
214 259
214 258
214 323
214 324
214 325
214 256
214 255
214 254
214 327
214 250
214 245
214 224
214 330
214 243
214 242
214 239
214 238
214 332
214 233
214 333
214 334
214 335
214 230
214 229
214 320
214 264
214 265
214 268
214 297
214 302
214 303
214 304
214 296
214 305
214 292
214 291
214 287
214 286
214 306
214 285
214 284
214 308
214 282
214 281
214 310
214 311
214 276
214 313
214 273
214 315
214 271
214 316
214 318
214 228
214 337
214 136
214 153
214 355
214 175
214 356
214 173
214 171
214 165
214 357
214 162
214 161
214 358
214 160
214 157
214 362
214 223
214 363
214 152
214 151
214 150
214 298
214 147
214 146
214 143
214 142
214 139
214 137
214 369
214 177
214 178
214 180
214 181
214 221
214 339
214 217
214 216
214 215
214 211
214 209
214 345
214 206
214 347
214 348
214 205
214 350
214 203
214 434
214 197
214 196
214 194
214 192
214 191
214 189
214 186
214 185
214 184
214 183
214 433
214 1400
214 435
214 1064
214 1085
214 1084
214 1083
214 1082
214 1081
214 1080
214 1078
214 1077
214 1073
214 1069
214 1065
214 1063
214 1149
214 1050
214 1046
214 1045
214 1035
214 1033
214 1032
214 1031
214 1026
214 1023
214 1022
214 1021
214 1087
214 1095
214 1096
214 1097
214 1146
214 1144
214 1143
214 1142
214 1140
214 1139
214 1128
214 1127
214 1124
214 1120
214 1115
214 1114
214 1111
214 1109
214 1107
214 1106
214 1105
214 1104
214 1103
214 1102
214 1101
214 1100
214 1098
214 1020
214 1018
214 1011
214 946
214 943
214 942
214 941
214 932
214 925
214 923
214 918
214 915
214 913
214 912
214 910
214 909
214 904
214 902
214 900
214 896
214 895
214 888
214 884
214 883
214 880
214 877
214 876
214 944
214 947
214 1010
214 948
214 1006
214 1004
214 1003
214 1001
214 999
214 995
214 993
214 983
214 978
214 977
214 975
214 973
214 972
214 971
214 970
214 966
214 965
214 964
214 963
214 960
214 958
214 950
214 949
214 1148
214 1150
214 436
214 1303
214 1319
214 1318
214 1317
214 1315
214 1312
214 1311
214 1310
214 1307
214 1306
214 1305
214 1304
214 1302
214 1151
214 1301
214 1300
214 1299
214 1298
214 1292
214 1287
214 1286
214 1285
214 1282
214 1279
214 1278
214 1326
214 1327
214 1331
214 1338
214 1398
214 1397
214 1395
214 1394
214 1393
214 1391
214 1389
214 1388
214 1387
214 1385
214 1378
214 1373
214 1369
214 1366
214 1365
214 1364
214 1359
214 1355
214 1354
214 1353
214 1350
214 1348
214 1340
214 1277
214 1274
214 1269
214 1214
214 1212
214 1209
214 1203
214 1196
214 1195
214 1192
214 1191
214 1189
214 1186
214 1185
214 1184
214 1183
214 1179
214 1178
214 1176
214 1170
214 1169
214 1167
214 1166
214 1165
214 1160
214 1157
214 1152
214 1213
214 1215
214 1267
214 1217
214 1264
214 1263
214 1258
214 1256
214 1254
214 1253
214 1252
214 1251
214 1247
214 1245
214 1240
214 1239
214 1238
214 1236
214 1234
214 1230
214 1229
214 1228
214 1227
214 1225
214 1223
214 1221
214 1220
214 875
214 868
214 867
214 561
214 584
214 582
214 577
214 574
214 573
214 572
214 570
214 569
214 568
214 567
214 564
214 559
214 864
214 557
214 556
214 555
214 549
214 547
214 545
214 539
214 537
214 535
214 533
214 532
214 586
214 591
214 597
214 604
214 645
214 643
214 640
214 637
214 635
214 633
214 632
214 631
214 629
214 626
214 622
214 621
214 620
214 617
214 616
214 615
214 612
214 611
214 610
214 609
214 608
214 607
214 606
214 531
214 529
214 527
214 487
214 481
214 479
214 478
214 477
214 476
214 473
214 472
214 471
214 465
214 464
214 463
214 460
214 458
214 456
214 453
214 452
214 450
214 447
214 445
214 444
214 442
214 440
214 439
214 483
214 489
214 526
214 490
214 524
214 523
214 522
214 520
214 518
214 517
214 514
214 513
214 512
214 511
214 509
214 505
214 504
214 503
214 502
214 501
214 498
214 497
214 495
214 494
214 493
214 492
214 491
214 647
214 649
214 651
214 806
214 804
214 800
214 798
214 795
214 793
214 791
214 789
214 788
214 787
214 784
214 782
214 778
214 776
214 775
214 774
214 772
214 771
214 770
214 759
214 758
214 757
214 755
214 754
214 805
214 807
214 749
214 808
214 861
214 860
214 859
214 858
214 857
214 856
214 855
214 849
214 838
214 837
214 835
214 834
214 829
214 825
214 823
214 819
214 818
214 817
214 816
214 812
214 811
214 810
214 809
214 750
214 748
214 652
214 691
214 689
214 688
214 687
214 686
214 684
214 679
214 678
214 676
214 673
214 672
214 671
214 670
214 669
214 668
214 667
214 664
214 663
214 662
214 660
214 658
214 657
214 655
214 653
214 690
214 692
214 747
214 693
214 746
214 745
214 738
214 736
214 735
214 728
214 727
214 718
214 714
214 713
214 712
214 711
214 710
214 709
214 708
214 706
214 704
214 703
214 699
214 698
214 697
214 696
214 694
214 1
