215 535
215 1253
215 1234
215 332
215 25
215 666
215 1006
215 1205
215 1377
215 544
215 295
215 1198
215 1204
215 68
215 273
215 318
215 456
215 160
215 35
215 984
215 482
215 540
215 294
215 574
215 19
215 421
215 541
215 625
215 411
215 472
215 775
215 44
215 770
215 1238
215 1391
215 1356
215 211
215 669
215 357
215 423
215 1394
215 537
215 37
215 370
215 1274
215 483
215 533
215 305
215 317
215 1349
215 1319
215 876
215 985
215 979
215 508
215 186
215 1196
215 1181
215 2
215 556
215 707
215 124
215 1311
215 85
215 525
215 1231
215 170
215 469
215 1309
215 1307
215 401
215 947
215 188
215 112
215 329
215 945
215 1228
215 536
215 283
215 192
215 1354
215 415
215 179
215 690
215 1107
215 373
215 1151
215 626
215 487
215 604
215 45
215 26
215 134
215 601
215 688
215 1373
215 1213
215 771
215 1390
215 473
215 175
215 93
215 808
215 20
215 557
215 1187
215 990
215 407
215 1232
215 1104
215 665
215 1236
215 657
215 123
215 27
215 976
215 680
215 481
215 516
215 570
215 298
215 1393
215 1142
215 761
215 1002
215 593
215 1218
215 1310
215 1295
215 1222
215 1214
215 1153
215 149
215 651
215 1248
215 240
215 1005
215 655
215 1323
215 232
215 269
215 28
215 371
215 1179
215 1225
215 997
215 653
215 1273
215 1305
215 161
215 360
215 1105
215 1080
215 498
215 1038
215 334
215 217
215 569
215 61
215 268
215 89
215 1009
215 190
215 110
215 381
215 939
215 1281
215 310
215 356
215 579
215 1245
215 242
215 219
215 597
215 1190
215 308
215 940
215 522
215 224
215 465
215 1200
215 84
215 342
215 1282
215 433
215 571
215 307
215 234
215 878
215 1106
215 372
215 1119
215 33
215 1304
215 531
215 328
215 663
215 270
215 1369
215 514
215 327
215 660
215 1157
215 567
215 266
215 69
215 443
215 18
215 999
215 358
215 118
215 575
215 621
215 1353
215 63
215 577
215 1261
215 1158
215 428
215 60
215 1368
215 667
215 193
215 1379
215 369
215 986
215 377
215 309
215 38
215 607
215 313
215 79
215 494
215 368
215 319
215 683
215 523
215 459
215 117
215 7
215 1161
215 441
215 927
215 354
215 365
215 208
215 1292
215 1184
215 88
215 526
215 1285
215 668
215 901
215 157
215 316
215 122
215 341
215 461
215 950
215 1183
215 1313
215 629
215 216
215 745
215 267
215 1272
215 490
215 495
215 191
215 892
215 440
215 196
215 1074
215 395
215 56
215 303
215 1216
215 1247
215 22
215 167
215 1114
215 1040
215 3
215 1224
215 991
215 664
215 333
215 560
215 227
215 500
215 48
215 992
215 1221
215 561
215 590
215 51
215 762
215 994
215 989
215 1124
215 1296
215 420
215 1255
215 292
215 198
215 239
215 439
215 194
215 1229
215 444
215 1351
215 339
215 455
215 1350
215 880
215 546
215 656
215 609
215 278
215 608
215 340
215 304
215 966
215 959
215 1194
215 1209
215 297
215 977
215 9
215 36
215 974
215 366
215 30
215 757
215 158
215 222
215 363
215 402
215 1284
215 1211
215 512
215 399
215 1165
215 94
215 1301
215 146
215 1230
215 558
215 816
215 1266
215 1239
215 1328
215 1189
215 802
215 182
215 766
215 967
215 236
215 228
215 1003
215 396
215 511
215 169
215 299
215 929
215 1076
215 628
215 1100
215 530
215 602
215 53
215 1195
215 133
215 257
215 101
215 189
215 17
215 1082
215 1007
215 464
215 568
215 689
215 503
215 872
215 903
215 1065
215 1083
215 1084
215 187
215 450
215 708
215 1375
215 1117
215 572
215 57
215 184
215 800
215 1330
215 1111
215 1355
215 801
215 205
215 928
215 627
215 774
215 1164
215 686
215 797
215 649
215 925
215 961
215 951
215 1159
215 662
215 555
215 115
215 70
215 1081
215 1395
215 352
215 212
215 1112
215 233
215 388
215 787
215 132
215 393
215 1028
215 135
215 941
215 545
215 410
215 214
215 404
215 1141
215 323
215 1243
215 311
215 467
215 256
215 129
215 563
215 825
215 34
215 987
215 975
215 1336
215 32
215 573
215 521
215 946
215 1034
215 4
215 576
215 900
215 206
215 408
215 1269
215 272
215 1108
215 721
215 630
215 1180
215 359
215 280
215 351
215 538
215 983
215 148
215 529
215 993
215 578
215 116
215 717
215 1066
215 518
215 758
215 1299
215 1275
215 840
215 750
215 1297
215 379
215 893
215 923
215 638
215 49
215 670
215 143
215 58
215 1201
215 803
215 693
215 306
215 97
215 128
215 565
215 458
215 1378
215 784
215 873
215 315
215 1374
215 1318
215 792
215 998
215 23
215 1241
215 729
215 277
215 152
215 466
215 1343
215 692
215 230
215 746
215 347
215 633
215 981
215 722
215 736
215 1019
215 860
215 1010
215 386
215 869
215 114
215 491
215 661
215 1263
215 1147
215 252
215 710
215 108
215 550
215 147
215 965
215 398
215 326
215 394
215 786
215 1182
215 587
215 764
215 812
215 517
215 527
215 435
215 1101
215 121
215 1093
215 1288
215 385
215 725
215 658
215 389
215 296
215 497
215 1302
215 1279
215 1127
215 39
215 534
215 468
215 507
215 213
215 798
215 1250
215 699
215 1098
215 335
215 237
215 180
215 706
215 504
215 380
215 583
215 177
215 748
215 829
215 912
215 1370
215 201
215 624
215 430
215 496
215 1000
215 375
215 1300
215 1267
215 1335
215 137
215 799
215 1139
215 484
215 98
215 751
215 962
215 274
215 528
215 623
215 383
215 431
215 815
215 126
215 695
215 397
215 418
215 42
215 1249
215 809
215 793
215 712
215 637
215 223
215 1367
215 606
215 917
215 382
215 1271
215 226
215 1240
215 403
215 1256
215 1012
215 1210
215 742
215 1170
215 634
215 949
215 921
215 106
215 1121
215 1345
215 376
215 262
215 1143
215 589
215 1052
215 811
215 427
215 839
215 64
215 539
215 652
215 153
215 52
215 285
215 324
215 908
215 827
215 1207
215 105
215 171
215 247
215 258
215 74
215 723
215 387
215 1325
215 1265
215 659
215 1280
215 1244
215 183
215 779
215 1385
215 1283
215 96
215 492
215 138
215 759
215 724
215 592
215 549
215 109
215 1381
215 1346
215 207
215 996
215 1324
215 610
215 1303
215 1110
215 505
215 265
215 1251
215 1348
215 909
215 300
215 452
215 288
215 933
215 920
215 417
215 151
215 1097
215 59
215 86
215 488
215 899
215 1039
215 1202
215 1258
215 1115
215 140
215 185
215 1018
215 964
215 562
215 1140
215 29
215 83
215 1203
215 612
215 231
215 1287
215 155
215 445
215 1259
215 437
215 932
215 1148
215 1154
215 107
215 1220
215 1382
215 618
215 907
215 248
215 1322
215 251
215 1262
215 364
215 1035
215 835
215 322
215 772
215 635
215 564
215 103
215 1193
215 139
215 902
215 1233
215 255
215 485
215 794
215 820
215 1186
215 1235
215 1001
215 1371
215 229
215 1136
215 914
215 922
215 82
215 1078
215 225
215 675
215 896
215 814
215 918
215 988
215 785
215 858
215 849
215 1073
215 282
215 210
215 87
215 1306
215 355
215 1042
215 600
215 818
215 289
215 1223
215 861
215 845
215 603
215 1242
215 1386
215 235
215 62
215 795
215 887
215 1155
215 1254
215 955
215 81
215 963
215 131
215 895
215 1246
215 166
215 1321
215 1061
215 449
215 1144
215 847
215 1277
215 165
215 21
215 50
215 671
215 432
215 605
215 730
215 617
215 111
215 554
215 104
215 682
215 344
215 479
215 705
215 674
215 807
215 1014
215 632
215 1316
215 14
215 1033
215 312
215 261
215 713
215 203
215 241
215 1270
215 1199
215 906
215 1315
215 888
215 1072
215 916
215 773
215 1342
215 1149
215 378
215 1327
215 1132
215 691
215 127
215 249
215 447
215 952
215 687
215 591
215 474
215 970
215 942
215 499
215 672
215 1298
215 588
215 919
215 837
215 446
215 701
215 293
215 426
215 91
215 263
215 73
215 173
215 719
215 501
215 102
215 1389
215 1178
215 1086
215 345
215 696
215 144
215 911
215 475
215 197
215 640
215 1227
215 915
215 1017
215 390
215 980
215 221
215 1291
215 302
215 163
215 470
215 777
215 1172
215 580
215 1264
215 353
215 1340
215 462
215 1089
215 1134
215 566
215 881
215 1085
215 349
215 125
215 460
215 1339
215 1219
215 553
215 1015
215 828
215 176
215 325
215 804
215 119
215 243
215 679
215 253
215 1289
215 700
215 789
215 448
215 159
215 361
215 276
215 645
215 646
215 844
215 934
215 120
215 817
215 714
215 145
215 195
215 1053
215 1075
215 760
215 830
215 709
215 552
215 1260
215 6
215 796
215 720
215 1372
215 944
215 740
215 547
215 55
215 413
215 1056
215 1365
215 718
215 1237
215 457
215 16
215 924
215 391
215 244
215 1352
215 168
215 960
215 822
215 1051
215 1
215 749
215 287
215 846
215 1392
215 489
215 727
215 968
215 1175
215 348
215 1332
215 477
215 874
215 754
215 943
215 218
215 1334
215 346
215 150
215 1128
215 702
215 172
215 1268
215 202
215 520
215 697
215 1380
215 753
215 259
215 204
215 620
215 209
215 739
215 1341
215 685
215 314
215 1383
215 442
215 1326
215 1252
215 54
215 1278
215 406
215 857
215 1156
215 164
215 1024
215 781
215 1212
215 72
215 856
215 894
215 1064
215 453
215 174
215 24
215 486
215 1166
215 767
215 704
215 199
215 1096
215 982
215 200
215 1087
215 1079
215 136
215 1077
215 1071
215 1070
215 1116
215 1069
215 141
215 1120
215 142
215 1068
215 1122
215 1118
215 1088
215 971
215 1092
215 972
215 969
215 1095
215 973
215 1099
215 1067
215 1102
215 1090
215 978
215 130
215 1103
215 1091
215 1109
215 1113
215 1094
215 1025
215 995
215 1047
215 1021
215 162
215 1045
215 1044
215 1043
215 1041
215 1037
215 1022
215 1036
215 1032
215 1031
215 1023
215 181
215 1030
215 1029
215 1027
215 1026
215 1046
215 1048
215 1004
215 1123
215 1008
215 1063
215 178
215 1062
215 1060
215 1013
215 1059
215 1016
215 1020
215 1058
215 1057
215 1055
215 154
215 1054
215 156
215 1050
215 1049
215 1011
215 1152
215 1125
215 1126
215 1344
215 31
215 1338
215 1337
215 1333
215 1331
215 1329
215 40
215 41
215 43
215 1320
215 1317
215 46
215 47
215 1314
215 1312
215 1308
215 1294
215 1293
215 1290
215 1286
215 1347
215 1357
215 1358
215 12
215 1398
215 1397
215 1396
215 5
215 1388
215 8
215 1387
215 10
215 11
215 13
215 1359
215 1384
215 15
215 1376
215 1366
215 1364
215 1363
215 1362
215 1361
215 1360
215 1276
215 1257
215 1226
215 1150
215 90
215 1167
215 92
215 1163
215 95
215 1162
215 1160
215 99
215 100
215 1146
215 1169
215 1145
215 1138
215 1137
215 1135
215 1133
215 1131
215 1130
215 1129
215 113
215 1168
215 1171
215 1217
215 1191
215 1215
215 65
215 66
215 67
215 1208
215 1206
215 1197
215 71
215 1192
215 75
215 1173
215 76
215 77
215 78
215 1188
215 80
215 1185
215 1177
215 1176
215 1174
215 958
215 436
215 957
215 644
215 681
215 678
215 677
215 676
215 673
215 654
215 650
215 362
215 648
215 647
215 643
215 320
215 367
215 642
215 641
215 639
215 636
215 631
215 622
215 374
215 619
215 616
215 684
215 694
215 350
215 698
215 741
215 738
215 737
215 735
215 734
215 733
215 732
215 330
215 331
215 731
215 728
215 726
215 336
215 337
215 338
215 716
215 715
215 711
215 343
215 703
215 1399
215 615
215 614
215 613
215 513
215 409
215 509
215 506
215 412
215 502
215 414
215 493
215 416
215 419
215 480
215 478
215 422
215 424
215 425
215 476
215 471
215 463
215 429
215 454
215 451
215 434
215 510
215 405
215 611
215 515
215 599
215 598
215 384
215 596
215 595
215 594
215 586
215 585
215 584
215 582
215 392
215 581
215 559
215 551
215 548
215 543
215 542
215 532
215 400
215 524
215 519
215 321
215 743
215 956
215 245
215 883
215 882
215 879
215 877
215 238
215 875
215 871
215 870
215 868
215 867
215 246
215 744
215 866
215 865
215 864
215 250
215 863
215 862
215 859
215 254
215 855
215 854
215 884
215 885
215 886
215 889
215 954
215 953
215 948
215 938
215 937
215 936
215 935
215 215
215 931
215 930
215 438
215 926
215 220
215 913
215 910
215 905
215 904
215 898
215 897
215 891
215 890
215 260
215 853
215 852
215 813
215 291
215 810
215 806
215 805
215 791
215 790
215 788
215 783
215 782
215 301
215 780
215 778
215 776
215 769
215 768
215 765
215 763
215 756
215 755
215 752
215 747
215 290
215 819
215 851
215 286
215 264
215 850
215 848
215 843
215 842
215 841
215 271
215 838
215 836
215 834
215 275
215 833
215 832
215 831
215 279
215 826
215 281
215 824
215 823
215 284
215 821
215 1400
