216 39
216 958
216 175
216 1225
216 692
216 971
216 693
216 1156
216 1269
216 1364
216 905
216 407
216 1319
216 1274
216 1206
216 1107
216 1032
216 974
216 1006
216 904
216 345
216 411
216 1378
216 612
216 335
216 993
216 330
216 1220
216 62
216 893
216 695
216 492
216 800
216 174
216 1004
216 665
216 655
216 636
216 1231
216 512
216 764
216 694
216 1077
216 514
216 519
216 37
216 1267
216 239
216 662
216 415
216 1389
216 894
216 173
216 248
216 423
216 1349
216 64
216 808
216 222
216 1227
216 1352
216 1303
216 268
216 147
216 968
216 1367
216 1001
216 1200
216 312
216 506
216 569
216 650
216 495
216 1039
216 1276
216 370
216 470
216 529
216 65
216 391
216 1288
216 952
216 216
216 466
216 914
216 556
216 56
216 1248
216 1230
216 472
216 996
216 84
216 133
216 367
216 243
216 794
216 1271
216 972
216 334
216 57
216 212
216 40
216 1356
216 1262
216 72
216 1166
216 1114
216 1307
216 1277
216 117
216 265
216 138
216 713
216 687
216 626
216 1258
216 680
216 232
216 1157
216 344
216 79
216 1283
216 508
216 25
216 994
216 1311
216 824
216 197
216 224
216 654
216 331
216 256
216 525
216 1102
216 966
216 193
216 689
216 1237
216 696
216 19
216 623
216 873
216 291
216 1355
216 675
216 139
216 126
216 480
216 1091
216 1321
216 310
216 187
216 1145
216 439
216 1003
216 372
216 1382
216 192
216 1151
216 1280
216 209
216 1313
216 153
216 80
216 1292
216 961
216 947
216 205
216 90
216 120
216 1064
216 1266
216 815
216 903
216 1327
216 997
216 1010
216 1198
216 922
216 673
216 793
216 567
216 930
216 1076
216 970
216 926
216 213
216 513
216 790
216 194
216 1381
216 373
216 49
216 293
216 467
216 1192
216 311
216 1000
216 235
216 1317
216 260
216 250
216 1205
216 277
216 1212
216 38
216 887
216 114
216 229
216 1386
216 308
216 1190
216 671
216 907
216 1366
216 188
216 1390
216 679
216 805
216 1040
216 1074
216 379
216 447
216 1254
216 1208
216 605
216 1229
216 465
216 252
216 176
216 328
216 177
216 421
216 403
216 652
216 498
216 416
216 386
216 1312
216 642
216 624
216 1155
216 74
216 798
216 464
216 674
216 352
216 179
216 101
216 130
216 1065
216 368
216 1246
216 1011
216 142
216 1285
216 848
216 1090
216 504
216 274
216 522
216 545
216 70
216 1238
216 1186
216 88
216 1393
216 672
216 566
216 305
216 741
216 97
216 564
216 1082
216 361
216 48
216 78
216 1315
216 1322
216 1007
216 296
216 1336
216 1062
216 763
216 132
216 1199
216 943
216 123
216 1167
216 140
216 1234
216 402
216 721
216 1216
216 279
216 1235
216 110
216 549
216 1094
216 1316
216 1093
216 1171
216 1002
216 847
216 233
216 857
216 838
216 1100
216 263
216 635
216 809
216 1331
216 284
216 290
216 1135
216 637
216 1080
216 807
216 190
216 1035
216 89
216 1119
216 207
216 1298
216 169
216 238
216 552
216 804
216 990
216 435
216 1075
216 770
216 307
216 496
216 459
216 1045
216 1147
216 535
216 1247
216 443
216 346
216 1008
216 584
216 1223
216 697
216 94
216 782
216 32
216 1047
216 92
216 482
216 198
216 540
216 253
216 456
216 189
216 1005
216 810
216 1009
216 949
216 727
216 991
216 292
216 517
216 515
216 609
216 1116
216 1385
216 813
216 663
216 580
216 428
216 891
216 329
216 1252
216 178
216 202
216 1391
216 1309
216 1261
216 998
216 1092
216 282
216 836
216 1191
216 86
216 568
216 1310
216 58
216 757
216 1182
216 1204
216 364
216 773
216 557
216 927
216 115
216 542
216 581
216 979
216 369
216 717
216 1300
216 390
216 469
216 319
216 395
216 15
216 625
216 989
216 430
216 226
216 939
216 1130
216 1185
216 595
216 454
216 784
216 748
216 945
216 954
216 681
216 1314
216 700
216 574
216 473
216 850
216 280
216 816
216 962
216 33
216 553
216 683
216 257
216 71
216 234
216 786
216 154
216 917
216 10
216 2
216 946
216 601
216 85
216 1106
216 354
216 1043
216 1233
216 704
216 151
216 627
216 225
216 573
216 396
216 1287
216 710
216 109
216 631
216 353
216 165
216 1253
216 933
216 828
216 1068
216 1250
216 509
216 497
216 245
216 349
216 1332
216 900
216 1371
216 196
216 230
216 170
216 1323
216 381
216 171
216 1334
216 981
216 632
216 451
216 688
216 1173
216 135
216 628
216 1193
216 1095
216 203
216 1169
216 342
216 643
216 758
216 572
216 638
216 406
216 999
216 183
216 1257
216 122
216 987
216 1133
216 849
216 317
216 82
216 1104
216 977
216 91
216 709
216 1072
216 1153
216 1350
216 975
216 332
216 1335
216 152
216 95
216 1165
216 1098
216 29
216 759
216 651
216 677
216 743
216 73
216 1202
216 806
216 781
216 240
216 432
216 262
216 1128
216 811
216 796
216 1383
216 161
216 288
216 199
216 383
216 1081
216 841
216 1278
216 986
216 1195
216 264
216 172
216 249
216 699
216 546
216 9
216 321
216 300
216 3
216 337
216 1109
216 1239
216 1249
216 1351
216 1305
216 215
216 527
216 1326
216 1124
216 54
216 363
216 839
216 301
216 294
216 656
216 266
216 1179
216 955
216 156
216 1146
216 772
216 27
216 1056
216 641
216 657
216 1181
216 739
216 1066
216 934
216 920
216 486
216 1289
216 707
216 413
216 309
216 690
216 1
216 1222
216 283
216 463
216 1281
216 468
216 562
216 427
216 801
216 1203
216 425
216 1241
216 1329
216 1232
216 518
216 761
216 409
216 733
216 830
216 211
216 485
216 242
216 1162
216 458
216 1125
216 1324
216 76
216 1304
216 131
216 1353
216 1149
216 814
216 1363
216 1070
216 988
216 554
216 148
216 246
216 774
216 186
216 610
216 547
216 11
216 846
216 206
216 339
216 219
216 1175
216 722
216 585
216 982
216 780
216 42
216 901
216 511
216 31
216 103
216 712
216 1226
216 938
216 287
216 1265
216 1071
216 59
216 195
216 1160
216 314
216 948
216 201
216 431
216 55
216 93
216 984
216 51
216 659
216 258
216 1373
216 433
216 134
216 393
216 1017
216 1163
216 783
216 442
216 571
216 491
216 44
216 357
216 1144
216 247
216 852
216 1188
216 1187
216 448
216 399
216 273
216 503
216 1354
216 119
216 351
216 276
216 976
216 116
216 992
216 4
216 20
216 1318
216 855
216 63
216 1059
216 121
216 902
216 724
216 278
216 766
216 719
216 50
216 35
216 985
216 1339
216 5
216 1172
216 1168
216 220
216 1328
216 575
216 875
216 1213
216 128
216 1083
216 747
216 77
216 388
216 698
216 705
216 792
216 558
216 803
216 661
216 1236
216 384
216 959
216 1042
216 378
216 374
216 723
216 106
216 1244
216 676
216 1088
216 1097
216 1325
216 1343
216 978
216 831
216 347
216 272
216 1228
216 1189
216 876
216 735
216 462
216 1019
216 565
216 872
216 647
216 1033
216 538
216 1103
216 932
216 865
216 478
216 858
216 155
216 1263
216 877
216 14
216 1342
216 362
216 1240
216 1308
216 618
216 931
216 856
216 608
216 1063
216 324
216 1051
216 720
216 1341
216 953
216 842
216 1399
216 983
216 102
216 583
216 1320
216 1306
216 711
216 736
216 487
216 475
216 1099
216 326
216 1132
216 1376
216 410
216 490
216 129
216 878
216 563
216 1194
216 892
216 461
216 1398
216 251
216 797
216 1368
216 1224
216 528
216 1338
216 96
216 417
216 536
216 436
216 1136
216 703
216 228
216 1129
216 1395
216 967
216 1377
216 159
216 1245
216 1111
216 452
216 678
216 777
216 304
216 34
216 484
216 505
216 653
216 667
216 788
216 863
216 664
216 629
216 434
216 913
216 1210
216 1143
216 658
216 789
216 582
216 1272
216 516
216 561
216 769
216 285
216 449
216 1161
216 765
216 587
216 241
216 1159
216 1387
216 1038
216 859
216 1243
216 1021
216 481
216 160
216 127
216 851
216 1078
216 918
216 591
216 104
216 414
216 860
216 221
216 1164
216 87
216 158
216 827
216 105
216 818
216 1177
216 1046
216 182
216 604
216 99
216 791
216 1053
216 457
216 83
216 358
216 1067
216 1301
216 124
216 446
216 185
216 592
216 1044
216 746
216 767
216 915
216 843
216 1178
216 1400
216 474
216 960
216 30
216 611
216 500
216 214
216 1127
216 108
216 52
216 1211
216 1217
216 1201
216 1374
216 1184
216 924
216 634
216 531
216 8
216 1118
216 1268
216 1242
216 1134
216 633
216 936
216 261
216 1337
216 420
216 787
216 477
216 356
216 576
216 645
216 941
216 1126
216 1197
216 184
216 45
216 555
216 163
216 1054
216 365
216 338
216 714
216 578
216 600
216 912
216 957
216 812
216 973
216 980
216 603
216 897
216 141
216 168
216 1255
216 1031
216 1183
216 144
216 644
216 1365
216 762
216 614
216 36
216 1131
216 1139
216 1055
216 375
216 579
216 75
216 16
216 1108
216 844
216 560
216 453
216 1052
216 302
216 1290
216 682
216 937
216 602
216 401
216 956
216 1333
216 24
216 889
216 489
216 348
216 730
216 588
216 799
216 646
216 825
216 157
216 1259
216 297
216 1117
216 845
216 1270
216 227
216 112
216 753
216 236
216 100
216 7
216 259
216 1296
216 691
216 1392
216 593
216 685
216 1207
216 921
216 426
216 1370
216 191
216 826
216 53
216 964
216 166
216 729
216 1264
216 1154
216 869
216 640
216 599
216 1034
216 315
216 289
216 928
216 1137
216 589
216 210
216 22
216 1291
216 1279
216 822
216 137
216 684
216 136
216 686
216 1295
216 871
216 1282
216 143
216 823
216 21
216 1293
216 145
216 146
216 18
216 17
216 870
216 149
216 874
216 1286
216 1284
216 1294
216 1394
216 150
216 43
216 1275
216 669
216 666
216 884
216 885
216 886
216 660
216 888
216 820
216 890
216 895
216 896
216 819
216 649
216 648
216 200
216 1397
216 1221
216 817
216 668
216 670
216 162
216 883
216 13
216 164
216 1273
216 821
216 167
216 1396
216 879
216 880
216 881
216 802
216 882
216 1260
216 1256
216 6
216 1251
216 180
216 181
216 12
216 868
216 1297
216 829
216 68
216 832
216 69
216 785
216 1360
216 1359
216 1358
216 1357
216 756
216 1379
216 750
216 755
216 754
216 1348
216 1347
216 81
216 1346
216 752
216 1345
216 1344
216 67
216 66
216 1361
216 1362
216 41
216 775
216 833
216 46
216 47
216 834
216 1372
216 771
216 835
216 768
216 837
216 1369
216 840
216 778
216 1375
216 60
216 61
216 760
216 779
216 751
216 749
216 1299
216 701
216 718
216 716
216 715
216 118
216 708
216 706
216 861
216 795
216 702
216 862
216 1340
216 125
216 1302
216 864
216 866
216 867
216 26
216 776
216 1388
216 23
216 854
216 113
216 111
216 725
216 745
216 744
216 1380
216 742
216 740
216 738
216 1330
216 98
216 737
216 734
216 732
216 731
216 1384
216 28
216 728
216 107
216 853
216 726
216 204
216 1219
216 916
216 1218
216 380
216 1079
216 521
216 1073
216 371
216 520
216 510
216 376
216 377
216 507
216 1069
216 995
216 1013
216 382
216 502
216 501
216 385
216 1061
216 387
216 499
216 389
216 1060
216 1012
216 366
216 523
216 1084
216 1085
216 340
216 341
216 537
216 343
216 1101
216 534
216 533
216 1096
216 350
216 532
216 1089
216 530
216 1087
216 355
216 965
216 526
216 969
216 359
216 360
216 1086
216 524
216 392
216 394
216 963
216 460
216 471
216 1022
216 1023
216 429
216 1041
216 1024
216 1025
216 1026
216 1027
216 1037
216 437
216 1058
216 438
216 1036
216 440
216 441
216 1028
216 444
216 445
216 1029
216 455
216 1030
216 424
216 1020
216 422
216 476
216 1057
216 397
216 398
216 1014
216 400
216 1015
216 404
216 494
216 493
216 408
216 1016
216 488
216 412
216 1050
216 483
216 1049
216 1048
216 1018
216 418
216 419
216 479
216 539
216 1105
216 898
216 1170
216 616
216 1180
216 615
216 613
216 244
216 923
216 607
216 1176
216 606
216 1174
216 254
216 271
216 255
216 925
216 598
216 597
216 596
216 594
216 590
216 1158
216 267
216 269
216 237
216 617
216 619
216 620
216 208
216 1215
216 899
216 1214
216 639
216 906
216 908
216 217
216 218
216 909
216 910
216 911
216 1209
216 223
216 630
216 450
216 919
216 622
216 1196
216 231
216 621
216 270
216 1152
216 336
216 322
216 550
216 1123
216 1122
216 313
216 316
216 1121
216 318
216 1120
216 320
216 548
216 323
216 275
216 544
216 325
216 543
216 327
216 1115
216 1113
216 1112
216 541
216 333
216 1110
216 551
216 951
216 950
216 306
216 586
216 1150
216 929
216 1148
216 281
216 577
216 935
216 570
216 286
216 940
216 1142
216 1141
216 1140
216 1138
216 295
216 942
216 298
216 299
216 944
216 303
216 559
216 405
