217 1395
217 1213
217 655
217 559
217 983
217 1002
217 1161
217 666
217 323
217 44
217 1393
217 1107
217 283
217 1274
217 324
217 142
217 670
217 1319
217 1263
217 572
217 438
217 1394
217 1307
217 554
217 369
217 20
217 553
217 154
217 523
217 566
217 294
217 629
217 37
217 1159
217 295
217 36
217 1006
217 318
217 435
217 1192
217 334
217 123
217 1151
217 959
217 946
217 120
217 421
217 145
217 1309
217 662
217 626
217 35
217 434
217 456
217 1179
217 74
217 372
217 102
217 398
217 1104
217 1204
217 689
217 1364
217 1247
217 1106
217 625
217 101
217 329
217 65
217 433
217 667
217 2
217 1377
217 981
217 1264
217 84
217 623
217 93
217 688
217 1157
217 1300
217 260
217 410
217 25
217 180
217 211
217 64
217 21
217 348
217 79
217 1281
217 354
217 71
217 373
217 1218
217 803
217 873
217 522
217 809
217 571
217 160
217 994
217 181
217 811
217 1140
217 303
217 158
217 1317
217 872
217 190
217 193
217 993
217 1381
217 661
217 1040
217 269
217 979
217 564
217 347
217 497
217 332
217 927
217 416
217 94
217 288
217 816
217 1305
217 81
217 1191
217 1258
217 110
217 49
217 73
217 1222
217 597
217 501
217 555
217 634
217 1304
217 541
217 1098
217 754
217 396
217 234
217 1188
217 1158
217 135
217 584
217 339
217 493
217 524
217 232
217 784
217 815
217 55
217 550
217 436
217 378
217 1105
217 1318
217 23
217 606
217 395
217 1082
217 1004
217 342
217 865
217 353
217 98
217 58
217 349
217 902
217 343
217 1239
217 1378
217 975
217 576
217 509
217 1156
217 272
217 1143
217 45
217 1355
217 665
217 1243
217 575
217 1062
217 546
217 861
217 1073
217 7
217 24
217 962
217 651
217 1366
217 161
217 144
217 490
217 565
217 1241
217 808
217 469
217 1224
217 1211
217 547
217 1220
217 1185
217 1198
217 992
217 370
217 306
217 609
217 77
217 1367
217 537
217 197
217 539
217 273
217 599
217 549
217 552
217 1114
217 1352
217 1356
217 802
217 495
217 252
217 328
217 387
217 69
217 1342
217 556
217 1386
217 963
217 240
217 789
217 1147
217 976
217 1391
217 1197
217 1282
217 85
217 401
217 362
217 585
217 1207
217 4
217 229
217 371
217 447
217 61
217 1313
217 580
217 89
217 978
217 274
217 807
217 570
217 423
217 1310
217 222
217 1099
217 542
217 464
217 690
217 270
217 29
217 899
217 384
217 119
217 233
217 664
217 1297
217 668
217 713
217 600
217 289
217 1328
217 630
217 256
217 635
217 267
217 50
217 1348
217 1066
217 1177
217 1279
217 5
217 1215
217 1253
217 1315
217 923
217 1074
217 646
217 966
217 1001
217 192
217 170
217 128
217 345
217 757
217 182
217 1326
217 265
217 947
217 26
217 498
217 1238
217 146
217 1277
217 1065
217 1231
217 1311
217 1153
217 1075
217 411
217 793
217 483
217 982
217 912
217 1217
217 66
217 569
217 364
217 87
217 849
217 437
217 517
217 124
217 560
217 1314
217 414
217 1100
217 322
217 473
217 51
217 179
217 174
217 201
217 305
217 1097
217 1005
217 1193
217 1268
217 1350
217 675
217 72
217 27
217 924
217 189
217 338
217 230
217 178
217 13
217 188
217 317
217 1229
217 326
217 1112
217 1248
217 132
217 350
217 171
217 557
217 645
217 291
217 1312
217 1257
217 685
217 953
217 1245
217 1390
217 263
217 971
217 358
217 205
217 442
217 980
217 262
217 319
217 773
217 97
217 1203
217 325
217 907
217 1077
217 82
217 693
217 403
217 892
217 801
217 122
217 344
217 175
217 747
217 925
217 173
217 826
217 759
217 997
217 415
217 717
217 1252
217 335
217 903
217 19
217 1130
217 797
217 518
217 695
217 974
217 168
217 494
217 105
217 139
217 1194
217 568
217 1255
217 6
217 692
217 540
217 1276
217 999
217 508
217 998
217 1149
217 261
217 406
217 656
217 1124
217 1234
217 481
217 1236
217 901
217 333
217 432
217 268
217 486
217 579
217 574
217 531
217 1373
217 399
217 991
217 95
217 628
217 286
217 799
217 804
217 224
217 186
217 711
217 1184
217 172
217 311
217 310
217 1226
217 68
217 782
217 159
217 56
217 535
217 1200
217 266
217 1283
217 712
217 177
217 106
217 1030
217 308
217 528
217 431
217 62
217 57
217 485
217 394
217 198
217 1389
217 489
217 930
217 1316
217 137
217 503
217 905
217 463
217 707
217 1108
217 1096
217 293
217 216
217 544
217 247
217 1301
217 869
217 805
217 185
217 525
217 1111
217 1227
217 1286
217 798
217 1341
217 972
217 1303
217 360
217 314
217 276
217 383
217 402
217 366
217 482
217 610
217 917
217 1183
217 536
217 1091
217 1173
217 439
217 1094
217 933
217 763
217 1259
217 297
217 715
217 54
217 365
217 636
217 944
217 806
217 1371
217 850
217 875
217 886
217 1080
217 282
217 40
217 1296
217 22
217 47
217 196
217 1354
217 1116
217 1228
217 714
217 887
217 480
217 1337
217 1171
217 780
217 710
217 1361
217 231
217 375
217 1344
217 1292
217 800
217 973
217 228
217 1132
217 1295
217 225
217 352
217 248
217 1265
217 1225
217 1362
217 43
217 465
217 567
217 496
217 355
217 581
217 1230
217 462
217 1064
217 38
217 859
217 500
217 909
217 1093
217 307
217 922
217 407
217 605
217 504
217 8
217 428
217 593
217 245
217 374
217 868
217 131
217 601
217 99
217 1109
217 1323
217 243
217 1242
217 1302
217 870
217 1110
217 166
217 1335
217 315
217 573
217 828
217 1145
217 1284
217 658
217 466
217 1250
217 1202
217 612
217 838
217 603
217 278
217 1163
217 987
217 12
217 746
217 1338
217 877
217 857
217 767
217 1172
217 1212
217 169
217 1237
217 9
217 1008
217 1195
217 737
217 1346
217 1
217 1039
217 1007
217 967
217 659
217 943
217 235
217 1178
217 939
217 275
217 533
217 176
217 686
217 1244
217 1095
217 1345
217 952
217 657
217 452
217 88
217 513
217 538
217 220
217 11
217 841
217 129
217 449
217 794
217 1133
217 1249
217 30
217 1214
217 17
217 1129
217 187
217 527
217 202
217 618
217 673
217 280
217 703
217 217
217 296
217 620
217 151
217 126
217 1000
217 577
217 1146
217 1262
217 1187
217 582
217 134
217 1199
217 694
217 1208
217 604
217 1031
217 766
217 163
217 749
217 1144
217 133
217 397
217 1068
217 969
217 468
217 279
217 388
217 1298
217 921
217 678
217 1164
217 80
217 738
217 586
217 1267
217 409
217 1076
217 756
217 162
217 1375
217 1387
217 587
217 1201
217 588
217 671
217 860
217 1336
217 1162
217 1360
217 1142
217 823
217 1349
217 1353
217 697
217 304
217 1092
217 774
217 1339
217 680
217 1240
217 970
217 578
217 1400
217 506
217 1165
217 1155
217 1294
217 650
217 956
217 390
217 492
217 156
217 1047
217 696
217 195
217 446
217 519
217 287
217 672
217 1166
217 876
217 1351
217 1289
217 42
217 783
217 484
217 813
217 100
217 302
217 487
217 259
217 204
217 1235
217 258
217 846
217 1205
217 300
217 290
217 996
217 1299
217 164
217 393
217 253
217 950
217 529
217 1246
217 718
217 679
217 184
217 244
217 331
217 942
217 1115
217 194
217 844
217 919
217 92
217 1057
217 758
217 417
217 855
217 147
217 337
217 893
217 654
217 213
217 1148
217 336
217 638
217 1219
217 1083
217 562
217 810
217 444
217 316
217 1261
217 520
217 730
217 627
217 312
217 729
217 208
217 1029
217 78
217 91
217 796
217 1138
217 467
217 1043
217 445
217 676
217 96
217 900
217 663
217 48
217 781
217 643
217 932
217 858
217 443
217 207
217 721
217 736
217 986
217 1186
217 1051
217 897
217 856
217 1221
217 592
217 788
217 1063
217 1368
217 1189
217 299
217 363
217 526
217 356
217 1320
217 739
217 1223
217 1232
217 1131
217 762
217 167
217 1139
217 704
217 1327
217 833
217 878
217 874
217 470
217 251
217 951
217 1380
217 1118
217 380
217 130
217 212
217 1019
217 125
217 940
217 219
217 968
217 359
217 660
217 1009
217 918
217 1270
217 637
217 34
217 751
217 209
217 1081
217 505
217 594
217 949
217 441
217 1388
217 888
217 242
217 1181
217 545
217 863
217 1027
217 1174
217 1288
217 700
217 741
217 1272
217 215
217 1072
217 309
217 516
217 254
217 284
217 1101
217 530
217 1061
217 148
217 785
217 772
217 1271
217 1010
217 1032
217 706
217 1069
217 1379
217 1078
217 1324
217 457
217 427
217 412
217 1254
217 75
217 701
217 16
217 104
217 1392
217 590
217 340
217 848
217 598
217 28
217 239
217 818
217 1121
217 1003
217 1070
217 90
217 621
217 14
217 611
217 53
217 448
217 958
217 883
217 1044
217 330
217 916
217 534
217 221
217 368
217 367
217 474
217 960
217 723
217 926
217 214
217 521
217 165
217 743
217 787
217 1190
217 1169
217 477
217 379
217 814
217 210
217 836
217 847
217 150
217 633
217 183
217 954
217 719
217 649
217 822
217 896
217 236
217 1287
217 1363
217 450
217 941
217 1126
217 769
217 990
217 246
217 734
217 116
217 1331
217 615
217 733
217 812
217 115
217 595
217 1396
217 141
217 543
217 1167
217 1196
217 488
217 454
217 249
217 830
217 1383
217 292
217 117
217 76
217 458
217 699
217 33
217 1024
217 792
217 548
217 709
217 381
217 1088
217 39
217 613
217 476
217 60
217 790
217 602
217 1290
217 377
217 653
217 1330
217 727
217 1333
217 894
217 459
217 52
217 765
217 1343
217 825
217 1056
217 1013
217 346
217 1018
217 1273
217 1128
217 845
217 511
217 867
217 1137
217 961
217 839
217 837
217 1209
217 1035
217 1251
217 589
217 760
217 114
217 964
217 1119
217 152
217 1154
217 499
217 614
217 764
217 59
217 827
217 1322
217 453
217 683
217 624
217 753
217 1321
217 140
217 199
217 928
217 83
217 1278
217 1365
217 1280
217 631
217 3
217 203
217 1382
217 1285
217 1374
217 1122
217 1120
217 681
217 698
217 1123
217 1125
217 1275
217 1127
217 1376
217 18
217 46
217 1134
217 1135
217 1117
217 1086
217 1329
217 1399
217 15
217 1372
217 1306
217 200
217 677
217 1087
217 63
217 1370
217 1089
217 1398
217 1369
217 1293
217 1113
217 1090
217 1136
217 67
217 191
217 652
217 1102
217 70
217 1103
217 1325
217 1085
217 1308
217 1291
217 641
217 632
217 1176
217 1084
217 103
217 1168
217 143
217 642
217 107
217 108
217 1170
217 138
217 1397
217 109
217 136
217 1175
217 1216
217 1384
217 1180
217 111
217 674
217 113
217 1182
217 1385
217 127
217 41
217 118
217 1210
217 1340
217 1334
217 121
217 1347
217 32
217 1269
217 687
217 86
217 1266
217 1260
217 648
217 1206
217 1141
217 691
217 1359
217 1150
217 647
217 1152
217 1256
217 1332
217 1358
217 640
217 157
217 684
217 155
217 10
217 1160
217 153
217 1357
217 682
217 644
217 149
217 31
217 1233
217 639
217 112
217 744
217 206
217 591
217 426
217 879
217 429
217 430
217 871
217 866
217 864
217 862
217 440
217 725
217 451
217 424
217 854
217 455
217 853
217 460
217 461
217 852
217 851
217 726
217 471
217 472
217 425
217 880
217 389
217 891
217 392
217 906
217 904
217 724
217 898
217 400
217 895
217 596
217 404
217 405
217 890
217 422
217 408
217 889
217 885
217 413
217 884
217 882
217 418
217 419
217 420
217 881
217 843
217 475
217 478
217 770
217 791
217 740
217 532
217 786
217 779
217 778
217 777
217 776
217 775
217 771
217 551
217 479
217 768
217 761
217 558
217 742
217 561
217 563
217 755
217 752
217 750
217 748
217 795
217 735
217 515
217 514
217 842
217 840
217 728
217 835
217 583
217 834
217 491
217 731
217 832
217 831
217 829
217 824
217 502
217 821
217 820
217 732
217 507
217 819
217 510
217 512
217 817
217 391
217 908
217 702
217 1036
217 1048
217 616
217 1046
217 264
217 1045
217 1042
217 1041
217 1038
217 271
217 1037
217 1034
217 617
217 1033
217 277
217 1028
217 281
217 1026
217 285
217 745
217 1023
217 1022
217 1021
217 1049
217 705
217 910
217 1058
217 622
217 1079
217 218
217 223
217 1071
217 226
217 227
217 1067
217 1060
217 1059
217 237
217 257
217 238
217 241
217 1055
217 1054
217 1053
217 1052
217 250
217 619
217 255
217 1050
217 1020
217 1017
217 298
217 931
217 948
217 945
217 351
217 938
217 937
217 357
217 936
217 935
217 361
217 934
217 929
217 301
217 920
217 722
217 915
217 376
217 914
217 382
217 913
217 911
217 385
217 386
217 955
217 341
217 720
217 957
217 708
217 1016
217 1015
217 1014
217 1012
217 1011
217 313
217 608
217 607
217 995
217 989
217 320
217 321
217 988
217 985
217 984
217 977
217 327
217 965
217 669
217 716
217 1025
