218 559
218 670
218 1393
218 1395
218 655
218 323
218 283
218 666
218 983
218 154
218 1213
218 295
218 1161
218 1002
218 44
218 142
218 438
218 1107
218 1394
218 1263
218 398
218 553
218 36
218 101
218 1281
218 566
218 294
218 1104
218 180
218 554
218 324
218 629
218 369
218 1106
218 354
218 1307
218 1006
218 35
218 435
218 662
218 572
218 979
218 564
218 332
218 120
218 1204
218 145
218 433
218 966
218 524
218 626
218 21
218 93
218 378
218 661
218 20
218 84
218 959
218 98
218 981
218 269
218 343
218 303
218 318
218 872
218 372
218 1300
218 522
218 102
218 1147
218 37
218 509
218 421
218 211
218 158
218 347
218 1192
218 1237
218 493
218 873
218 260
218 816
218 161
218 1040
218 434
218 1185
218 555
218 348
218 689
218 623
218 539
218 273
218 181
218 1179
218 55
218 1258
218 523
218 387
218 410
218 329
218 962
218 963
218 81
218 902
218 789
218 688
218 571
218 1151
218 784
218 585
218 123
218 584
218 396
218 25
218 978
218 1274
218 1366
218 436
218 546
218 1319
218 77
218 1241
218 45
218 668
218 651
218 289
218 1328
218 1105
218 1348
218 2
218 927
218 144
218 5
218 1304
218 754
218 994
218 288
218 160
218 49
218 550
218 240
218 353
218 861
218 1381
218 135
218 1159
218 339
218 65
218 1282
218 23
218 24
218 64
218 625
218 414
218 1378
218 606
218 1377
218 499
218 85
218 305
218 1309
218 61
218 1005
218 497
218 1386
218 13
218 1323
218 306
218 1220
218 541
218 464
218 597
218 1112
218 690
218 556
218 976
218 1264
218 349
218 334
218 1198
218 667
218 635
218 1099
218 803
218 980
218 537
218 946
218 815
218 456
218 575
218 1073
218 7
218 325
218 1004
218 4
218 395
218 274
218 66
218 1157
218 717
218 501
218 229
218 560
218 1255
218 1243
218 1217
218 94
218 664
218 1355
218 508
218 1268
218 1082
218 119
218 370
218 1098
218 29
218 1124
218 230
218 1236
218 1224
218 901
218 333
218 1218
218 1065
218 599
218 272
218 1188
218 1222
218 399
218 498
218 1253
218 338
218 224
218 576
218 1062
218 373
218 1226
218 267
218 1318
218 79
218 89
218 73
218 110
218 74
218 542
218 362
218 152
218 1200
218 580
218 570
218 1140
218 1283
218 1191
218 437
218 1342
218 549
218 106
218 1279
218 222
218 146
218 62
218 600
218 447
218 485
218 394
218 71
218 1158
218 1197
218 634
218 646
218 565
218 1391
218 1247
218 50
218 923
218 364
218 544
218 1301
218 869
218 525
218 97
218 1297
218 128
218 360
218 1305
218 383
218 366
218 27
218 1183
218 423
218 759
218 982
218 1239
218 473
218 122
218 1207
218 233
218 947
218 645
218 342
218 944
218 808
218 574
218 886
218 1080
218 22
218 196
218 270
218 628
218 432
218 469
218 912
218 371
218 1074
218 192
218 51
218 557
218 231
218 531
218 1211
218 350
218 1001
218 197
218 1215
218 186
218 481
218 1193
218 352
218 248
218 1149
218 344
218 234
218 802
218 328
218 757
218 384
218 500
218 609
218 992
218 675
218 307
218 922
218 1321
218 407
218 605
218 406
218 1277
218 26
218 925
218 707
218 1075
218 1311
218 6
218 266
218 185
218 547
218 416
218 1097
218 268
218 1356
218 801
218 773
218 1284
218 1250
218 793
218 278
218 993
218 528
218 489
218 12
218 877
218 767
218 58
218 630
218 924
218 1108
218 713
218 1296
218 967
218 235
218 1178
218 168
218 310
218 1345
218 82
218 747
218 88
218 538
218 494
218 1373
218 536
218 1214
218 849
218 1114
218 401
218 1259
218 991
218 579
218 314
218 999
218 1000
218 247
218 577
218 1262
218 899
218 582
218 134
218 159
218 1310
218 1352
218 969
218 47
218 54
218 232
218 468
218 279
218 388
218 95
218 921
218 1234
218 586
218 19
218 409
218 56
218 162
218 587
218 665
218 365
218 326
218 860
218 1336
218 1344
218 809
218 1229
218 1177
218 865
218 601
218 72
218 578
218 1350
218 603
218 492
218 1292
218 1096
218 1111
218 446
218 179
218 813
218 302
218 487
218 139
218 1242
218 569
218 1100
218 164
218 431
218 297
218 1246
218 715
218 163
218 1231
218 1066
218 685
218 1110
218 1390
218 355
218 189
218 193
218 428
218 1148
218 1361
218 486
218 336
218 1346
218 1219
218 1335
218 1201
218 480
218 1029
218 91
218 124
218 695
218 997
218 1302
218 188
218 811
218 182
218 859
218 1184
218 593
218 228
218 552
218 465
218 225
218 356
218 907
218 620
218 495
218 1008
218 518
218 205
218 714
218 657
218 968
218 973
218 359
218 656
218 918
218 1270
218 68
218 686
218 216
218 296
218 87
218 173
218 1351
218 105
218 888
218 540
218 1027
218 100
218 1244
218 604
218 293
218 1101
218 1061
218 275
218 1379
218 69
218 1354
218 30
218 1153
218 17
218 1248
218 463
218 28
218 746
218 43
218 1238
218 169
218 756
218 1077
218 263
218 1003
218 261
218 1362
218 621
218 943
218 1143
218 1245
218 57
218 916
218 876
218 1315
218 259
218 204
218 573
218 870
218 1303
218 814
218 1295
218 975
218 719
218 974
218 1240
218 1199
218 711
218 1194
218 262
218 1294
218 166
218 92
218 300
218 1212
218 375
218 304
218 718
218 292
218 317
218 252
218 174
218 588
218 476
218 131
218 466
218 172
218 1380
218 452
218 1375
218 1209
218 1202
218 1047
218 1072
218 1313
218 483
218 115
218 482
218 484
218 116
218 114
218 109
218 147
218 148
218 149
218 111
218 112
218 488
218 113
218 460
218 470
218 478
218 461
218 130
218 136
218 471
218 472
218 133
218 474
218 137
218 132
218 491
218 475
218 138
218 467
218 140
218 117
218 129
218 127
218 141
218 126
218 477
218 479
218 462
218 125
218 143
218 121
218 118
218 490
218 298
218 108
218 32
218 59
218 53
218 52
218 48
218 46
218 42
218 41
218 40
218 39
218 526
218 38
218 34
218 33
218 527
218 529
218 63
218 31
218 530
218 18
218 16
218 15
218 14
218 532
218 533
218 534
218 11
218 10
218 9
218 8
218 3
218 60
218 67
218 107
218 511
218 104
218 103
218 496
218 99
218 96
218 90
218 86
218 502
218 503
218 504
218 505
218 506
218 507
218 510
218 458
218 521
218 512
218 513
218 83
218 80
218 514
218 78
218 76
218 75
218 515
218 516
218 517
218 70
218 519
218 520
218 459
218 441
218 457
218 244
218 241
218 363
218 242
218 361
218 243
218 358
218 357
218 245
218 238
218 351
218 246
218 535
218 249
218 250
218 346
218 345
218 239
218 237
218 253
218 218
218 213
218 214
218 377
218 376
218 374
218 215
218 217
218 219
218 236
218 220
218 221
218 368
218 367
218 223
218 226
218 227
218 251
218 341
218 150
218 312
218 281
218 282
218 316
218 315
218 284
218 285
218 313
218 311
218 320
218 286
218 309
218 308
218 287
218 290
218 291
218 301
218 319
218 280
218 340
218 331
218 254
218 255
218 337
218 256
218 335
218 257
218 258
218 330
218 321
218 327
218 264
218 265
218 271
218 276
218 277
218 322
218 379
218 380
218 212
218 427
218 167
218 170
218 171
218 175
218 430
218 429
218 176
218 426
218 440
218 425
218 424
218 177
218 422
218 420
218 419
218 418
218 439
218 299
218 381
218 448
218 151
218 455
218 454
218 453
218 451
218 450
218 449
218 153
218 165
218 155
218 156
218 445
218 444
218 443
218 442
218 157
218 417
218 178
218 415
218 389
218 201
218 202
218 203
218 393
218 392
218 391
218 390
218 206
218 183
218 207
218 386
218 385
218 208
218 209
218 210
218 382
218 397
218 200
218 199
218 400
218 413
218 412
218 411
218 184
218 187
218 408
218 190
218 191
218 194
218 195
218 405
218 404
218 403
218 402
218 198
218 1400
218 700
218 543
218 1067
218 1088
218 1087
218 1086
218 1085
218 1084
218 1083
218 1081
218 1079
218 1078
218 1076
218 1071
218 1070
218 1069
218 1068
218 1064
218 1045
218 1063
218 1060
218 1059
218 1058
218 1057
218 1056
218 1055
218 1054
218 1053
218 1052
218 1051
218 1050
218 1049
218 1048
218 1089
218 1090
218 1091
218 1092
218 1137
218 1136
218 1135
218 1134
218 1133
218 1132
218 1131
218 1130
218 1129
218 1128
218 1127
218 1126
218 1125
218 1123
218 1122
218 1121
218 1120
218 1119
218 1118
218 1117
218 1116
218 1115
218 1113
218 1109
218 1103
218 1102
218 1095
218 1094
218 1093
218 1046
218 1044
218 1139
218 964
218 996
218 995
218 990
218 989
218 988
218 987
218 986
218 985
218 984
218 977
218 972
218 971
218 970
218 965
218 961
218 1043
218 960
218 958
218 957
218 956
218 955
218 954
218 953
218 952
218 951
218 950
218 949
218 948
218 945
218 942
218 998
218 1007
218 1009
218 1010
218 1042
218 1041
218 1039
218 1038
218 1037
218 1036
218 1035
218 1034
218 1033
218 1032
218 1031
218 1030
218 1028
218 1026
218 1025
218 1024
218 1023
218 1022
218 1021
218 1020
218 1019
218 1018
218 1017
218 1016
218 1015
218 1014
218 1013
218 1012
218 1011
218 1138
218 1141
218 545
218 1317
218 1338
218 1337
218 1334
218 1333
218 1332
218 1331
218 1330
218 1329
218 1327
218 1326
218 1325
218 1324
218 1322
218 1320
218 1316
218 1278
218 1314
218 1312
218 1308
218 1306
218 1299
218 1298
218 1293
218 1291
218 1290
218 1289
218 1288
218 1287
218 1286
218 1285
218 1339
218 1340
218 1341
218 1343
218 1398
218 1397
218 1396
218 1392
218 1389
218 1388
218 1387
218 1385
218 1384
218 1383
218 1382
218 1376
218 1374
218 1372
218 1371
218 1370
218 1369
218 1368
218 1367
218 1365
218 1364
218 1363
218 1360
218 1359
218 1358
218 1357
218 1353
218 1349
218 1347
218 1280
218 1276
218 1142
218 1168
218 1189
218 1187
218 1186
218 1182
218 1181
218 1180
218 1176
218 1175
218 1174
218 1173
218 1172
218 1171
218 1170
218 1169
218 1167
218 1275
218 1166
218 1165
218 1164
218 1163
218 1162
218 1160
218 1156
218 1155
218 1154
218 1152
218 1150
218 1146
218 1145
218 1144
218 1190
218 1195
218 1196
218 1203
218 1273
218 1272
218 1271
218 1269
218 1267
218 1266
218 1265
218 1261
218 1260
218 1257
218 1256
218 1254
218 1252
218 1251
218 1249
218 1235
218 1233
218 1232
218 1230
218 1228
218 1227
218 1225
218 1223
218 1221
218 1216
218 1210
218 1208
218 1206
218 1205
218 941
218 940
218 939
218 702
218 724
218 723
218 722
218 721
218 720
218 716
218 712
218 710
218 709
218 708
218 706
218 705
218 704
218 703
218 701
218 679
218 1399
218 699
218 698
218 697
218 696
218 694
218 693
218 692
218 691
218 687
218 684
218 683
218 682
218 681
218 725
218 726
218 727
218 728
218 763
218 762
218 761
218 760
218 758
218 755
218 753
218 752
218 751
218 750
218 749
218 748
218 745
218 744
218 743
218 742
218 741
218 740
218 739
218 738
218 737
218 736
218 735
218 734
218 733
218 732
218 731
218 730
218 729
218 680
218 678
218 938
218 595
218 618
218 617
218 616
218 615
218 614
218 613
218 612
218 611
218 610
218 608
218 607
218 602
218 598
218 596
218 594
218 677
218 592
218 591
218 590
218 589
218 583
218 581
218 568
218 567
218 563
218 562
218 561
218 558
218 551
218 548
218 619
218 622
218 624
218 627
218 676
218 674
218 673
218 672
218 671
218 669
218 663
218 660
218 659
218 658
218 654
218 653
218 652
218 650
218 649
218 648
218 647
218 644
218 643
218 642
218 641
218 640
218 639
218 638
218 637
218 636
218 633
218 632
218 631
218 764
218 765
218 766
218 871
218 891
218 890
218 889
218 887
218 885
218 884
218 883
218 882
218 881
218 880
218 879
218 878
218 875
218 874
218 868
218 768
218 867
218 866
218 864
218 863
218 862
218 858
218 857
218 856
218 855
218 854
218 853
218 852
218 851
218 850
218 892
218 893
218 894
218 895
218 937
218 936
218 935
218 934
218 933
218 932
218 931
218 930
218 929
218 928
218 926
218 920
218 919
218 917
218 915
218 914
218 913
218 911
218 910
218 909
218 908
218 906
218 905
218 904
218 903
218 900
218 898
218 897
218 896
218 848
218 847
218 846
218 806
218 804
218 800
218 799
218 798
218 797
218 796
218 795
218 794
218 792
218 791
218 790
218 788
218 787
218 786
218 785
218 783
218 782
218 781
218 780
218 779
218 778
218 777
218 776
218 775
218 774
218 772
218 771
218 770
218 769
218 805
218 807
218 845
218 810
218 844
218 843
218 842
218 841
218 840
218 839
218 838
218 837
218 836
218 835
218 834
218 833
218 832
218 831
218 830
218 829
218 828
218 827
218 826
218 825
218 824
218 823
218 822
218 821
218 820
218 819
218 818
218 817
218 812
218 1
