219 1221
219 1222
219 208
219 197
219 1078
219 530
219 992
219 971
219 299
219 993
219 1082
219 775
219 53
219 657
219 1256
219 668
219 1191
219 342
219 666
219 228
219 79
219 371
219 1309
219 269
219 1273
219 189
219 1229
219 268
219 604
219 1076
219 315
219 7
219 1236
219 73
219 139
219 1264
219 270
219 319
219 1367
219 660
219 193
219 690
219 9
219 809
219 537
219 267
219 710
219 487
219 1107
219 456
219 1081
219 965
219 1159
219 579
219 174
219 1040
219 808
219 959
219 25
219 1282
219 1381
219 892
219 182
219 61
219 1377
219 149
219 917
219 1153
219 80
219 504
219 663
219 653
219 1006
219 1181
219 186
219 519
219 1302
219 1212
219 63
219 1281
219 117
219 566
219 407
219 417
219 261
219 1371
219 941
219 89
219 1218
219 1395
219 26
219 535
219 861
219 395
219 27
219 298
219 610
219 347
219 799
219 370
219 1355
219 776
219 188
219 467
219 608
219 664
219 151
219 536
219 96
219 297
219 541
219 540
219 1253
219 179
219 975
219 190
219 346
219 625
219 372
219 874
219 88
219 316
219 115
219 1364
219 675
219 661
219 134
219 714
219 470
219 413
219 33
219 37
219 1254
219 128
219 793
219 1111
219 1179
219 1211
219 123
219 500
219 423
219 1207
219 160
219 1249
219 815
219 184
219 1307
219 970
219 165
219 1239
219 1074
219 332
219 964
219 373
219 1284
219 43
219 449
219 55
219 361
219 112
219 94
219 1194
219 597
219 972
219 1263
219 1198
219 133
219 1351
219 54
219 125
219 1394
219 680
219 1007
219 187
219 205
219 114
219 447
219 23
219 1232
219 721
219 574
219 784
219 794
219 670
219 1247
219 428
219 872
219 1295
219 240
219 343
219 671
219 667
219 947
219 266
219 1066
219 689
219 1300
219 375
219 50
219 408
219 899
219 712
219 1324
219 816
219 1080
219 282
219 826
219 97
219 19
219 1215
219 254
219 572
219 534
219 252
219 433
219 798
219 1349
219 630
219 443
219 550
219 1165
219 996
219 1010
219 329
219 339
219 304
219 1105
219 567
219 1313
219 120
219 1228
219 416
219 1368
219 18
219 774
219 431
219 531
219 318
219 306
219 634
219 565
219 491
219 257
219 564
219 201
219 199
219 272
219 1341
219 607
219 1391
219 662
219 244
219 328
219 601
219 380
219 949
219 1233
219 1188
219 450
219 2
219 974
219 326
219 746
219 554
219 1258
219 646
219 1154
219 696
219 1378
219 129
219 363
219 217
219 873
219 780
219 1143
219 979
219 503
219 225
219 349
219 966
219 223
219 1144
219 846
219 76
219 435
219 145
219 173
219 672
219 1152
219 1009
219 629
219 236
219 93
219 141
219 238
219 626
219 956
219 472
219 685
219 351
219 434
219 60
219 212
219 1238
219 124
219 703
219 490
219 649
219 402
219 659
219 987
219 466
219 1075
219 919
219 324
219 1353
219 838
219 49
219 8
219 340
219 806
219 1184
219 1354
219 481
219 21
219 1227
219 900
219 697
219 807
219 194
219 1205
219 754
219 1085
219 584
219 74
219 915
219 484
219 242
219 132
219 701
219 1274
219 22
219 486
219 420
219 562
219 1244
219 1386
219 1132
219 623
219 273
219 593
219 521
219 1002
219 135
219 1110
219 1319
219 1242
219 441
219 998
219 1142
219 280
219 247
219 1224
219 473
219 4
219 286
219 404
219 1292
219 348
219 397
219 576
219 912
219 312
219 1356
219 713
219 57
219 294
219 606
219 1042
219 545
219 331
219 1375
219 198
219 314
219 333
219 1339
219 494
219 828
219 396
219 1392
219 723
219 81
219 903
219 1004
219 1265
219 148
219 458
219 1326
219 1030
219 403
219 811
219 196
219 278
219 1310
219 226
219 763
219 1213
219 1195
219 167
219 1259
219 801
219 322
219 87
219 514
219 103
219 1048
219 258
219 505
219 1289
219 930
219 797
219 991
219 137
219 687
219 1234
219 1189
219 398
219 131
219 1064
219 224
219 766
219 999
219 119
219 580
219 757
219 694
219 1245
219 338
219 218
219 296
219 1204
219 857
219 583
219 1322
219 437
219 967
219 1098
219 1149
219 389
219 1044
219 665
219 1352
219 1073
219 379
219 439
219 28
219 990
219 770
219 122
219 229
219 1139
219 497
219 498
219 1260
219 1151
219 305
219 1361
219 204
219 70
219 800
219 1235
219 636
219 1237
219 783
219 234
219 803
219 146
219 59
219 427
219 464
219 1220
219 430
219 147
219 1321
219 85
219 796
219 633
219 994
219 192
219 1118
219 751
219 3
219 571
219 706
219 440
219 45
219 529
219 303
219 522
219 168
219 1338
219 98
219 511
219 555
219 557
219 812
219 637
219 592
219 589
219 105
219 20
219 469
219 786
219 563
219 352
219 1328
219 300
219 255
219 442
219 452
219 1304
219 1214
219 981
219 245
219 40
219 445
219 729
219 1115
219 1193
219 600
219 310
219 686
219 48
219 1277
219 695
219 997
219 749
219 191
219 738
219 335
219 262
219 64
219 759
219 1257
219 166
219 353
219 693
219 1243
219 581
219 1062
219 683
219 676
219 1186
219 337
219 360
219 942
219 1018
219 781
219 909
219 406
219 34
219 669
219 590
219 953
219 688
219 84
219 962
219 52
219 383
219 570
219 1032
219 1180
219 17
219 692
219 1172
219 483
219 39
219 200
219 748
219 655
219 933
219 1337
219 1109
219 856
219 1106
219 756
219 171
219 495
219 926
219 1147
219 1223
219 599
219 1248
219 288
219 1226
219 302
219 924
219 577
219 896
219 1126
219 802
219 1187
219 895
219 1255
219 715
219 1210
219 58
219 175
219 183
219 771
219 1072
219 24
219 1216
219 309
219 1083
219 161
219 587
219 1084
219 444
219 1051
219 788
219 99
219 927
219 227
219 1164
219 709
219 44
219 785
219 1052
219 1000
219 1251
219 1157
219 602
219 790
219 448
219 737
219 973
219 1278
219 56
219 377
219 789
219 69
219 152
219 977
219 704
219 814
219 232
219 230
219 773
219 853
219 1374
219 1093
219 210
219 62
219 614
219 849
219 1287
219 393
219 787
219 1323
219 612
219 220
219 11
219 216
219 239
219 401
219 1001
219 203
219 1133
219 1272
219 1108
219 293
219 1270
219 1129
219 946
219 805
219 559
219 248
219 573
219 1262
219 1342
219 548
219 546
219 1390
219 901
219 1388
219 1130
219 454
219 68
219 185
219 1318
219 1315
219 512
219 1096
219 82
219 1241
219 1225
219 345
219 940
219 311
219 308
219 613
219 922
219 202
219 1031
219 588
219 526
219 1261
219 159
219 894
219 206
219 1382
219 496
219 1275
219 779
219 825
219 865
219 102
219 1047
219 1166
219 678
219 211
219 560
219 708
219 1197
219 1311
219 14
219 1288
219 391
219 705
219 878
219 213
219 847
219 523
219 110
219 718
219 251
219 515
219 118
219 1
219 1250
219 6
219 792
219 1013
219 513
219 1091
219 1008
219 1360
219 5
219 983
219 823
219 605
219 569
219 1297
219 317
219 1203
219 169
219 459
219 509
219 1209
219 35
219 611
219 769
219 1158
219 506
219 984
219 627
219 285
219 386
219 867
219 1104
219 844
219 474
219 457
219 943
219 1373
219 1156
219 460
219 650
219 656
219 176
219 16
219 274
219 222
219 415
219 421
219 156
219 144
219 362
219 928
219 170
219 138
219 394
219 1182
219 243
219 651
219 907
219 1167
219 527
219 121
219 568
219 702
219 385
219 1330
219 711
219 47
219 1177
219 1046
219 575
219 172
219 290
219 730
219 468
219 207
219 700
219 507
219 658
219 1094
219 1231
219 1200
219 950
219 180
219 827
219 791
219 782
219 313
219 1267
219 307
219 477
219 1057
219 758
219 104
219 1336
219 1301
219 547
219 939
219 858
219 181
219 624
219 1400
219 976
219 150
219 868
219 1230
219 1097
219 418
219 1325
219 1137
219 923
219 719
219 1100
219 1362
219 36
219 334
219 520
219 1294
219 1077
219 382
219 673
219 528
219 1138
219 1043
219 525
219 493
219 341
219 921
219 321
219 106
219 1279
219 126
219 177
219 376
219 582
219 982
219 108
219 989
219 876
219 870
219 539
219 517
219 1317
219 652
219 850
219 388
219 214
219 162
219 95
219 287
219 542
219 648
219 736
219 1116
219 325
219 488
219 1296
219 387
219 897
219 489
219 518
219 1305
219 1283
219 1088
219 1155
219 1171
219 677
219 549
219 109
219 905
219 38
219 1366
219 1347
219 78
219 1128
219 1131
219 265
219 1024
219 462
219 762
219 851
219 833
219 920
219 410
219 951
219 596
219 127
219 86
219 259
219 136
219 130
219 10
219 364
219 277
219 350
219 1350
219 1173
219 538
219 465
219 369
219 1280
219 544
219 356
219 1061
219 253
219 264
219 1114
219 65
219 231
219 556
219 925
219 641
219 235
219 875
219 1357
219 1145
219 1192
219 1148
219 628
219 755
219 209
219 594
219 1268
219 480
219 880
219 837
219 455
219 772
219 621
219 51
219 1174
219 164
219 1092
219 116
219 902
219 1393
219 485
219 820
219 533
219 945
219 1206
219 1117
219 1065
219 344
219 918
219 988
219 1069
219 482
219 291
219 684
219 910
219 936
219 1306
219 1140
219 1039
219 42
219 952
219 635
219 818
219 1017
219 645
219 412
219 852
219 908
219 869
219 929
219 913
219 75
219 795
219 1095
219 848
219 963
219 178
219 158
219 275
219 598
219 453
219 1121
219 414
219 41
219 1112
219 1070
219 753
219 1320
219 881
219 411
219 1399
219 883
219 1329
219 948
219 1190
219 368
219 904
219 367
219 1068
219 603
219 1003
219 1246
219 682
219 1266
219 859
219 1099
219 1369
219 1014
219 1169
219 632
219 374
219 143
219 292
219 241
219 355
219 906
219 954
219 822
219 916
219 366
219 1034
219 1363
219 365
219 1290
219 884
219 1141
219 378
219 256
219 691
219 622
219 591
219 283
219 986
219 260
219 734
219 1331
219 887
219 426
219 195
219 46
219 91
219 323
219 516
219 681
219 615
219 733
219 501
219 1240
219 595
219 674
219 804
219 1086
219 358
219 1396
219 142
219 1370
219 543
219 1124
219 475
219 354
219 889
219 1196
219 1312
219 237
219 638
219 233
219 980
219 422
219 221
219 359
219 249
219 83
219 860
219 1269
219 1183
219 381
219 750
219 1316
219 461
219 330
219 101
219 390
219 295
219 327
219 1344
219 30
219 1202
219 561
219 727
219 1387
219 620
219 817
219 578
219 843
219 765
219 1217
219 679
219 944
219 92
219 961
219 1346
219 839
219 1365
219 1201
219 553
219 618
219 1035
219 739
219 1119
219 1335
219 1379
219 760
219 1163
219 960
219 1372
219 508
219 276
219 66
219 1332
219 764
219 1334
219 934
219 1113
219 707
219 29
219 77
219 985
219 1385
219 1303
219 1019
219 219
219 1383
219 1380
219 699
219 1252
219 100
219 155
219 1271
219 72
219 1343
219 157
219 289
219 140
219 499
219 767
219 163
219 744
219 479
219 1011
219 90
219 743
219 478
219 742
219 741
219 740
219 492
219 1285
219 1286
219 735
219 1276
219 761
219 476
219 745
219 1185
219 821
219 438
219 819
219 1199
219 813
219 810
219 446
219 778
219 113
219 1208
219 111
219 451
219 777
219 768
219 107
219 1219
219 463
219 752
219 471
219 747
219 732
219 725
219 1291
219 631
219 551
219 1348
219 32
219 31
219 552
219 642
219 1358
219 1359
219 640
219 558
219 639
219 619
219 1345
219 1376
219 15
219 13
219 12
219 1384
219 617
219 1389
219 616
219 609
219 1397
219 1398
219 643
219 644
219 731
219 1314
219 1293
219 71
219 728
219 1298
219 1299
219 67
219 502
219 726
219 1178
219 724
219 1308
219 722
219 647
219 510
219 720
219 717
219 1327
219 716
219 1333
219 698
219 524
219 1340
219 532
219 654
219 436
219 831
219 824
219 1058
219 1041
219 301
219 1045
219 1049
219 1050
219 1053
219 938
219 1054
219 1055
219 1056
219 937
219 215
219 935
219 1059
219 432
219 1060
219 932
219 1063
219 931
219 1067
219 320
219 914
219 911
219 1071
219 336
219 1079
219 898
219 1087
219 955
219 1038
219 1037
219 957
219 995
219 263
219 1012
219 271
219 1015
219 1016
219 279
219 281
219 978
219 1020
219 1021
219 250
219 284
219 1022
219 1023
219 246
219 969
219 1025
219 1026
219 1027
219 968
219 1028
219 1029
219 1033
219 586
219 958
219 1036
219 893
219 1089
219 891
219 1135
219 405
219 842
219 841
219 154
219 153
219 409
219 840
219 836
219 1146
219 419
219 1150
219 835
219 1160
219 834
219 424
219 1161
219 1162
219 1168
219 425
219 832
219 1170
219 1005
219 429
219 830
219 829
219 1175
219 1176
219 1136
219 845
219 1090
219 400
219 890
219 888
219 886
219 885
219 357
219 882
219 1101
219 1102
219 1103
219 879
219 877
219 871
219 384
219 866
219 864
219 863
219 862
219 1120
219 392
219 1122
219 1123
219 855
219 1125
219 1127
219 854
219 399
219 1134
219 585
