22 125
22 254
22 413
22 560
22 50
22 348
22 565
22 861
22 207
22 120
22 153
22 81
22 307
22 346
22 306
22 165
22 474
22 55
22 260
22 16
22 140
22 9
22 406
22 66
22 1212
22 962
22 547
22 655
22 606
22 980
22 72
22 61
22 1147
22 546
22 398
22 728
22 74
22 872
22 1365
22 62
22 562
22 322
22 145
22 493
22 766
22 966
22 377
22 23
22 378
22 1355
22 568
22 154
22 610
22 171
22 661
22 71
22 623
22 49
22 1261
22 1298
22 525
22 1235
22 328
22 21
22 4
22 497
22 261
22 1030
22 1230
22 1076
22 17
22 1226
22 788
22 80
22 151
22 255
22 381
22 90
22 1372
22 389
22 882
22 1386
22 29
22 481
22 1282
22 910
22 542
22 185
22 352
22 463
22 564
22 170
22 630
22 1251
22 570
22 99
22 787
22 786
22 1195
22 91
22 131
22 1188
22 587
22 959
22 982
22 475
22 518
22 94
22 300
22 375
22 513
22 1374
22 569
22 869
22 331
22 994
22 395
22 671
22 347
22 115
22 76
22 580
22 361
22 663
22 646
22 1027
22 858
22 1028
22 1222
22 189
22 59
22 1019
22 271
22 558
22 865
22 73
22 239
22 258
22 460
22 279
22 963
22 563
22 82
22 1007
22 105
22 611
22 392
22 1263
22 302
22 517
22 333
22 1103
22 268
22 315
22 43
22 1056
22 199
22 620
22 343
22 325
22 1241
22 305
22 908
22 418
22 152
22 604
22 1318
22 522
22 976
22 960
22 1072
22 257
22 992
22 528
22 209
22 667
22 1192
22 621
22 291
22 775
22 1149
22 1281
22 1200
22 798
22 873
22 337
22 1216
22 142
22 1217
22 1257
22 95
22 1018
22 101
22 1029
22 737
22 967
22 944
22 485
22 664
22 358
22 491
22 34
22 867
22 383
22 505
22 913
22 7
22 537
22 1239
22 876
22 41
22 767
22 584
22 1180
22 387
22 40
22 1268
22 948
22 848
22 158
22 996
22 729
22 394
22 89
22 1308
22 917
22 243
22 1154
22 294
22 572
22 256
22 940
22 836
22 695
22 218
22 762
22 2
22 952
22 725
22 137
22 1061
22 1364
22 138
22 710
22 844
22 1210
22 339
22 1331
22 187
22 579
22 135
22 1109
22 582
22 553
22 462
22 573
22 113
22 640
22 54
22 555
22 1196
22 459
22 526
22 397
22 407
22 773
22 1381
22 1275
22 1237
22 656
22 845
22 408
22 132
22 96
22 651
22 195
22 978
22 1225
22 941
22 1088
22 888
22 822
22 690
22 1078
22 1382
22 1277
22 585
22 530
22 575
22 1159
22 353
22 706
22 1082
22 78
22 825
22 1373
22 1106
22 915
22 550
22 1314
22 851
22 1335
22 625
22 859
22 379
22 242
22 1064
22 868
22 1203
22 1157
22 345
22 712
22 1009
22 901
22 1316
22 278
22 169
22 310
22 554
22 707
22 1100
22 51
22 1141
22 566
22 204
22 311
22 1362
22 972
22 376
22 538
22 618
22 890
22 1324
22 344
22 723
22 981
22 336
22 552
22 974
22 1244
22 559
22 1270
22 480
22 22
22 887
22 1043
22 1182
22 1300
22 442
22 31
22 586
22 999
22 477
22 643
22 396
22 1368
22 104
22 583
22 860
22 1264
22 1303
22 1107
22 335
22 128
22 1101
22 53
22 536
22 464
22 866
22 1295
22 1329
22 197
22 1034
22 13
22 571
22 409
22 1274
22 1096
22 351
22 824
22 30
22 317
22 500
22 1287
22 1229
22 1319
22 65
22 1391
22 628
22 1004
22 1003
22 949
22 98
22 810
22 535
22 834
22 531
22 1108
22 617
22 973
22 509
22 1015
22 1367
22 1031
22 1258
22 148
22 458
22 907
22 84
22 1021
22 1005
22 167
22 1232
22 846
22 1011
22 1361
22 1330
22 784
22 88
22 596
22 727
22 1022
22 912
22 603
22 608
22 414
22 168
22 806
22 280
22 340
22 1323
22 330
22 360
22 267
22 121
22 701
22 641
22 1211
22 592
22 210
22 837
22 933
22 549
22 616
22 698
22 983
22 196
22 529
22 1158
22 1269
22 374
22 342
22 334
22 1284
22 722
22 835
22 1198
22 1253
22 97
22 364
22 581
22 885
22 184
22 45
22 936
22 467
22 499
22 1219
22 1248
22 863
22 961
22 990
22 1168
22 789
22 20
22 159
22 495
22 1341
22 1247
22 1040
22 1161
22 427
22 1336
22 486
22 574
22 1000
22 6
22 1199
22 1338
22 993
22 109
22 1215
22 1278
22 1214
22 1165
22 319
22 1220
22 357
22 1184
22 1301
22 177
22 274
22 293
22 269
22 126
22 662
22 146
22 927
22 417
22 1178
22 240
22 69
22 1020
22 1289
22 730
22 658
22 557
22 110
22 799
22 602
22 1185
22 174
22 782
22 754
22 943
22 1010
22 624
22 77
22 366
22 753
22 160
22 1104
22 173
22 660
22 236
22 79
22 1393
22 259
22 691
22 975
22 942
22 283
22 645
22 441
22 548
22 1092
22 1366
22 244
22 797
22 1321
22 1098
22 144
22 1240
22 349
22 1144
22 282
22 304
22 1205
22 1325
22 622
22 541
22 673
22 270
22 466
22 85
22 721
22 193
22 1204
22 986
22 262
22 1313
22 415
22 478
22 430
22 425
22 479
22 423
22 489
22 419
22 420
22 421
22 488
22 422
22 498
22 416
22 487
22 424
22 429
22 490
22 496
22 527
22 492
22 484
22 426
22 483
22 482
22 428
22 457
22 523
22 431
22 448
22 521
22 443
22 512
22 514
22 465
22 444
22 445
22 446
22 447
22 520
22 449
22 510
22 515
22 461
22 516
22 519
22 450
22 451
22 452
22 453
22 454
22 455
22 511
22 468
22 524
22 437
22 432
22 501
22 433
22 502
22 476
22 434
22 435
22 436
22 503
22 504
22 473
22 469
22 472
22 456
22 471
22 506
22 507
22 438
22 439
22 508
22 470
22 440
22 494
22 1400
22 412
22 141
22 164
22 163
22 162
22 161
22 157
22 156
22 155
22 150
22 149
22 147
22 143
22 139
22 411
22 136
22 134
22 133
22 130
22 129
22 127
22 124
22 123
22 122
22 119
22 118
22 166
22 172
22 175
22 176
22 213
22 212
22 211
22 208
22 206
22 205
22 203
22 202
22 201
22 200
22 198
22 194
22 192
22 191
22 190
22 188
22 186
22 183
22 182
22 181
22 180
22 179
22 178
22 117
22 116
22 114
22 46
22 42
22 39
22 38
22 37
22 36
22 35
22 33
22 32
22 28
22 27
22 26
22 25
22 24
22 19
22 18
22 15
22 14
22 12
22 11
22 10
22 8
22 5
22 3
22 44
22 47
22 112
22 48
22 111
22 108
22 107
22 106
22 103
22 102
22 100
22 93
22 92
22 87
22 86
22 83
22 75
22 70
22 68
22 67
22 64
22 63
22 60
22 58
22 57
22 56
22 52
22 214
22 215
22 216
22 363
22 359
22 356
22 355
22 354
22 350
22 341
22 338
22 332
22 329
22 327
22 326
22 324
22 323
22 321
22 320
22 318
22 316
22 314
22 313
22 312
22 309
22 308
22 303
22 362
22 365
22 299
22 367
22 410
22 405
22 404
22 403
22 402
22 401
22 400
22 399
22 393
22 391
22 390
22 388
22 386
22 385
22 384
22 382
22 380
22 373
22 372
22 371
22 370
22 369
22 368
22 301
22 298
22 217
22 249
22 247
22 246
22 245
22 241
22 238
22 237
22 235
22 234
22 233
22 232
22 231
22 230
22 229
22 228
22 227
22 226
22 225
22 224
22 223
22 222
22 221
22 220
22 219
22 248
22 250
22 297
22 251
22 296
22 295
22 292
22 290
22 289
22 288
22 287
22 286
22 285
22 284
22 281
22 277
22 276
22 275
22 273
22 272
22 533
22 266
22 265
22 264
22 263
22 253
22 252
22 532
22 700
22 534
22 1112
22 1126
22 1125
22 1124
22 1123
22 1122
22 1121
22 1120
22 1119
22 1118
22 1117
22 1116
22 1115
22 1114
22 1113
22 1111
22 1083
22 1110
22 1105
22 1102
22 1099
22 1097
22 1095
22 1094
22 1093
22 1091
22 1090
22 1089
22 1087
22 1086
22 1085
22 1127
22 1128
22 1129
22 1130
22 1170
22 1169
22 1167
22 1166
22 1164
22 1163
22 1162
22 1160
22 1156
22 1155
22 1153
22 1152
22 1151
22 1150
22 1148
22 1146
22 1145
22 1143
22 1142
22 1140
22 1139
22 1138
22 1137
22 1136
22 1135
22 1134
22 1133
22 1132
22 1131
22 1084
22 1081
22 539
22 1012
22 1038
22 1037
22 1036
22 1035
22 1033
22 1032
22 1026
22 1025
22 1024
22 1023
22 1017
22 1016
22 1014
22 1013
22 1008
22 1080
22 1006
22 1002
22 1001
22 998
22 997
22 995
22 991
22 989
22 988
22 987
22 985
22 984
22 979
22 977
22 1039
22 1041
22 1042
22 1044
22 1079
22 1077
22 1075
22 1074
22 1073
22 1071
22 1070
22 1069
22 1068
22 1067
22 1066
22 1065
22 1063
22 1062
22 1060
22 1059
22 1058
22 1057
22 1055
22 1054
22 1053
22 1052
22 1051
22 1050
22 1049
22 1048
22 1047
22 1046
22 1045
22 1171
22 1172
22 1173
22 1328
22 1349
22 1348
22 1347
22 1346
22 1345
22 1344
22 1343
22 1342
22 1340
22 1339
22 1337
22 1334
22 1333
22 1332
22 1327
22 1174
22 1326
22 1322
22 1320
22 1317
22 1315
22 1312
22 1311
22 1310
22 1309
22 1307
22 1306
22 1305
22 1304
22 1302
22 1350
22 1351
22 1352
22 1353
22 1398
22 1397
22 1396
22 1395
22 1394
22 1392
22 1390
22 1389
22 1388
22 1387
22 1385
22 1384
22 1383
22 1380
22 1379
22 1378
22 1377
22 1376
22 1375
22 1371
22 1370
22 1369
22 1363
22 1360
22 1359
22 1358
22 1357
22 1356
22 1354
22 1299
22 1297
22 1296
22 1236
22 1233
22 1231
22 1228
22 1227
22 1224
22 1223
22 1221
22 1218
22 1213
22 1209
22 1208
22 1207
22 1206
22 1202
22 1201
22 1197
22 1194
22 1193
22 1191
22 1190
22 1189
22 1187
22 1186
22 1183
22 1181
22 1179
22 1177
22 1176
22 1175
22 1234
22 1238
22 1294
22 1242
22 1293
22 1292
22 1291
22 1290
22 1288
22 1286
22 1285
22 1283
22 1280
22 1279
22 1276
22 1273
22 1272
22 1271
22 1267
22 1266
22 1265
22 1262
22 1260
22 1259
22 1256
22 1255
22 1254
22 1252
22 1250
22 1249
22 1246
22 1245
22 1243
22 971
22 970
22 969
22 699
22 718
22 717
22 716
22 715
22 714
22 713
22 711
22 709
22 708
22 705
22 704
22 703
22 702
22 1399
22 697
22 765
22 696
22 694
22 693
22 692
22 689
22 688
22 687
22 686
22 685
22 684
22 683
22 682
22 681
22 680
22 719
22 720
22 724
22 726
22 763
22 761
22 760
22 759
22 758
22 757
22 756
22 755
22 752
22 751
22 750
22 749
22 748
22 747
22 746
22 745
22 744
22 743
22 742
22 741
22 740
22 739
22 738
22 736
22 735
22 734
22 733
22 732
22 731
22 679
22 678
22 677
22 619
22 614
22 613
22 612
22 609
22 607
22 605
22 601
22 600
22 599
22 598
22 597
22 595
22 594
22 593
22 591
22 590
22 589
22 588
22 578
22 577
22 576
22 567
22 561
22 556
22 551
22 545
22 544
22 543
22 540
22 615
22 626
22 676
22 627
22 675
22 674
22 672
22 670
22 669
22 668
22 666
22 665
22 659
22 657
22 654
22 653
22 652
22 650
22 649
22 648
22 647
22 644
22 642
22 639
22 638
22 637
22 636
22 635
22 634
22 633
22 632
22 631
22 629
22 764
22 768
22 968
22 894
22 914
22 911
22 909
22 906
22 905
22 904
22 903
22 902
22 900
22 899
22 898
22 897
22 896
22 895
22 893
22 769
22 892
22 891
22 889
22 886
22 884
22 883
22 881
22 880
22 879
22 878
22 877
22 875
22 874
22 871
22 916
22 918
22 919
22 920
22 965
22 964
22 958
22 957
22 956
22 955
22 954
22 953
22 951
22 950
22 947
22 946
22 945
22 939
22 938
22 937
22 935
22 934
22 932
22 931
22 930
22 929
22 928
22 926
22 925
22 924
22 923
22 922
22 921
22 870
22 864
22 862
22 813
22 811
22 809
22 808
22 807
22 805
22 804
22 803
22 802
22 801
22 800
22 796
22 795
22 794
22 793
22 792
22 791
22 790
22 785
22 783
22 781
22 780
22 779
22 778
22 777
22 776
22 774
22 772
22 771
22 770
22 812
22 814
22 857
22 815
22 856
22 855
22 854
22 853
22 852
22 850
22 849
22 847
22 843
22 842
22 841
22 840
22 839
22 838
22 833
22 832
22 831
22 830
22 829
22 828
22 827
22 826
22 823
22 821
22 820
22 819
22 818
22 817
22 816
22 1
