222 1400
222 1399
222 419
222 1398
222 1130
222 1358
222 1357
222 1396
222 400
222 1397
222 393
222 888
222 1387
222 1176
222 1070
222 412
222 1178
222 887
222 1050
222 1116
222 1121
222 838
222 1048
222 1359
222 886
222 3
222 389
222 1177
222 1037
222 180
222 4
222 862
222 664
222 1146
222 863
222 915
222 31
222 1173
222 826
222 864
222 857
222 1119
222 1293
222 15
222 820
222 1132
222 388
222 932
222 741
222 1251
222 1060
222 418
222 1013
222 858
222 2
222 66
222 1120
222 324
222 1133
222 766
222 1129
222 1107
222 1392
222 659
222 642
222 956
222 1029
222 1067
222 398
222 957
222 611
222 1042
222 761
222 929
222 9
222 885
222 1360
222 1008
222 50
222 104
222 116
222 257
222 1172
222 135
222 763
222 644
222 260
222 1131
222 769
222 943
222 1014
222 1055
222 736
222 739
222 737
222 629
222 1174
222 729
222 65
222 484
222 165
222 897
222 894
222 856
222 1117
222 1106
222 109
222 830
222 825
222 827
222 1123
222 306
222 636
222 126
222 831
222 760
222 98
222 1126
222 823
222 1023
222 953
222 1026
222 1017
222 268
222 1052
222 527
222 1227
222 538
222 1022
222 1364
222 889
222 207
222 735
222 551
222 935
222 1276
222 1053
222 89
222 256
222 454
222 926
222 1031
222 647
222 408
222 743
222 730
222 740
222 424
222 936
222 1127
222 1190
222 1320
222 1068
222 940
222 308
222 425
222 88
222 854
222 1370
222 1244
222 13
222 1020
222 1237
222 87
222 1035
222 937
222 951
222 822
222 21
222 744
222 733
222 996
222 697
222 694
222 131
222 1049
222 1363
222 660
222 61
222 1122
222 453
222 970
222 397
222 1145
222 751
222 610
222 327
222 971
222 114
222 255
222 663
222 1054
222 382
222 836
222 1282
222 407
222 891
222 1071
222 571
222 1032
222 960
222 1030
222 631
222 392
222 568
222 948
222 928
222 859
222 75
222 299
222 808
222 627
222 1355
222 824
222 1393
222 972
222 570
222 1302
222 1337
222 569
222 1128
222 133
222 1034
222 29
222 366
222 1274
222 950
222 1056
222 45
222 1319
222 365
222 1012
222 898
222 267
222 641
222 305
222 1051
222 890
222 560
222 372
222 243
222 1015
222 1283
222 658
222 309
222 334
222 696
222 1021
222 1200
222 1367
222 839
222 861
222 155
222 145
222 22
222 648
222 99
222 525
222 23
222 142
222 8
222 481
222 841
222 96
222 1305
222 1038
222 269
222 517
222 549
222 1381
222 563
222 1233
222 391
222 833
222 1225
222 1109
222 975
222 44
222 226
222 375
222 1215
222 463
222 1275
222 187
222 1311
222 452
222 464
222 837
222 491
222 522
222 732
222 208
222 348
222 550
222 16
222 1019
222 1016
222 254
222 1162
222 121
222 1192
222 1353
222 84
222 310
222 342
222 1220
222 339
222 381
222 1317
222 1155
222 1027
222 784
222 780
222 713
222 712
222 41
222 572
222 168
222 900
222 734
222 72
222 19
222 719
222 192
222 905
222 222
222 742
222 1072
222 294
222 171
222 994
222 809
222 1163
222 442
222 693
222 175
222 845
222 782
222 1323
222 1214
222 1354
222 1156
222 486
222 329
222 843
222 855
222 1362
222 692
222 552
222 1366
222 893
222 304
222 829
222 678
222 567
222 686
222 875
222 765
222 1083
222 191
222 747
222 37
222 1018
222 232
222 497
222 386
222 312
222 1066
222 640
222 959
222 374
222 361
222 625
222 1271
222 307
222 462
222 540
222 79
222 643
222 422
222 944
222 986
222 618
222 1002
222 40
222 720
222 225
222 1063
222 198
222 1341
222 1247
222 850
222 56
222 102
222 74
222 711
222 288
222 801
222 1171
222 490
222 129
222 878
222 1194
222 892
222 158
222 470
222 251
222 655
222 946
222 1025
222 188
222 1028
222 1338
222 1024
222 345
222 265
222 1062
222 189
222 993
222 500
222 436
222 689
222 177
222 1253
222 228
222 1395
222 673
222 1377
222 193
222 721
222 176
222 1250
222 179
222 465
222 469
222 34
222 1352
222 1081
222 505
222 513
222 52
222 434
222 1094
222 907
222 700
222 1249
222 710
222 1272
222 215
222 346
222 495
222 516
222 1161
222 284
222 120
222 772
222 1159
222 1082
222 1193
222 535
222 1149
222 1243
222 1361
222 174
222 977
222 1324
222 82
222 645
222 1039
222 1078
222 1199
222 427
222 786
222 1095
222 216
222 233
222 1164
222 1157
222 73
222 600
222 899
222 665
222 992
222 105
222 818
222 182
222 933
222 139
222 211
222 1386
222 1182
222 1294
222 952
222 1001
222 562
222 90
222 332
222 1166
222 1191
222 1074
222 293
222 958
222 1278
222 662
222 406
222 330
222 1313
222 811
222 202
222 280
222 1091
222 1350
222 1257
222 474
222 30
222 214
222 1198
222 1
222 300
222 390
222 976
222 1059
222 325
222 1211
222 1153
222 519
222 1093
222 287
222 1004
222 634
222 1100
222 245
222 566
222 788
222 261
222 816
222 421
222 1065
222 1322
222 1328
222 695
222 57
222 805
222 1144
222 1231
222 679
222 184
222 554
222 246
222 370
222 912
222 1222
222 683
222 1335
222 553
222 812
222 1303
222 1235
222 927
222 493
222 1230
222 128
222 62
222 195
222 1300
222 314
222 997
222 1098
222 1075
222 828
222 796
222 651
222 1383
222 804
222 197
222 999
222 699
222 51
222 1349
222 1326
222 1252
222 1114
222 1165
222 565
222 709
222 623
222 170
222 844
222 635
222 759
222 25
222 542
222 902
222 1213
222 1290
222 123
222 1371
222 1309
222 1333
222 1205
222 987
222 317
222 1343
222 799
222 78
222 205
222 252
222 991
222 199
222 1325
222 432
222 466
222 815
222 213
222 219
222 7
222 638
222 1104
222 1342
222 80
222 173
222 1147
222 423
222 1277
222 1097
222 274
222 757
222 1092
222 529
222 797
222 1373
222 773
222 364
222 42
222 1239
222 94
222 185
222 212
222 1047
222 433
222 272
222 344
222 379
222 283
222 1284
222 286
222 285
222 415
222 416
222 362
222 282
222 385
222 281
222 417
222 1226
222 279
222 363
222 1254
222 1224
222 289
222 290
222 360
222 414
222 413
222 359
222 358
222 1221
222 1228
222 291
222 292
222 1242
222 411
222 410
222 278
222 277
222 420
222 387
222 377
222 264
222 376
222 1281
222 1245
222 266
222 1246
222 1280
222 1279
222 373
222 1248
222 371
222 369
222 368
222 378
222 1223
222 270
222 271
222 273
222 1240
222 380
222 367
222 263
222 1273
222 275
222 1241
222 276
222 262
222 333
222 296
222 357
222 404
222 320
222 319
222 318
222 1234
222 316
222 403
222 315
222 343
222 337
222 338
222 1258
222 405
222 340
222 341
222 383
222 1232
222 321
222 322
222 336
222 323
222 335
222 1262
222 399
222 326
222 1261
222 328
222 1260
222 402
222 1259
222 331
222 401
222 259
222 313
222 295
222 1236
222 349
222 350
222 409
222 351
222 301
222 352
222 353
222 396
222 354
222 355
222 298
222 297
222 356
222 1238
222 302
222 1255
222 303
222 1270
222 1269
222 1268
222 1267
222 347
222 1266
222 1229
222 1265
222 1264
222 394
222 311
222 1263
222 395
222 1256
222 384
222 1297
222 258
222 60
222 92
222 91
222 1344
222 86
222 85
222 1345
222 83
222 81
222 1346
222 77
222 76
222 1347
222 1348
222 71
222 70
222 69
222 68
222 67
222 1351
222 64
222 63
222 93
222 95
222 1340
222 111
222 1330
222 119
222 118
222 117
222 1331
222 115
222 1332
222 113
222 112
222 110
222 97
222 108
222 107
222 106
222 1334
222 103
222 101
222 100
222 1336
222 1339
222 1356
222 59
222 124
222 58
222 26
222 24
222 1379
222 1380
222 1382
222 20
222 18
222 17
222 1384
222 1385
222 14
222 12
222 11
222 10
222 1388
222 1389
222 6
222 5
222 1390
222 1391
222 1394
222 27
222 28
222 1378
222 1369
222 55
222 54
222 53
222 1365
222 1368
222 49
222 48
222 47
222 46
222 43
222 1376
222 1372
222 39
222 38
222 1374
222 36
222 35
222 1375
222 33
222 32
222 122
222 125
222 1285
222 1304
222 227
222 1295
222 224
222 223
222 1296
222 221
222 220
222 218
222 217
222 210
222 209
222 1298
222 206
222 204
222 203
222 201
222 200
222 1299
222 196
222 194
222 1301
222 1292
222 229
222 230
222 244
222 1286
222 1287
222 1288
222 253
222 1289
222 250
222 249
222 248
222 247
222 242
222 231
222 241
222 240
222 239
222 238
222 237
222 236
222 235
222 234
222 1291
222 190
222 1306
222 1329
222 1307
222 154
222 153
222 152
222 151
222 150
222 149
222 148
222 147
222 146
222 144
222 143
222 141
222 140
222 138
222 137
222 136
222 134
222 132
222 1327
222 130
222 127
222 1321
222 156
222 157
222 169
222 186
222 183
222 181
222 1308
222 178
222 1310
222 1312
222 172
222 1314
222 1315
222 1318
222 167
222 166
222 1316
222 164
222 163
222 162
222 161
222 160
222 159
222 426
222 955
222 428
222 1079
222 1080
222 781
222 779
222 778
222 777
222 776
222 775
222 774
222 771
222 770
222 1084
222 768
222 767
222 1085
222 1086
222 764
222 1087
222 762
222 1088
222 1089
222 758
222 756
222 755
222 783
222 785
222 1061
222 787
222 1069
222 1073
222 821
222 819
222 817
222 814
222 813
222 810
222 1076
222 1077
222 807
222 806
222 803
222 802
222 800
222 798
222 795
222 794
222 793
222 792
222 791
222 790
222 789
222 754
222 753
222 752
222 1090
222 716
222 715
222 714
222 1113
222 1115
222 708
222 707
222 706
222 705
222 704
222 703
222 702
222 701
222 1118
222 698
222 1124
222 1125
222 1134
222 1135
222 1136
222 691
222 690
222 1137
222 717
222 718
222 1112
222 1103
222 750
222 749
222 748
222 746
222 745
222 1096
222 738
222 1099
222 1101
222 1102
222 731
222 1111
222 1105
222 1108
222 728
222 727
222 726
222 725
222 724
222 723
222 722
222 1110
222 1064
222 1058
222 687
222 922
222 920
222 919
222 918
222 917
222 916
222 979
222 914
222 913
222 911
222 910
222 909
222 908
222 980
222 906
222 981
222 904
222 903
222 901
222 982
222 983
222 984
222 896
222 895
222 921
222 923
222 1057
222 924
222 961
222 962
222 949
222 963
222 947
222 964
222 945
222 965
222 966
222 942
222 941
222 967
222 939
222 938
222 968
222 969
222 973
222 934
222 974
222 931
222 930
222 978
222 925
222 985
222 988
222 989
222 990
222 1009
222 1010
222 1011
222 1033
222 853
222 852
222 851
222 1036
222 849
222 848
222 847
222 846
222 1040
222 842
222 1041
222 840
222 1043
222 1044
222 1045
222 1046
222 835
222 834
222 832
222 1007
222 1006
222 860
222 1000
222 995
222 998
222 884
222 883
222 882
222 881
222 880
222 879
222 877
222 876
222 874
222 1005
222 873
222 872
222 871
222 870
222 869
222 868
222 867
222 866
222 865
222 1003
222 688
222 1138
222 429
222 520
222 1195
222 515
222 514
222 1196
222 512
222 511
222 510
222 509
222 508
222 507
222 506
222 1197
222 504
222 503
222 502
222 501
222 499
222 498
222 496
222 494
222 492
222 1201
222 1202
222 518
222 521
222 1183
222 523
222 1185
222 1186
222 548
222 547
222 546
222 545
222 544
222 543
222 541
222 1187
222 539
222 1188
222 537
222 536
222 534
222 533
222 532
222 531
222 530
222 528
222 1189
222 526
222 524
222 489
222 488
222 487
222 1203
222 455
222 1212
222 1216
222 451
222 450
222 449
222 448
222 447
222 446
222 445
222 444
222 443
222 1217
222 441
222 440
222 439
222 438
222 437
222 1218
222 435
222 1219
222 431
222 430
222 456
222 457
222 458
222 473
222 485
222 1204
222 483
222 482
222 480
222 479
222 954
222 477
222 476
222 475
222 472
222 459
222 471
222 1206
222 1207
222 468
222 467
222 1208
222 1209
222 1210
222 461
222 460
222 1184
222 555
222 685
222 653
222 650
222 649
222 1150
222 646
222 1151
222 1152
222 1154
222 639
222 637
222 1158
222 633
222 632
222 630
222 1160
222 628
222 626
222 624
222 622
222 621
222 620
222 619
222 617
222 616
222 652
222 654
222 556
222 1148
222 684
222 682
222 681
222 680
222 1139
222 677
222 676
222 675
222 674
222 1140
222 672
222 671
222 670
222 669
222 668
222 667
222 666
222 1141
222 1142
222 661
222 1143
222 657
222 656
222 615
222 614
222 613
222 612
222 583
222 582
222 581
222 580
222 579
222 578
222 577
222 576
222 575
222 574
222 573
222 1168
222 1169
222 1170
222 1175
222 1179
222 1180
222 564
222 1181
222 561
222 559
222 558
222 557
222 584
222 585
222 586
222 599
222 1167
222 609
222 608
222 607
222 606
222 605
222 604
222 603
222 602
222 601
222 598
222 587
222 597
222 596
222 595
222 594
222 593
222 592
222 591
222 590
222 589
222 588
222 478
