223 400
223 1399
223 1398
223 393
223 1400
223 419
223 412
223 3
223 1008
223 1121
223 389
223 1050
223 180
223 4
223 1387
223 863
223 1048
223 1396
223 388
223 664
223 398
223 1037
223 1358
223 1357
223 864
223 647
223 418
223 425
223 1397
223 839
223 659
223 826
223 551
223 15
223 862
223 1359
223 1130
223 1251
223 733
223 1119
223 2
223 737
223 943
223 915
223 820
223 454
223 1051
223 31
223 65
223 484
223 929
223 644
223 895
223 109
223 1363
223 538
223 1117
223 857
223 324
223 1173
223 736
223 1031
223 825
223 956
223 660
223 856
223 1107
223 611
223 1106
223 1026
223 391
223 897
223 1227
223 735
223 629
223 1060
223 257
223 935
223 940
223 739
223 1013
223 854
223 889
223 1120
223 1146
223 1392
223 1244
223 392
223 1123
223 116
223 165
223 135
223 1127
223 131
223 306
223 888
223 642
223 453
223 397
223 1029
223 1067
223 268
223 822
223 957
223 89
223 761
223 255
223 885
223 932
223 740
223 741
223 1131
223 769
223 1237
223 1014
223 697
223 730
223 1055
223 88
223 887
223 1021
223 699
223 1174
223 928
223 450
223 1042
223 827
223 1302
223 1128
223 366
223 50
223 1122
223 1177
223 1320
223 780
223 891
223 9
223 918
223 953
223 743
223 831
223 760
223 98
223 1126
223 45
223 1178
223 1283
223 823
223 1023
223 1017
223 1052
223 1172
223 779
223 890
223 142
223 1015
223 1022
223 1276
223 1053
223 408
223 1200
223 104
223 424
223 936
223 1034
223 527
223 308
223 207
223 894
223 1056
223 1370
223 260
223 13
223 1020
223 1038
223 925
223 686
223 112
223 875
223 517
223 763
223 563
223 1233
223 886
223 830
223 1035
223 937
223 951
223 21
223 744
223 720
223 1049
223 362
223 672
223 919
223 61
223 1215
223 329
223 1275
223 96
223 751
223 452
223 491
223 572
223 327
223 550
223 16
223 784
223 126
223 114
223 663
223 121
223 1054
223 382
223 1063
223 732
223 1282
223 960
223 422
223 407
223 1071
223 704
223 1032
223 99
223 829
223 1030
223 631
223 568
223 948
223 636
223 299
223 983
223 1337
223 1355
223 192
223 824
223 766
223 1176
223 570
223 171
223 1070
223 365
223 304
223 714
223 950
223 926
223 858
223 782
223 1012
223 898
223 267
223 1068
223 641
223 1221
223 305
223 1190
223 46
223 1366
223 560
223 191
223 256
223 309
223 1084
223 223
223 586
223 281
223 861
223 155
223 694
223 145
223 22
223 648
223 1036
223 525
223 712
223 390
223 970
223 23
223 385
223 923
223 653
223 1379
223 1116
223 1182
223 87
223 481
223 607
223 838
223 406
223 1111
223 859
223 269
223 996
223 630
223 1083
223 833
223 610
223 1198
223 571
223 594
223 1088
223 443
223 181
223 1109
223 187
223 226
223 375
223 684
223 906
223 836
223 523
223 1311
223 1250
223 837
223 1145
223 208
223 348
223 569
223 762
223 29
223 1016
223 1303
223 1225
223 254
223 728
223 1057
223 1364
223 310
223 1235
223 1125
223 1393
223 1027
223 828
223 972
223 924
223 1329
223 1383
223 133
223 1314
223 549
223 41
223 1132
223 470
223 168
223 900
223 1047
223 734
223 230
223 1333
223 1133
223 719
223 742
223 229
223 461
223 228
223 176
223 1234
223 119
223 206
223 1079
223 1214
223 896
223 334
223 1287
223 843
223 1362
223 159
223 577
223 976
223 1058
223 624
223 678
223 1342
223 817
223 765
223 270
223 1018
223 386
223 798
223 1078
223 361
223 706
223 1183
223 105
223 933
223 307
223 1327
223 1041
223 1301
223 944
223 811
223 1110
223 360
223 35
223 1321
223 1239
223 696
223 971
223 557
223 1202
223 725
223 1044
223 368
223 515
223 1181
223 367
223 158
223 1134
223 190
223 489
223 245
223 1025
223 42
223 1028
223 1024
223 649
223 345
223 1284
223 500
223 556
223 754
223 1245
223 1334
223 1273
223 1197
223 658
223 290
223 721
223 8
223 462
223 186
223 808
223 627
223 467
223 439
223 852
223 1295
223 1265
223 52
223 1019
223 1089
223 346
223 555
223 128
223 195
223 1193
223 1149
223 1361
223 144
223 262
223 115
223 1072
223 197
223 977
223 975
223 1324
223 645
223 221
223 488
223 579
223 792
223 786
223 464
223 1136
223 756
223 1157
223 1154
223 600
223 899
223 1279
223 276
223 211
223 170
223 1169
223 1386
223 1294
223 844
223 1184
223 562
223 332
223 781
223 97
223 902
223 1278
223 1274
223 342
223 1220
223 381
223 707
223 575
223 1319
223 541
223 78
223 300
223 1059
223 325
223 1330
223 72
223 874
223 149
223 1246
223 788
223 1322
223 294
223 328
223 427
223 1328
223 805
223 1381
223 845
223 1380
223 486
223 100
223 1097
223 44
223 209
223 683
223 1375
223 101
223 493
223 62
223 1300
223 364
223 1271
223 94
223 25
223 1268
223 225
223 522
223 417
223 83
223 199
223 1325
223 1147
223 1313
223 436
223 441
223 440
223 138
223 139
223 438
223 437
223 303
223 137
223 140
223 141
223 435
223 10
223 143
223 434
223 146
223 147
223 442
223 136
223 433
223 127
223 458
223 457
223 456
223 455
223 123
223 124
223 125
223 451
223 449
223 134
223 448
223 447
223 129
223 446
223 445
223 130
223 444
223 132
223 148
223 150
223 432
223 416
223 414
223 413
223 162
223 14
223 411
223 410
223 409
223 163
223 164
223 56
223 166
223 167
223 55
223 405
223 404
223 403
223 402
223 415
223 161
223 431
223 160
223 122
223 430
223 429
223 428
223 151
223 152
223 153
223 154
223 426
223 11
223 156
223 12
223 157
223 423
223 421
223 420
223 57
223 7
223 459
223 54
223 497
223 502
223 501
223 73
223 499
223 74
223 75
223 5
223 498
223 496
223 504
223 76
223 77
223 79
223 495
223 494
223 80
223 81
223 82
223 503
223 505
223 84
223 514
223 64
223 519
223 66
223 518
223 67
223 68
223 516
223 69
223 513
223 71
223 512
223 511
223 510
223 509
223 508
223 70
223 507
223 506
223 492
223 490
223 460
223 468
223 475
223 474
223 473
223 472
223 108
223 471
223 58
223 469
223 110
223 477
223 111
223 466
223 465
223 113
223 463
223 117
223 118
223 120
223 476
223 478
223 85
223 102
223 86
223 90
223 91
223 92
223 93
223 60
223 487
223 95
223 103
223 107
223 485
223 59
223 6
223 483
223 482
223 106
223 480
223 479
223 401
223 53
223 169
223 266
223 259
223 333
223 261
223 263
223 331
223 330
223 264
223 265
223 43
223 335
223 326
223 271
223 272
223 26
223 273
223 274
223 27
223 28
223 258
223 336
223 352
223 251
223 351
223 247
223 350
223 349
223 248
223 249
223 347
223 250
223 344
223 520
223 343
223 252
223 253
223 341
223 340
223 339
223 338
223 337
223 275
223 277
223 278
223 38
223 40
223 312
223 32
223 311
223 33
223 34
223 291
223 39
223 292
223 279
223 293
223 295
223 36
223 296
223 297
223 298
223 37
223 301
223 313
223 314
223 315
223 316
223 280
223 282
223 283
223 323
223 322
223 284
223 63
223 286
223 30
223 321
223 320
223 319
223 287
223 288
223 289
223 318
223 317
223 246
223 244
223 302
223 380
223 188
223 189
223 193
223 384
223 383
223 194
223 196
223 198
223 200
223 184
223 379
223 201
223 202
223 48
223 203
223 204
223 205
223 378
223 185
223 387
223 353
223 395
223 51
223 399
223 172
223 17
223 173
223 18
223 396
223 174
223 175
223 183
223 394
223 19
223 20
223 177
223 178
223 179
223 49
223 182
223 47
223 210
223 212
223 359
223 233
223 234
223 235
223 363
223 236
223 237
223 238
223 239
223 358
223 213
223 357
223 356
223 355
223 354
223 240
223 241
223 242
223 243
223 232
223 231
223 227
223 24
223 214
223 377
223 376
223 215
223 374
223 373
223 372
223 216
223 371
223 370
223 217
223 369
223 218
223 219
223 220
223 222
223 224
223 285
223 700
223 521
223 1140
223 1138
223 1137
223 1135
223 1129
223 1124
223 1118
223 1115
223 1114
223 1113
223 1112
223 1108
223 1105
223 1104
223 1103
223 1102
223 1101
223 1100
223 1099
223 1098
223 1096
223 1095
223 1094
223 1093
223 1092
223 1091
223 1090
223 1087
223 1086
223 1085
223 1139
223 1141
223 524
223 1142
223 1188
223 1187
223 1186
223 1185
223 1180
223 1179
223 1175
223 1171
223 1170
223 1168
223 1167
223 1166
223 1165
223 1164
223 1163
223 1162
223 1161
223 1160
223 1159
223 1158
223 1156
223 1155
223 1153
223 1152
223 1151
223 1150
223 1148
223 1144
223 1143
223 1082
223 1081
223 1080
223 1077
223 993
223 992
223 991
223 990
223 989
223 988
223 987
223 986
223 985
223 984
223 982
223 981
223 980
223 979
223 978
223 974
223 973
223 969
223 968
223 967
223 966
223 965
223 964
223 963
223 962
223 961
223 959
223 958
223 955
223 994
223 995
223 997
223 1040
223 1076
223 1075
223 1074
223 1073
223 1069
223 1066
223 1065
223 1064
223 1062
223 1061
223 1046
223 1045
223 1043
223 1039
223 998
223 1033
223 1011
223 1010
223 1009
223 1007
223 1006
223 1005
223 1004
223 1003
223 1002
223 1001
223 1000
223 999
223 1189
223 1191
223 1192
223 1291
223 1344
223 1343
223 1341
223 1340
223 1339
223 1338
223 1336
223 1335
223 1332
223 1331
223 1326
223 1323
223 1318
223 1317
223 1316
223 1315
223 1312
223 1310
223 1309
223 1308
223 1307
223 1306
223 1305
223 1304
223 1299
223 1298
223 1297
223 1296
223 1293
223 1345
223 1346
223 1347
223 1373
223 1395
223 1394
223 1391
223 1390
223 1389
223 1388
223 1385
223 1384
223 1382
223 1378
223 1377
223 1376
223 1374
223 1372
223 1348
223 1371
223 1369
223 1368
223 1367
223 1365
223 1360
223 1356
223 1354
223 1353
223 1352
223 1351
223 1350
223 1349
223 1292
223 1290
223 1194
223 1289
223 1236
223 1232
223 1231
223 1230
223 1229
223 1228
223 1226
223 1224
223 1223
223 1222
223 1219
223 1218
223 1217
223 1216
223 1213
223 1212
223 1211
223 1210
223 1209
223 1208
223 1207
223 1206
223 1205
223 1204
223 1203
223 1201
223 1199
223 1196
223 1195
223 1238
223 1240
223 1241
223 1262
223 1288
223 1286
223 1285
223 1281
223 1280
223 1277
223 1272
223 1270
223 1269
223 1267
223 1266
223 1264
223 1263
223 1261
223 1242
223 1260
223 1259
223 1258
223 1257
223 1256
223 1255
223 1254
223 1253
223 1252
223 1249
223 1248
223 1247
223 1243
223 954
223 952
223 949
223 615
223 662
223 661
223 657
223 656
223 655
223 654
223 652
223 651
223 650
223 646
223 643
223 640
223 639
223 638
223 637
223 635
223 634
223 633
223 632
223 628
223 626
223 625
223 623
223 622
223 621
223 620
223 619
223 618
223 617
223 665
223 666
223 667
223 688
223 709
223 708
223 705
223 703
223 702
223 701
223 698
223 695
223 693
223 692
223 691
223 690
223 689
223 687
223 668
223 685
223 682
223 681
223 680
223 679
223 677
223 676
223 675
223 674
223 673
223 671
223 670
223 669
223 616
223 614
223 711
223 613
223 566
223 565
223 564
223 561
223 559
223 558
223 554
223 553
223 552
223 548
223 547
223 546
223 545
223 544
223 543
223 542
223 540
223 539
223 537
223 536
223 535
223 534
223 533
223 532
223 531
223 530
223 529
223 528
223 526
223 567
223 573
223 574
223 595
223 612
223 609
223 608
223 606
223 605
223 604
223 603
223 602
223 601
223 599
223 598
223 597
223 596
223 593
223 576
223 592
223 591
223 590
223 589
223 588
223 587
223 585
223 584
223 583
223 582
223 581
223 580
223 578
223 710
223 713
223 947
223 821
223 881
223 880
223 879
223 878
223 877
223 876
223 873
223 872
223 871
223 870
223 869
223 868
223 867
223 866
223 865
223 860
223 855
223 853
223 851
223 850
223 849
223 848
223 847
223 846
223 842
223 841
223 840
223 835
223 834
223 882
223 883
223 884
223 917
223 946
223 945
223 942
223 941
223 939
223 938
223 934
223 931
223 930
223 927
223 922
223 921
223 920
223 916
223 892
223 914
223 913
223 912
223 911
223 910
223 909
223 908
223 907
223 905
223 904
223 903
223 901
223 893
223 832
223 819
223 715
223 818
223 772
223 771
223 770
223 768
223 767
223 764
223 759
223 758
223 757
223 755
223 753
223 752
223 750
223 749
223 748
223 747
223 746
223 745
223 738
223 731
223 729
223 727
223 726
223 724
223 723
223 722
223 718
223 717
223 716
223 773
223 774
223 775
223 800
223 816
223 815
223 814
223 813
223 812
223 810
223 809
223 807
223 806
223 804
223 803
223 802
223 801
223 799
223 776
223 797
223 796
223 795
223 794
223 793
223 791
223 790
223 789
223 787
223 785
223 783
223 778
223 777
223 1
