224 1312
224 317
224 1286
224 175
224 656
224 236
224 537
224 259
224 401
224 1314
224 575
224 1157
224 1296
224 1315
224 318
224 140
224 570
224 170
224 1298
224 405
224 396
224 663
224 110
224 1230
224 572
224 1009
224 1011
224 305
224 523
224 26
224 576
224 329
224 1253
224 666
224 85
224 1274
224 74
224 308
224 37
224 1319
224 310
224 1156
224 124
224 117
224 1252
224 494
224 1139
224 456
224 123
224 302
224 1264
224 1309
224 1316
224 1313
224 283
224 1082
224 1158
224 410
224 540
224 334
224 829
224 1238
224 541
224 192
224 167
224 2
224 488
224 160
224 1317
224 625
224 25
224 1010
224 1374
224 744
224 332
224 166
224 1231
224 383
224 525
224 1257
224 1299
224 444
224 1198
224 667
224 178
224 556
224 309
224 983
224 1310
224 139
224 272
224 327
224 134
224 323
224 573
224 63
224 19
224 665
224 1195
224 611
224 190
224 1033
224 873
224 574
224 1368
224 193
224 1143
224 630
224 1245
224 568
224 1222
224 1227
224 101
224 1311
224 1318
224 183
224 976
224 1189
224 232
224 373
224 1248
224 550
224 1161
224 1200
224 851
224 352
224 1367
224 475
224 231
224 1394
224 211
224 298
224 340
224 1003
224 534
224 239
224 490
224 552
224 28
224 319
224 688
224 223
224 1076
224 906
224 536
224 1390
224 949
224 549
224 757
224 98
224 1205
224 171
224 1234
224 939
224 10
224 1391
224 483
224 975
224 1395
224 294
224 24
224 371
224 495
224 402
224 893
224 941
224 1084
224 1329
224 335
224 1294
224 307
224 35
224 914
224 499
224 905
224 1224
224 359
224 1375
224 626
224 1213
224 1356
224 360
224 1283
224 1181
224 1297
224 1007
224 1250
224 1208
224 515
224 87
224 438
224 351
224 1077
224 451
224 1083
224 714
224 328
224 378
224 569
224 504
224 363
224 691
224 212
224 342
224 544
224 944
224 903
224 303
224 358
224 138
224 496
224 439
224 583
224 213
224 1378
224 421
224 998
224 981
224 17
224 595
224 1055
224 1186
224 188
224 56
224 1295
224 1263
224 265
224 68
224 389
224 1154
224 798
224 1180
224 1203
224 364
224 244
224 34
224 428
224 44
224 372
224 1228
224 1179
224 927
224 530
224 149
224 535
224 411
224 529
224 457
224 93
224 132
224 1326
224 179
224 116
224 1073
224 1159
224 773
224 131
224 1081
224 263
224 1353
224 577
224 234
224 208
224 803
224 241
224 1386
224 967
224 36
224 739
224 917
224 1078
224 1371
224 916
224 71
224 1125
224 1354
224 1218
224 177
224 951
224 418
224 1229
224 777
224 1320
224 27
224 1255
224 1377
224 902
224 379
224 1054
224 467
224 557
224 394
224 133
224 153
224 658
224 1347
224 201
224 1272
224 23
224 38
224 689
224 69
224 539
224 604
224 655
224 58
224 369
224 1204
224 1365
224 1121
224 1080
224 306
224 587
224 64
224 491
224 324
224 217
224 276
224 843
224 470
224 708
224 387
224 459
224 1359
224 238
224 304
224 269
224 1187
224 1140
224 1364
224 612
224 925
224 395
224 765
224 315
224 613
224 1151
224 629
224 333
224 1107
224 1276
224 889
224 1002
224 1267
224 1202
224 295
224 501
224 524
224 293
224 793
224 436
224 734
224 672
224 788
224 854
224 256
224 322
224 1141
224 423
224 891
224 128
224 1350
224 240
224 1030
224 533
224 1006
224 1199
224 228
224 797
224 1322
224 526
224 1074
224 1362
224 72
224 828
224 465
224 150
224 567
224 1053
224 120
224 493
224 415
224 1188
224 299
224 345
224 97
224 1219
224 222
224 48
224 266
224 775
224 500
224 84
224 1086
224 311
224 57
224 660
224 1273
224 1282
224 268
224 1153
224 1221
224 1389
224 20
224 653
224 49
224 670
224 14
224 1031
224 921
224 349
224 1379
224 1305
224 624
224 86
224 1372
224 571
224 257
224 1373
224 940
224 818
224 88
224 1239
224 1138
224 600
224 842
224 1136
224 388
224 1085
224 1184
224 1254
224 135
224 403
224 602
224 521
224 1321
224 482
224 301
224 1075
224 191
224 54
224 508
224 1216
224 168
224 227
224 547
224 109
224 81
224 614
224 696
224 517
224 730
224 1251
224 609
224 3
224 503
224 291
224 1062
224 779
224 966
224 469
224 814
224 1260
224 1059
224 361
224 562
224 833
224 904
224 464
224 1279
224 481
224 794
224 682
224 850
224 845
224 130
224 946
224 1067
224 300
224 365
224 437
224 802
224 522
224 1333
224 202
224 1105
224 435
224 580
224 1330
224 608
224 811
224 455
224 800
224 1304
224 9
224 214
224 391
224 868
224 347
224 380
224 112
224 841
224 749
224 962
224 1335
224 645
224 1149
224 1285
224 960
224 426
224 985
224 1308
224 195
224 165
224 801
224 1281
224 237
224 209
224 1049
224 1235
224 489
224 548
224 1114
224 65
224 337
224 344
224 518
224 381
224 242
224 1123
224 1056
224 1370
224 417
224 596
224 774
224 252
224 759
224 1247
224 807
224 384
224 623
224 184
224 703
224 477
224 707
224 393
224 823
224 404
224 992
224 581
224 1214
224 538
224 94
224 894
224 172
224 187
224 11
224 865
224 4
224 900
224 657
224 1265
224 152
224 288
224 809
224 1192
224 947
224 449
224 564
224 710
224 1349
224 73
224 699
224 406
224 147
224 742
224 148
224 89
224 1215
224 122
224 262
224 267
224 646
224 928
224 1280
224 487
224 1119
224 1275
224 585
224 1209
224 472
224 926
224 412
224 852
224 1196
224 484
224 933
224 440
224 1041
224 639
224 1100
224 956
224 866
224 118
224 1072
224 958
224 827
224 1382
224 296
224 1201
224 221
224 1351
224 205
224 633
224 498
224 837
224 169
224 1217
224 230
224 1277
224 1343
224 993
224 1225
224 18
224 235
224 984
224 386
224 1261
224 805
224 453
224 836
224 355
224 245
224 965
224 1065
224 398
224 326
224 1182
224 651
224 527
224 121
224 1206
224 385
224 419
224 1307
224 892
224 1015
224 1302
224 39
224 278
224 723
224 1018
224 45
224 468
224 979
224 1106
224 507
224 1337
224 554
224 669
224 1040
224 253
224 1303
224 607
224 180
224 706
224 354
224 974
224 804
224 1361
224 274
224 313
224 1113
224 686
224 430
224 1346
224 824
224 375
224 1232
224 555
224 1061
224 273
224 870
224 255
224 806
224 787
224 751
224 1301
224 654
224 1183
224 693
224 934
224 1249
224 1147
224 810
224 1142
224 637
224 382
224 872
224 740
224 692
224 579
224 407
224 270
224 1256
224 1236
224 1210
224 771
224 603
224 377
224 341
224 47
224 106
224 987
224 376
224 786
224 1028
224 989
224 427
224 652
224 514
224 216
224 590
224 1240
224 206
224 105
224 258
224 1194
224 659
224 497
224 592
224 420
224 142
224 599
224 1323
224 1324
224 1387
224 610
224 353
224 92
224 1110
224 990
224 1300
224 1244
224 1327
224 452
224 920
224 473
224 901
224 1108
224 59
224 1191
224 432
224 416
224 1039
224 553
224 277
224 1380
224 189
224 753
224 677
224 356
224 196
224 959
224 1287
224 997
224 450
224 445
224 99
224 1259
224 297
224 1148
224 1220
224 531
224 601
224 248
224 1262
224 33
224 466
224 370
224 458
224 772
224 808
224 103
224 545
224 186
224 22
224 1193
224 770
224 1393
224 683
224 1092
224 1233
224 485
224 820
224 164
224 945
224 922
224 690
224 675
224 1258
224 918
224 988
224 785
224 680
224 1226
224 462
224 694
224 1306
224 620
224 61
224 1134
224 1223
224 662
224 1242
224 795
224 963
224 563
224 895
224 661
224 161
224 42
224 1144
224 1112
224 280
224 21
224 1165
224 77
224 50
224 1190
224 82
224 1266
224 146
224 705
224 1014
224 632
224 312
224 261
224 203
224 292
224 673
224 282
224 799
224 1270
224 636
224 366
224 511
224 224
224 784
224 443
224 977
224 687
224 591
224 970
224 942
224 712
224 7
224 986
224 588
224 919
224 701
224 91
224 173
224 719
224 102
224 144
224 1124
224 115
224 994
224 53
224 197
224 915
224 980
224 1325
224 589
224 1269
224 70
224 565
224 125
224 750
224 460
224 597
224 1339
224 461
224 668
224 176
224 325
224 119
224 243
224 316
224 1289
224 560
224 700
224 789
224 159
224 561
224 1328
224 817
224 578
224 96
224 145
224 991
224 1288
224 996
224 6
224 55
224 413
224 1237
224 182
224 16
224 528
224 126
224 792
224 748
224 606
224 1
224 60
224 1093
224 287
224 634
224 225
224 627
224 348
224 1332
224 1284
224 52
224 754
224 943
224 198
224 1334
224 1241
224 346
224 247
224 1128
224 702
224 1268
224 697
224 204
224 207
224 1385
224 433
224 593
224 1207
224 1341
224 314
224 1336
224 899
224 1383
224 964
224 442
224 51
224 1278
224 857
224 155
224 635
224 1024
224 781
224 1212
224 856
224 907
224 1064
224 229
224 825
224 157
224 289
224 174
224 1246
224 486
224 1164
224 1104
224 62
224 1166
224 767
224 704
224 185
224 869
224 199
224 957
224 961
224 156
224 1052
224 158
224 1057
224 955
224 1051
224 162
224 163
224 1050
224 1048
224 1047
224 154
224 1063
224 1058
224 1060
224 1091
224 1090
224 953
224 136
224 226
224 137
224 1089
224 1088
224 1087
224 141
224 1079
224 143
224 1071
224 954
224 1070
224 1069
224 1068
224 1066
224 151
224 1046
224 200
224 220
224 969
224 971
224 1019
224 972
224 973
224 210
224 1017
224 978
224 982
224 995
224 999
224 1016
224 1013
224 194
224 1000
224 1012
224 1008
224 1005
224 1001
224 1004
224 1020
224 215
224 1045
224 1021
224 1044
224 1042
224 1038
224 219
224 1037
224 1036
224 1035
224 218
224 968
224 1034
224 1032
224 1029
224 1027
224 181
224 1026
224 1025
224 1094
224 1023
224 1022
224 1043
224 1116
224 1095
224 46
224 31
224 32
224 1340
224 1338
224 1331
224 40
224 41
224 1293
224 43
224 1292
224 1291
224 1290
224 1173
224 1271
224 1243
224 1211
224 1197
224 1185
224 1178
224 1177
224 66
224 67
224 1176
224 1175
224 30
224 29
224 1342
224 1344
224 1398
224 1397
224 1396
224 5
224 1392
224 1388
224 8
224 1384
224 12
224 13
224 1381
224 15
224 1376
224 1369
224 1366
224 1363
224 1360
224 1358
224 1357
224 1355
224 1352
224 1348
224 1345
224 1174
224 1172
224 1096
224 1118
224 1129
224 104
224 1127
224 107
224 108
224 1126
224 1122
224 111
224 1120
224 113
224 114
224 1117
224 1171
224 1115
224 1111
224 1109
224 1103
224 1102
224 1101
224 1099
224 1098
224 127
224 1097
224 129
224 1130
224 1131
224 100
224 1132
224 1170
224 75
224 76
224 1169
224 78
224 79
224 80
224 1168
224 1167
224 83
224 1163
224 1162
224 1160
224 1155
224 90
224 1152
224 1150
224 1146
224 1145
224 95
224 1137
224 1135
224 1133
224 952
224 924
224 950
224 390
224 392
224 711
224 709
224 397
224 1399
224 399
224 400
224 698
224 695
224 685
224 684
224 681
224 679
224 408
224 409
224 678
224 676
224 674
224 671
224 414
224 664
224 650
224 649
224 648
224 647
224 713
224 715
224 747
224 716
224 746
224 745
224 743
224 741
224 367
224 368
224 738
224 737
224 736
224 735
224 733
224 374
224 732
224 731
224 729
224 728
224 727
224 726
224 725
224 724
224 722
224 721
224 720
224 718
224 717
224 644
224 643
224 422
224 642
224 566
224 559
224 558
224 551
224 546
224 463
224 543
224 542
224 532
224 520
224 519
224 516
224 513
224 471
224 512
224 510
224 474
224 509
224 476
224 506
224 478
224 479
224 480
224 505
224 502
224 582
224 584
224 586
224 621
224 424
224 425
224 641
224 640
224 638
224 429
224 431
224 434
224 631
224 628
224 622
224 619
224 454
224 441
224 618
224 617
224 616
224 446
224 447
224 448
224 615
224 605
224 598
224 594
224 362
224 752
224 948
224 888
224 887
224 886
224 885
224 884
224 883
224 882
224 271
224 881
224 880
224 879
224 275
224 878
224 877
224 876
224 279
224 875
224 281
224 874
224 871
224 284
224 285
224 286
224 290
224 867
224 864
224 264
224 890
224 755
224 896
224 233
224 938
224 937
224 936
224 935
224 932
224 931
224 930
224 929
224 492
224 923
224 913
224 912
224 246
224 911
224 249
224 250
224 251
224 910
224 909
224 254
224 908
224 898
224 897
224 260
224 863
224 862
224 861
224 860
224 791
224 330
224 331
224 790
224 783
224 782
224 336
224 780
224 338
224 339
224 778
224 776
224 769
224 343
224 768
224 766
224 764
224 350
224 763
224 762
224 761
224 760
224 758
224 756
224 357
224 796
224 812
224 813
224 838
224 859
224 858
224 855
224 853
224 849
224 848
224 847
224 846
224 844
224 840
224 839
224 835
224 815
224 834
224 832
224 831
224 830
224 826
224 822
224 320
224 321
224 821
224 819
224 816
224 1400
