225 1188
225 1380
225 1124
225 226
225 674
225 1256
225 748
225 638
225 816
225 708
225 566
225 225
225 431
225 701
225 312
225 794
225 780
225 279
225 650
225 1291
225 513
225 519
225 683
225 1341
225 1352
225 70
225 712
225 1349
225 368
225 416
225 200
225 141
225 1344
225 1345
225 971
225 791
225 713
225 797
225 1218
225 834
225 1355
225 235
225 1353
225 1239
225 812
225 246
225 173
225 567
225 1343
225 57
225 204
225 994
225 1292
225 213
225 709
225 124
225 704
225 1300
225 282
225 1351
225 232
225 975
225 1
225 671
225 360
225 340
225 685
225 1212
225 1381
225 215
225 1347
225 56
225 746
225 1338
225 1136
225 164
225 699
225 1258
225 1247
225 692
225 624
225 809
225 793
225 503
225 1332
225 678
225 698
225 991
225 174
225 1334
225 77
225 757
225 1246
225 69
225 696
225 234
225 367
225 1076
225 758
225 1354
225 702
225 970
225 198
225 465
225 1075
225 893
225 700
225 1226
225 1289
225 925
225 470
225 147
225 346
225 1062
225 227
225 451
225 815
225 343
225 922
225 573
225 1340
225 1219
225 792
225 632
225 205
225 439
225 920
225 796
225 946
225 1191
225 86
225 662
225 63
225 880
225 1339
225 997
225 1195
225 53
225 996
225 876
225 189
225 1348
225 146
225 612
225 972
225 1373
225 800
225 1249
225 1214
225 1243
225 1000
225 415
225 969
225 593
225 55
225 1266
225 571
225 687
225 694
225 1007
225 238
225 604
225 193
225 749
225 592
225 901
225 203
225 811
225 1186
225 52
225 504
225 1280
225 50
225 547
225 1187
225 711
225 772
225 689
225 328
225 530
225 759
225 45
225 342
225 12
225 411
225 672
225 896
225 265
225 993
225 799
225 783
225 212
225 973
225 341
225 357
225 679
225 347
225 631
225 199
225 857
225 253
225 1155
225 1326
225 964
225 949
225 421
225 1163
225 440
225 430
225 125
225 924
225 423
225 535
225 861
225 1140
225 625
225 1315
225 1104
225 918
225 127
225 1290
225 636
225 1265
225 61
225 285
225 613
225 798
225 1217
225 779
225 1169
225 1378
225 686
225 247
225 601
225 992
225 233
225 676
225 33
225 186
225 522
225 206
225 89
225 85
225 256
225 1305
225 182
225 505
225 1074
225 391
225 374
225 608
225 770
225 1034
225 39
225 511
225 773
225 172
225 705
225 1092
225 14
225 248
225 288
225 187
225 668
225 188
225 514
225 695
225 516
225 179
225 1328
225 1131
225 640
225 372
225 561
225 1229
225 474
225 338
225 1293
225 1307
225 606
225 921
225 371
225 1204
225 807
225 690
225 359
225 836
225 570
225 1003
225 948
225 1211
225 197
225 221
225 413
225 858
225 806
225 602
225 384
225 406
225 883
225 630
225 163
225 785
225 658
225 986
225 230
225 7
225 543
225 597
225 805
225 466
225 856
225 486
225 1081
225 923
225 1336
225 845
225 101
225 176
225 373
225 1039
225 1337
225 577
225 1262
225 379
225 562
225 1342
225 1162
225 1012
225 614
225 753
225 354
225 1040
225 917
225 1264
225 771
225 1367
225 663
225 693
225 1205
225 766
225 677
225 314
225 1399
225 868
225 1164
225 1248
225 643
225 184
225 959
225 965
225 565
225 467
225 1233
225 1198
225 1395
225 23
225 1105
225 1311
225 66
225 673
225 483
225 1310
225 1364
225 1179
225 40
225 1107
225 1093
225 429
225 1356
225 1263
225 96
225 475
225 881
225 661
225 724
225 899
225 710
225 1237
225 808
225 1329
225 59
225 1066
225 1001
225 10
225 859
225 1284
225 81
225 277
225 419
225 245
225 529
225 272
225 1313
225 175
225 383
225 76
225 546
225 161
225 719
225 9
225 615
225 27
225 1033
225 110
225 274
225 1080
225 945
225 264
225 443
225 1114
225 1193
225 122
225 1199
225 1360
225 985
225 947
225 989
225 1077
225 185
225 536
225 229
225 755
225 449
225 919
225 998
225 590
225 1078
225 348
225 1250
225 1009
225 1153
225 1350
225 801
225 62
225 865
225 634
225 297
225 448
225 79
225 484
225 651
225 263
225 916
225 1231
225 36
225 1333
225 762
225 675
225 555
225 1323
225 352
225 680
225 1065
225 706
225 747
225 1134
225 382
225 628
225 482
225 1176
225 304
225 71
225 171
225 369
225 999
225 781
225 1335
225 80
225 370
225 1159
225 1117
225 714
225 1288
225 218
225 456
225 434
225 697
225 1238
225 1230
225 73
225 301
225 178
225 25
225 987
225 1115
225 1325
225 814
225 41
225 787
225 520
225 1147
225 1051
225 572
225 487
225 452
225 1216
225 1157
225 903
225 74
225 426
225 1015
225 490
225 473
225 984
225 906
225 1227
225 433
225 915
225 1141
225 588
225 1069
225 870
225 202
225 54
225 43
225 941
225 1259
225 618
225 250
225 363
225 1158
225 1274
225 790
225 839
225 1154
225 1257
225 335
225 142
225 337
225 935
225 349
225 1330
225 303
225 493
225 583
225 1319
225 177
225 564
225 894
225 554
225 962
225 211
225 239
225 139
225 1346
225 243
225 102
225 316
225 1386
225 1201
225 88
225 240
225 1008
225 1106
225 878
225 1175
225 94
225 414
225 275
225 1215
225 1299
225 1272
225 569
225 280
225 1121
225 1010
225 48
225 134
225 24
225 145
225 1397
225 1202
225 1210
225 833
225 207
225 1312
225 846
225 165
225 776
225 356
225 160
225 581
225 974
225 1228
225 568
225 669
225 1287
225 49
225 1400
225 315
225 544
225 860
225 928
225 1183
225 268
225 649
225 907
225 1098
225 981
225 895
225 260
225 782
225 633
225 1113
225 599
225 231
225 126
225 261
225 617
225 441
225 942
225 576
225 1151
225 637
225 575
225 35
225 345
225 1196
225 294
225 214
225 287
225 666
225 803
225 1331
225 905
225 1251
225 1004
225 1005
225 123
225 477
225 249
225 1082
225 1143
225 765
225 309
225 596
225 548
225 1035
225 958
225 670
225 1224
225 605
225 1391
225 84
225 293
225 446
225 828
225 64
225 1390
225 58
225 938
225 310
225 534
225 591
225 1372
225 151
225 362
225 257
225 1282
225 539
225 827
225 1002
225 1362
225 1384
225 822
225 228
225 244
225 1320
225 927
225 1281
225 1366
225 933
225 469
225 464
225 442
225 166
225 1013
225 1018
225 162
225 435
225 201
225 1382
225 428
225 135
225 1156
225 703
225 844
225 657
225 1024
225 761
225 170
225 1057
225 1207
225 635
225 223
225 1152
225 1221
225 1213
225 311
225 417
225 1371
225 733
225 47
225 1089
225 398
225 767
225 284
225 729
225 976
225 117
225 578
225 78
225 149
225 389
225 109
225 68
225 432
225 1279
225 1225
225 351
225 897
225 21
225 1071
225 1357
225 888
225 1059
225 926
225 216
225 427
225 302
225 1223
225 1374
225 98
225 682
225 158
225 380
225 1394
225 129
225 727
225 1387
225 717
225 254
225 684
225 910
225 1302
225 270
225 1173
225 1273
225 1020
225 82
225 44
225 453
225 913
225 1236
225 603
225 28
225 937
225 1149
225 252
225 867
225 210
225 537
225 408
225 377
225 515
225 1100
225 813
225 829
225 786
225 754
225 1270
225 559
225 454
225 115
225 1006
225 462
225 1277
225 420
225 1369
225 852
225 691
225 929
225 93
225 255
225 283
225 1172
225 1297
225 143
225 113
225 891
225 499
225 20
225 1085
225 460
225 375
225 847
225 144
225 266
225 119
225 884
225 332
225 1209
225 721
225 1206
225 1322
225 730
225 46
225 361
225 769
225 681
225 1388
225 545
225 22
225 667
225 889
225 307
225 874
225 422
225 1094
225 299
225 1132
225 491
225 1061
225 306
225 476
225 550
225 269
225 330
225 610
225 1252
225 1096
225 30
225 611
225 60
225 979
225 843
225 1296
225 8
225 37
225 497
225 196
225 208
225 826
225 1241
225 1200
225 738
225 103
225 540
225 872
225 784
225 538
225 1222
225 1324
225 133
225 1047
225 329
225 990
225 128
225 267
225 1294
225 209
225 1278
225 756
225 1271
225 934
225 656
225 300
225 395
225 542
225 325
225 97
225 262
225 1088
225 560
225 646
225 825
225 1242
225 1097
225 837
225 1392
225 132
225 1144
225 83
225 1377
225 1138
225 1139
225 1135
225 242
225 237
225 241
225 1137
225 236
225 1133
225 810
225 1130
225 1108
225 289
225 290
225 291
225 292
225 295
225 296
225 1110
225 298
225 1109
225 1103
225 286
225 305
225 308
225 1102
225 313
225 1101
225 317
225 318
225 319
225 320
225 1111
225 1112
225 1376
225 1123
225 1129
225 1128
225 1127
225 251
225 1126
225 1125
225 258
225 259
225 1306
225 1122
225 281
225 271
225 1120
225 273
225 1119
225 1118
225 276
225 1116
225 278
225 1375
225 1379
225 157
225 1142
225 87
225 1253
225 1298
225 1245
225 65
225 1244
225 67
225 1396
225 72
225 1240
225 1301
225 75
225 1235
225 1234
225 1232
225 90
225 1254
225 91
225 92
225 95
225 1220
225 99
225 100
225 104
225 105
225 106
225 107
225 108
225 1303
225 111
225 112
225 1398
225 1255
225 1383
225 18
225 2
225 3
225 4
225 5
225 6
225 1295
225 1286
225 1285
225 11
225 1283
225 13
225 15
225 16
225 17
225 19
225 51
225 26
225 29
225 31
225 32
225 1276
225 34
225 1275
225 38
225 42
225 1269
225 1268
225 1267
225 1261
225 1260
225 114
225 116
225 118
225 194
225 1180
225 1178
225 180
225 181
225 1177
225 183
225 1174
225 1171
225 1170
225 1168
225 190
225 191
225 192
225 1167
225 195
225 120
225 1166
225 1165
225 1161
225 1160
225 1150
225 1148
225 1385
225 217
225 1146
225 219
225 220
225 1145
225 222
225 224
225 1181
225 1182
225 1389
225 1184
225 121
225 1393
225 1208
225 130
225 131
225 136
225 137
225 138
225 1203
225 140
225 1197
225 1194
225 148
225 150
225 152
225 153
225 154
225 155
225 156
225 322
225 159
225 1192
225 1190
225 1189
225 1304
225 167
225 168
225 169
225 1185
225 321
225 405
225 323
225 688
225 648
225 645
225 644
225 642
225 641
225 639
225 1359
225 930
225 931
225 932
225 629
225 627
225 626
225 936
225 623
225 622
225 621
225 1358
225 914
225 652
225 909
225 892
225 1314
225 898
225 900
225 902
225 904
225 908
225 665
225 653
225 664
225 911
225 912
225 660
225 659
225 655
225 654
225 620
225 619
225 616
225 574
225 585
225 584
225 582
225 960
225 580
225 579
225 961
225 963
225 587
225 966
225 967
225 968
225 977
225 1361
225 978
225 563
225 586
225 957
225 939
225 952
225 940
225 609
225 943
225 607
225 944
225 950
225 951
225 600
225 589
225 598
225 953
225 595
225 594
225 954
225 955
225 956
225 890
225 887
225 324
225 886
225 775
225 774
225 835
225 838
225 840
225 768
225 841
225 764
225 763
225 842
225 760
225 848
225 752
225 751
225 750
225 849
225 850
225 832
225 777
225 778
225 820
225 1317
225 1316
225 817
225 804
225 802
225 818
225 819
225 821
225 831
225 823
225 795
225 1321
225 824
225 789
225 788
225 830
225 851
225 1327
225 745
225 866
225 715
225 854
225 855
225 862
225 863
225 864
225 707
225 869
225 718
225 871
225 873
225 875
225 877
225 879
225 882
225 885
225 716
225 853
225 744
225 735
225 743
225 742
225 741
225 740
225 739
225 737
225 736
225 734
225 720
225 732
225 731
225 728
225 726
225 725
225 723
225 722
225 980
225 558
225 557
225 556
225 410
225 409
225 407
225 1318
225 404
225 403
225 402
225 401
225 400
225 399
225 397
225 396
225 394
225 393
225 392
225 1060
225 390
225 1058
225 412
225 1056
225 1049
225 1044
225 438
225 437
225 436
225 1045
225 1046
225 1048
225 1050
225 1055
225 425
225 424
225 1052
225 1053
225 1054
225 418
225 1368
225 388
225 387
225 386
225 1095
225 353
225 1086
225 350
225 1087
225 1090
225 344
225 1091
225 339
225 1084
225 336
225 334
225 333
225 331
225 1099
225 327
225 326
225 355
225 1083
225 385
225 1070
225 1063
225 1064
225 381
225 1067
225 378
225 376
225 1068
225 1072
225 358
225 1073
225 1308
225 1370
225 366
225 365
225 364
225 1079
225 1043
225 1042
225 444
225 1017
225 1011
225 1363
225 518
225 517
225 1014
225 1016
225 512
225 510
225 523
225 509
225 508
225 507
225 506
225 1019
225 1365
225 502
225 521
225 524
225 500
225 1309
225 982
225 983
225 553
225 552
225 551
225 549
225 988
225 541
225 525
225 995
225 533
225 532
225 531
225 528
225 527
225 526
225 501
225 498
225 445
225 458
225 1030
225 468
225 1031
225 1032
225 463
225 461
225 459
225 457
225 472
225 455
225 1036
225 1037
225 450
225 1038
225 1041
225 447
225 471
225 1029
225 496
225 1023
225 495
225 494
225 492
225 1021
225 489
225 488
225 1022
225 485
225 1028
225 1025
225 1026
225 481
225 480
225 479
225 478
225 1027
225 647
