23 892
23 899
23 1259
23 902
23 1109
23 753
23 708
23 530
23 14
23 1272
23 586
23 718
23 698
23 777
23 1197
23 903
23 1112
23 116
23 919
23 1092
23 11
23 185
23 137
23 130
23 1103
23 141
23 955
23 879
23 1287
23 28
23 453
23 804
23 815
23 589
23 418
23 749
23 202
23 1111
23 1141
23 872
23 798
23 1151
23 33
23 74
23 906
23 1104
23 699
23 431
23 860
23 1066
23 237
23 177
23 877
23 444
23 977
23 391
23 779
23 1369
23 1349
23 1289
23 700
23 1158
23 637
23 606
23 1169
23 803
23 287
23 1064
23 166
23 51
23 715
23 671
23 917
23 665
23 66
23 1275
23 496
23 72
23 1335
23 1380
23 1333
23 658
23 905
23 441
23 127
23 519
23 999
23 415
23 1379
23 748
23 1091
23 390
23 759
23 64
23 567
23 925
23 1004
23 244
23 634
23 1035
23 209
23 813
23 259
23 311
23 632
23 12
23 5
23 1332
23 203
23 1284
23 1065
23 52
23 921
23 297
23 783
23 1334
23 184
23 554
23 688
23 1345
23 694
23 650
23 697
23 204
23 132
23 272
23 44
23 1115
23 978
23 812
23 1170
23 1114
23 220
23 172
23 1057
23 638
23 598
23 719
23 1336
23 1184
23 1320
23 711
23 1125
23 640
23 828
23 1305
23 592
23 53
23 1314
23 801
23 1160
23 724
23 859
23 337
23 886
23 1339
23 689
23 344
23 357
23 781
23 1352
23 1290
23 544
23 356
23 1008
23 896
23 720
23 29
23 701
23 907
23 981
23 799
23 284
23 120
23 861
23 1331
23 717
23 270
23 716
23 780
23 95
23 946
23 142
23 1313
23 187
23 939
23 1164
23 163
23 1342
23 481
23 1005
23 452
23 36
23 608
23 546
23 416
23 685
23 13
23 360
23 529
23 1347
23 1144
23 712
23 1
23 1291
23 746
23 1340
23 225
23 627
23 379
23 1206
23 198
23 1162
23 972
23 499
23 77
23 329
23 814
23 315
23 982
23 1089
23 464
23 262
23 1163
23 442
23 32
23 406
23 1156
23 1274
23 342
23 1391
23 709
23 1319
23 635
23 794
23 1244
23 599
23 894
23 434
23 707
23 1343
23 1328
23 205
23 289
23 1246
23 486
23 1195
23 277
23 216
23 296
23 624
23 73
23 933
23 947
23 129
23 662
23 1271
23 625
23 704
23 536
23 1209
23 164
23 927
23 1147
23 792
23 430
23 393
23 428
23 425
23 392
23 1330
23 383
23 384
23 385
23 389
23 1337
23 387
23 388
23 429
23 386
23 394
23 427
23 426
23 411
23 395
23 396
23 410
23 412
23 409
23 408
23 413
23 407
23 414
23 405
23 1329
23 417
23 1327
23 419
23 404
23 403
23 420
23 421
23 402
23 422
23 401
23 400
23 399
23 423
23 398
23 424
23 397
23 1196
23 368
23 382
23 334
23 327
23 328
23 330
23 331
23 332
23 333
23 335
23 381
23 336
23 1344
23 338
23 339
23 340
23 341
23 326
23 325
23 324
23 323
23 322
23 321
23 320
23 319
23 318
23 317
23 316
23 314
23 313
23 312
23 1346
23 310
23 309
23 343
23 345
23 346
23 364
23 380
23 378
23 377
23 376
23 375
23 374
23 373
23 372
23 371
23 370
23 369
23 367
23 366
23 365
23 363
23 347
23 362
23 361
23 1338
23 359
23 358
23 1341
23 355
23 354
23 353
23 352
23 351
23 350
23 349
23 348
23 1326
23 447
23 432
23 537
23 1316
23 531
23 532
23 533
23 534
23 535
23 538
23 528
23 539
23 540
23 541
23 542
23 543
23 1315
23 1317
23 527
23 1312
23 518
23 512
23 513
23 514
23 515
23 516
23 517
23 1318
23 526
23 520
23 521
23 522
23 523
23 524
23 525
23 545
23 547
23 510
23 573
23 1310
23 568
23 569
23 570
23 571
23 572
23 574
23 565
23 575
23 576
23 577
23 578
23 579
23 580
23 566
23 564
23 548
23 555
23 549
23 550
23 551
23 552
23 553
23 1311
23 556
23 563
23 557
23 558
23 559
23 560
23 561
23 562
23 511
23 509
23 433
23 460
23 454
23 455
23 456
23 457
23 458
23 459
23 461
23 1323
23 462
23 463
23 465
23 466
23 467
23 468
23 1322
23 451
23 470
23 1325
23 435
23 436
23 437
23 438
23 439
23 440
23 443
23 450
23 1324
23 445
23 446
23 307
23 448
23 449
23 469
23 471
23 508
23 500
23 492
23 493
23 494
23 495
23 497
23 498
23 501
23 490
23 502
23 503
23 504
23 505
23 506
23 507
23 491
23 489
23 472
23 479
23 473
23 474
23 475
23 476
23 477
23 478
23 480
23 488
23 1321
23 482
23 483
23 484
23 485
23 487
23 308
23 294
23 306
23 113
23 97
23 98
23 99
23 100
23 101
23 102
23 103
23 104
23 105
23 106
23 107
23 108
23 109
23 110
23 111
23 96
23 1381
23 94
23 85
23 79
23 80
23 81
23 82
23 83
23 84
23 86
23 93
23 87
23 88
23 89
23 90
23 91
23 92
23 112
23 114
23 305
23 115
23 135
23 136
23 1373
23 138
23 139
23 140
23 1372
23 1371
23 143
23 144
23 145
23 146
23 147
23 148
23 149
23 134
23 133
23 1374
23 122
23 1378
23 117
23 118
23 119
23 1377
23 121
23 123
23 131
23 124
23 125
23 126
23 1376
23 128
23 1375
23 78
23 76
23 75
23 1382
23 20
23 21
23 22
23 23
23 24
23 25
23 26
23 27
23 1393
23 1392
23 30
23 31
23 34
23 35
23 1390
23 19
23 18
23 17
23 8
23 2
23 3
23 4
23 1398
23 6
23 7
23 9
23 16
23 10
23 1397
23 1396
23 1395
23 1394
23 15
23 37
23 38
23 39
23 65
23 59
23 60
23 61
23 62
23 63
23 1385
23 1384
23 57
23 67
23 68
23 69
23 70
23 71
23 1383
23 58
23 56
23 40
23 47
23 41
23 42
23 43
23 1389
23 45
23 46
23 48
23 55
23 49
23 50
23 1388
23 1387
23 1386
23 54
23 150
23 151
23 152
23 230
23 250
23 251
23 252
23 253
23 254
23 255
23 256
23 257
23 258
23 1355
23 260
23 261
23 263
23 264
23 265
23 249
23 248
23 247
23 238
23 232
23 233
23 234
23 235
23 236
23 1357
23 239
23 246
23 240
23 241
23 242
23 243
23 1356
23 245
23 266
23 267
23 268
23 1348
23 290
23 291
23 292
23 293
23 582
23 295
23 298
23 1350
23 299
23 300
23 301
23 302
23 303
23 304
23 288
23 286
23 269
23 276
23 1354
23 271
23 1353
23 273
23 274
23 275
23 278
23 285
23 279
23 280
23 281
23 282
23 283
23 1351
23 231
23 229
23 153
23 228
23 173
23 174
23 175
23 176
23 1366
23 178
23 179
23 180
23 181
23 182
23 183
23 1365
23 1364
23 186
23 1363
23 1367
23 171
23 170
23 160
23 154
23 155
23 156
23 157
23 158
23 159
23 161
23 169
23 162
23 1370
23 165
23 1368
23 167
23 168
23 188
23 189
23 190
23 219
23 212
23 213
23 214
23 215
23 217
23 218
23 1358
23 210
23 221
23 222
23 223
23 224
23 226
23 227
23 211
23 1359
23 191
23 199
23 192
23 193
23 194
23 195
23 196
23 197
23 200
23 208
23 201
23 1362
23 1361
23 1360
23 206
23 207
23 581
23 1306
23 583
23 970
23 992
23 993
23 994
23 995
23 996
23 997
23 998
23 1225
23 1000
23 1001
23 1002
23 1003
23 1224
23 1223
23 1006
23 991
23 990
23 989
23 979
23 973
23 974
23 975
23 976
23 1228
23 1227
23 980
23 988
23 1226
23 983
23 984
23 985
23 986
23 987
23 1007
23 1222
23 1009
23 1221
23 1029
23 1030
23 1031
23 1032
23 1033
23 1034
23 1036
23 1027
23 1037
23 1038
23 1039
23 1040
23 1041
23 1042
23 1028
23 1026
23 1010
23 1017
23 1011
23 1012
23 1013
23 1014
23 1015
23 1016
23 1018
23 1025
23 1019
23 1020
23 1021
23 1022
23 1023
23 1024
23 971
23 969
23 893
23 968
23 914
23 915
23 916
23 1235
23 918
23 1234
23 920
23 1233
23 922
23 923
23 924
23 1232
23 926
23 928
23 929
23 913
23 912
23 911
23 1240
23 1242
23 897
23 898
23 1241
23 900
23 901
23 1239
23 910
23 904
23 1238
23 1237
23 1236
23 908
23 909
23 930
23 931
23 932
23 960
23 954
23 1229
23 956
23 957
23 958
23 959
23 961
23 952
23 962
23 963
23 964
23 965
23 966
23 967
23 953
23 951
23 934
23 941
23 935
23 936
23 937
23 938
23 1231
23 940
23 942
23 950
23 943
23 944
23 945
23 1230
23 948
23 949
23 1043
23 1044
23 1045
23 1046
23 1139
23 1140
23 1142
23 1143
23 1205
23 1145
23 1146
23 1148
23 1149
23 1150
23 1204
23 1152
23 1153
23 1154
23 1155
23 1138
23 1137
23 1136
23 1127
23 1121
23 1122
23 1123
23 1124
23 1207
23 1126
23 1128
23 1135
23 1129
23 1130
23 1131
23 1132
23 1133
23 1134
23 1157
23 1203
23 1159
23 1187
23 1181
23 1182
23 1183
23 1198
23 1185
23 1186
23 1188
23 1179
23 1189
23 1190
23 1191
23 1192
23 1193
23 1194
23 1180
23 1178
23 1202
23 1200
23 1161
23 1201
23 1165
23 1166
23 1167
23 1168
23 1199
23 1177
23 1171
23 1172
23 1173
23 1174
23 1175
23 1176
23 1120
23 1119
23 1118
23 1071
23 1218
23 1217
23 1067
23 1068
23 1069
23 1070
23 1072
23 1063
23 1073
23 1074
23 1075
23 1076
23 1077
23 1078
23 1219
23 1062
23 1080
23 1053
23 1047
23 1048
23 1049
23 1050
23 1051
23 1052
23 1054
23 1061
23 1055
23 1056
23 1220
23 1058
23 1059
23 1060
23 1079
23 1081
23 1117
23 1108
23 1102
23 1214
23 1213
23 1105
23 1106
23 1107
23 1212
23 1100
23 1110
23 1211
23 1210
23 1113
23 1208
23 1116
23 1101
23 1099
23 1082
23 1090
23 1083
23 1084
23 1085
23 1086
23 1087
23 1088
23 1216
23 1098
23 1215
23 1093
23 1094
23 1095
23 1096
23 1097
23 895
23 1243
23 584
23 663
23 683
23 684
23 1293
23 686
23 687
23 1292
23 690
23 691
23 692
23 693
23 1288
23 695
23 696
23 1286
23 1285
23 682
23 681
23 680
23 1294
23 1295
23 666
23 667
23 668
23 669
23 670
23 672
23 679
23 673
23 674
23 675
23 676
23 677
23 678
23 1283
23 1399
23 1282
23 732
23 726
23 727
23 728
23 729
23 730
23 731
23 733
23 1270
23 734
23 735
23 736
23 737
23 738
23 739
23 725
23 723
23 702
23 1279
23 703
23 705
23 706
23 1281
23 710
23 1280
23 713
23 722
23 714
23 1278
23 1277
23 1276
23 1273
23 721
23 664
23 661
23 891
23 660
23 605
23 1304
23 607
23 1303
23 609
23 610
23 611
23 612
23 613
23 614
23 615
23 616
23 617
23 618
23 619
23 604
23 603
23 602
23 591
23 585
23 1309
23 587
23 588
23 1308
23 590
23 1307
23 601
23 593
23 594
23 595
23 596
23 597
23 600
23 620
23 621
23 622
23 652
23 646
23 647
23 648
23 649
23 1297
23 651
23 653
23 644
23 654
23 655
23 656
23 657
23 1296
23 659
23 645
23 643
23 623
23 633
23 626
23 628
23 629
23 630
23 631
23 1302
23 1301
23 642
23 636
23 1300
23 1299
23 639
23 1298
23 641
23 740
23 741
23 742
23 743
23 838
23 839
23 840
23 841
23 842
23 843
23 844
23 845
23 846
23 847
23 848
23 849
23 850
23 851
23 852
23 837
23 836
23 835
23 826
23 820
23 821
23 822
23 823
23 824
23 825
23 827
23 834
23 1251
23 829
23 830
23 831
23 832
23 833
23 853
23 854
23 855
23 882
23 875
23 876
23 878
23 1245
23 880
23 881
23 883
23 873
23 884
23 885
23 887
23 888
23 889
23 890
23 874
23 1247
23 856
23 863
23 857
23 858
23 1250
23 1249
23 1248
23 862
23 864
23 871
23 865
23 866
23 867
23 868
23 869
23 870
23 819
23 818
23 817
23 769
23 763
23 764
23 765
23 766
23 767
23 768
23 770
23 761
23 771
23 772
23 773
23 774
23 775
23 776
23 762
23 760
23 778
23 751
23 744
23 745
23 747
23 1269
23 1268
23 750
23 752
23 1266
23 1267
23 754
23 755
23 756
23 757
23 758
23 1265
23 1264
23 816
23 807
23 1257
23 802
23 1256
23 1255
23 805
23 806
23 808
23 1258
23 809
23 810
23 811
23 1254
23 1253
23 1252
23 800
23 1260
23 1263
23 787
23 1262
23 782
23 1261
23 784
23 785
23 786
23 788
23 797
23 789
23 790
23 791
23 793
23 795
23 796
23 1400
