25 277
25 214
25 215
25 216
25 213
25 772
25 121
25 987
25 511
25 212
25 134
25 97
25 989
25 426
25 990
25 1288
25 540
25 1367
25 37
25 945
25 409
25 988
25 578
25 1228
25 211
25 352
25 345
25 588
25 455
25 570
25 170
25 1202
25 11
25 592
25 798
25 1195
25 482
25 647
25 1222
25 310
25 487
25 1271
25 1306
25 306
25 138
25 973
25 1243
25 658
25 358
25 186
25 572
25 1329
25 986
25 241
25 569
25 124
25 231
25 1325
25 439
25 1364
25 969
25 187
25 172
25 335
25 868
25 18
25 985
25 38
25 63
25 395
25 1030
25 873
25 465
25 767
25 242
25 921
25 1074
25 920
25 775
25 661
25 326
25 525
25 697
25 681
25 657
25 371
25 630
25 7
25 1224
25 573
25 1151
25 188
25 472
25 903
25 305
25 288
25 1199
25 1081
25 869
25 1377
25 273
25 26
25 243
25 256
25 1302
25 227
25 327
25 430
25 130
25 1267
25 589
25 179
25 1272
25 278
25 376
25 984
25 774
25 891
25 291
25 1073
25 1310
25 539
25 386
25 1366
25 427
25 333
25 453
25 667
25 997
25 283
25 1374
25 434
25 535
25 251
25 663
25 881
25 1253
25 576
25 146
25 23
25 428
25 233
25 341
25 814
25 1200
25 391
25 201
25 1212
25 36
25 583
25 1343
25 373
25 221
25 1365
25 49
25 363
25 19
25 464
25 1180
25 265
25 666
25 1395
25 60
25 918
25 1321
25 927
25 160
25 1038
25 544
25 1021
25 131
25 410
25 99
25 561
25 574
25 872
25 299
25 118
25 1163
25 1317
25 1295
25 105
25 1209
25 521
25 304
25 429
25 8
25 979
25 323
25 1261
25 494
25 222
25 1183
25 14
25 949
25 1356
25 1046
25 651
25 309
25 1196
25 148
25 571
25 610
25 1393
25 248
25 422
25 1039
25 1277
25 1227
25 802
25 915
25 933
25 1006
25 1216
25 209
25 31
25 633
25 1233
25 316
25 442
25 626
25 1320
25 41
25 922
25 1075
25 93
25 1168
25 1062
25 1237
25 1269
25 971
25 496
25 126
25 680
25 625
25 662
25 159
25 500
25 300
25 48
25 491
25 268
25 308
25 319
25 87
25 89
25 176
25 329
25 58
25 167
25 956
25 334
25 202
25 824
25 340
25 993
25 998
25 175
25 843
25 161
25 1167
25 88
25 25
25 1023
25 684
25 74
25 1112
25 34
25 1259
25 206
25 84
25 388
25 436
25 587
25 199
25 966
25 1181
25 981
25 301
25 466
25 226
25 880
25 54
25 719
25 39
25 677
25 228
25 171
25 421
25 362
25 503
25 1144
25 1301
25 1210
25 3
25 1280
25 1187
25 939
25 469
25 1242
25 1266
25 980
25 820
25 1246
25 779
25 1182
25 458
25 541
25 192
25 1260
25 830
25 1072
25 799
25 1108
25 944
25 793
25 110
25 80
25 972
25 443
25 182
25 1270
25 1248
25 938
25 147
25 1204
25 504
25 878
25 193
25 1386
25 224
25 608
25 902
25 1007
25 1299
25 287
25 1143
25 433
25 1146
25 1165
25 901
25 970
25 557
25 1262
25 809
25 740
25 1336
25 522
25 1162
25 899
25 675
25 644
25 1110
25 123
25 197
25 1313
25 1239
25 357
25 360
25 791
25 1093
25 1397
25 1328
25 1264
25 1105
25 841
25 683
25 501
25 196
25 1308
25 959
25 556
25 994
25 467
25 364
25 726
25 13
25 459
25 497
25 954
25 237
25 1352
25 200
25 52
25 282
25 1229
25 747
25 370
25 240
25 529
25 1083
25 64
25 1084
25 518
25 346
25 337
25 85
25 1289
25 510
25 342
25 597
25 730
25 1339
25 295
25 759
25 367
25 451
25 280
25 294
25 1017
25 845
25 392
25 974
25 128
25 449
25 889
25 714
25 1157
25 1207
25 393
25 432
25 1117
25 149
25 941
25 1278
25 404
25 261
25 567
25 307
25 284
25 174
25 580
25 57
25 807
25 1255
25 1231
25 757
25 219
25 568
25 10
25 225
25 4
25 900
25 366
25 888
25 1326
25 961
25 168
25 55
25 365
25 564
25 699
25 1245
25 1213
25 406
25 40
25 611
25 272
25 526
25 189
25 1257
25 919
25 412
25 100
25 1384
25 1082
25 710
25 1061
25 253
25 950
25 1275
25 585
25 127
25 1077
25 691
25 379
25 33
25 1068
25 1294
25 417
25 803
25 1179
25 440
25 289
25 1041
25 639
25 1311
25 1373
25 898
25 629
25 606
25 866
25 682
25 415
25 1
25 958
25 624
25 1051
25 1096
25 829
25 1337
25 708
25 738
25 315
25 537
25 246
25 498
25 53
25 924
25 992
25 1211
25 1010
25 613
25 235
25 519
25 1080
25 332
25 609
25 836
25 599
25 122
25 1225
25 178
25 695
25 550
25 296
25 245
25 965
25 398
25 394
25 627
25 44
25 1354
25 328
25 527
25 82
25 1284
25 1206
25 1258
25 217
25 490
25 660
25 385
25 560
25 892
25 1197
25 389
25 1015
25 828
25 538
25 1240
25 1188
25 114
25 1018
25 534
25 917
25 173
25 45
25 468
25 1106
25 507
25 210
25 400
25 694
25 554
25 669
25 1116
25 593
25 298
25 773
25 607
25 1391
25 180
25 696
25 706
25 236
25 512
25 1314
25 688
25 1050
25 318
25 1361
25 274
25 1244
25 753
25 665
25 1114
25 642
25 313
25 1160
25 1184
25 838
25 499
25 259
25 792
25 1369
25 1346
25 133
25 257
25 375
25 1232
25 709
25 372
25 1139
25 98
25 964
25 762
25 751
25 991
25 383
25 1099
25 1247
25 1273
25 2
25 418
25 1359
25 1249
25 1034
25 761
25 1147
25 678
25 1142
25 637
25 369
25 1353
25 355
25 577
25 1279
25 382
25 266
25 685
25 967
25 827
25 1119
25 579
25 51
25 635
25 407
25 28
25 863
25 602
25 270
25 1256
25 1236
25 29
25 771
25 17
25 377
25 244
25 106
25 1122
25 1136
25 653
25 823
25 27
25 886
25 1145
25 78
25 1161
25 810
25 614
25 628
25 1198
25 530
25 1189
25 861
25 652
25 514
25 177
25 344
25 324
25 590
25 640
25 1394
25 955
25 191
25 513
25 649
25 258
25 604
25 825
25 896
25 387
25 1194
25 659
25 183
25 1283
25 1396
25 1390
25 142
25 65
25 232
25 117
25 476
25 894
25 420
25 456
25 549
25 269
25 109
25 1192
25 135
25 218
25 156
25 1282
25 397
25 595
25 1323
25 975
25 1324
25 674
25 157
25 952
25 452
25 1316
25 95
25 1104
25 59
25 546
25 86
25 279
25 1009
25 330
25 946
25 1153
25 1309
25 1234
25 1121
25 860
25 562
25 1400
25 911
25 474
25 317
25 30
25 1203
25 947
25 1300
25 356
25 416
25 1238
25 612
25 743
25 108
25 725
25 1287
25 1052
25 1130
25 1107
25 450
25 445
25 1274
25 297
25 1191
25 1148
25 1154
25 495
25 136
25 1220
25 1362
25 531
25 1208
25 601
25 808
25 806
25 1319
25 322
25 811
25 1159
25 656
25 103
25 545
25 22
25 548
25 116
25 1193
25 770
25 1092
25 485
25 794
25 533
25 1186
25 1235
25 755
25 797
25 1371
25 446
25 690
25 605
25 390
25 1078
25 1297
25 94
25 1221
25 483
25 785
25 923
25 1281
25 575
25 566
25 481
25 912
25 61
25 600
25 1134
25 818
25 839
25 1223
25 1375
25 795
25 83
25 1254
25 81
25 963
25 563
25 895
25 876
25 166
25 195
25 401
25 536
25 1125
25 870
25 760
25 351
25 35
25 21
25 1304
25 448
25 1372
25 50
25 1190
25 729
25 1003
25 190
25 1076
25 705
25 1014
25 632
25 552
25 208
25 312
25 844
25 1025
25 1205
25 203
25 292
25 804
25 673
25 262
25 1290
25 906
25 205
25 1315
25 1088
25 523
25 1330
25 916
25 1127
25 112
25 720
25 435
25 1149
25 47
25 1141
25 378
25 276
25 784
25 311
25 977
25 687
25 591
25 942
25 805
25 9
25 672
25 1381
25 636
25 701
25 91
25 1230
25 151
25 73
25 914
25 1351
25 102
25 423
25 1086
25 144
25 1370
25 1124
25 475
25 1296
25 115
25 790
25 801
25 470
25 1368
25 655
25 1349
25 983
25 1158
25 70
25 565
25 1085
25 381
25 349
25 125
25 750
25 460
25 303
25 623
25 129
25 739
25 461
25 101
25 668
25 325
25 119
25 444
25 1318
25 1380
25 940
25 1307
25 700
25 789
25 347
25 361
25 646
25 120
25 817
25 1040
25 96
25 145
25 996
25 6
25 547
25 413
25 928
25 1250
25 457
25 16
25 528
25 1379
25 380
25 748
25 402
25 69
25 960
25 749
25 169
25 508
25 634
25 800
25 489
25 132
25 348
25 1332
25 477
25 754
25 943
25 198
25 1334
25 1241
25 150
25 247
25 1128
25 702
25 184
25 1268
25 204
25 1265
25 207
25 1385
25 1002
25 1303
25 165
25 1341
25 267
25 314
25 56
25 1251
25 1383
25 693
25 152
25 488
25 1252
25 857
25 1156
25 692
25 689
25 155
25 1024
25 781
25 686
25 1263
25 72
25 230
25 856
25 1382
25 907
25 1064
25 1322
25 229
25 252
25 24
25 486
25 603
25 1164
25 484
25 62
25 234
25 1166
25 704
25 185
25 1201
25 1137
25 1133
25 1095
25 1094
25 1398
25 1091
25 1090
25 1135
25 249
25 1389
25 1087
25 1089
25 1138
25 1132
25 1378
25 254
25 255
25 1392
25 20
25 5
25 250
25 1120
25 1097
25 1123
25 1118
25 223
25 1115
25 1113
25 1387
25 220
25 1126
25 1376
25 12
25 1109
25 1388
25 1103
25 1129
25 1102
25 1101
25 238
25 239
25 15
25 1131
25 1100
25 1098
25 1111
25 104
25 1140
25 1219
25 139
25 140
25 71
25 141
25 68
25 143
25 67
25 1218
25 75
25 1217
25 1215
25 66
25 153
25 154
25 1327
25 1214
25 137
25 76
25 1363
25 1276
25 107
25 1285
25 1291
25 1292
25 1293
25 111
25 113
25 92
25 1226
25 90
25 1298
25 1305
25 1079
25 1312
25 79
25 77
25 1331
25 158
25 1333
25 1355
25 1347
25 1170
25 1169
25 1348
25 43
25 42
25 1350
25 1155
25 162
25 1357
25 194
25 1358
25 1360
25 32
25 1152
25 1150
25 46
25 181
25 1171
25 1286
25 163
25 164
25 1335
25 1338
25 1340
25 1342
25 1344
25 1185
25 1178
25 1177
25 1176
25 1175
25 1174
25 1173
25 1345
25 1172
25 670
25 260
25 768
25 506
25 509
25 816
25 815
25 813
25 812
25 515
25 516
25 517
25 520
25 524
25 796
25 532
25 788
25 787
25 786
25 542
25 543
25 783
25 782
25 551
25 553
25 555
25 780
25 778
25 558
25 559
25 777
25 776
25 505
25 819
25 821
25 478
25 854
25 853
25 462
25 463
25 852
25 851
25 850
25 849
25 848
25 847
25 471
25 846
25 473
25 479
25 502
25 480
25 842
25 840
25 837
25 492
25 493
25 835
25 834
25 833
25 832
25 831
25 826
25 822
25 769
25 766
25 263
25 765
25 619
25 620
25 621
25 622
25 722
25 721
25 718
25 717
25 716
25 715
25 631
25 713
25 712
25 711
25 638
25 707
25 641
25 643
25 703
25 645
25 648
25 650
25 1399
25 698
25 654
25 679
25 676
25 664
25 671
25 618
25 617
25 616
25 741
25 764
25 763
25 758
25 756
25 752
25 581
25 582
25 584
25 746
25 586
25 745
25 744
25 742
25 594
25 615
25 737
25 596
25 736
25 598
25 735
25 734
25 733
25 732
25 731
25 728
25 727
25 724
25 723
25 855
25 454
25 858
25 859
25 1036
25 1035
25 1033
25 1032
25 1031
25 1029
25 1028
25 1027
25 1026
25 320
25 321
25 1022
25 1020
25 1019
25 1016
25 1013
25 1012
25 331
25 1011
25 1008
25 1005
25 336
25 338
25 339
25 1001
25 1000
25 343
25 999
25 995
25 1037
25 302
25 1042
25 281
25 264
25 1071
25 1070
25 1069
25 1067
25 271
25 1066
25 1065
25 275
25 1063
25 1060
25 1059
25 1058
25 1057
25 1043
25 1056
25 1055
25 285
25 286
25 1054
25 1053
25 290
25 1049
25 293
25 1048
25 1047
25 1045
25 1044
25 350
25 353
25 354
25 882
25 411
25 904
25 414
25 897
25 893
25 419
25 890
25 887
25 885
25 424
25 425
25 884
25 883
25 879
25 408
25 877
25 431
25 875
25 874
25 871
25 437
25 438
25 867
25 441
25 865
25 864
25 447
25 862
25 905
25 908
25 982
25 935
25 978
25 359
25 976
25 968
25 962
25 957
25 953
25 368
25 951
25 948
25 374
25 937
25 936
25 934
25 405
25 932
25 384
25 931
25 930
25 929
25 926
25 925
25 913
25 396
25 399
25 910
25 403
25 909
25 1004
