34 1153
34 516
34 431
34 1062
34 795
34 1074
34 1341
34 594
34 280
34 252
34 610
34 799
34 672
34 1243
34 809
34 1350
34 714
34 904
34 1155
34 141
34 1142
34 598
34 372
34 188
34 179
34 520
34 430
34 876
34 175
34 1075
34 1353
34 907
34 800
34 971
34 182
34 1092
34 1154
34 808
34 1305
34 1229
34 312
34 602
34 233
34 198
34 604
34 45
34 553
34 230
34 1211
34 434
34 184
34 608
34 993
34 535
34 755
34 140
34 311
34 40
34 185
34 923
34 26
34 695
34 171
34 634
34 1001
34 618
34 293
34 1286
34 314
34 856
34 925
34 1349
34 9
34 1066
34 782
34 1093
34 256
34 1163
34 529
34 484
34 924
34 466
34 772
34 665
34 84
34 710
34 1106
34 1336
34 124
34 1287
34 783
34 8
34 37
34 239
34 609
34 927
34 1
34 68
34 1192
34 631
34 429
34 196
34 997
34 514
34 933
34 719
34 421
34 1204
34 645
34 154
34 1274
34 999
34 49
34 38
34 1395
34 7
34 1319
34 1354
34 681
34 625
34 109
34 197
34 693
34 1188
34 656
34 1212
34 1231
34 377
34 1039
34 673
34 544
34 204
34 803
34 1313
34 612
34 295
34 696
34 1158
34 174
34 65
34 790
34 575
34 1292
34 1004
34 812
34 1303
34 324
34 662
34 266
34 1367
34 494
34 874
34 1008
34 1288
34 1338
34 229
34 969
34 704
34 600
34 1239
34 1002
34 572
34 1342
34 791
34 828
34 603
34 709
34 1317
34 958
34 416
34 568
34 272
34 60
34 1351
34 1095
34 1143
34 99
34 1151
34 1157
34 1197
34 1213
34 79
34 905
34 569
34 970
34 1224
34 689
34 628
34 78
34 1364
34 1227
34 442
34 567
34 125
34 655
34 1109
34 1169
34 80
34 486
34 207
34 1173
34 1094
34 370
34 763
34 315
34 215
34 123
34 183
34 1104
34 875
34 1177
34 1318
34 887
34 1170
34 1337
34 959
34 780
34 244
34 443
34 986
34 1339
34 186
34 1380
34 1144
34 692
34 581
34 712
34 1289
34 221
34 974
34 327
34 638
34 1281
34 1100
34 1290
34 364
34 245
34 713
34 1082
34 189
34 261
34 1323
34 1247
34 243
34 953
34 565
34 1352
34 821
34 1306
34 542
34 105
34 102
34 76
34 74
34 623
34 1033
34 1316
34 711
34 792
34 14
34 658
34 1360
34 1218
34 892
34 595
34 994
34 928
34 838
34 797
34 688
34 294
34 991
34 1381
34 826
34 857
34 975
34 819
34 1172
34 342
34 1325
34 781
34 776
34 1156
34 491
34 44
34 811
34 176
34 1379
34 1246
34 165
34 513
34 992
34 841
34 1120
34 35
34 129
34 326
34 1249
34 946
34 57
34 1230
34 527
34 549
34 126
34 120
34 169
34 260
34 373
34 859
34 1159
34 843
34 1146
34 972
34 721
34 193
34 766
34 511
34 749
34 133
34 1215
34 288
34 1371
34 463
34 94
34 571
34 1297
34 678
34 1164
34 1268
34 87
34 227
34 1311
34 1076
34 139
34 209
34 1098
34 671
34 538
34 1191
34 1378
34 1162
34 212
34 823
34 697
34 636
34 110
34 1091
34 1400
34 339
34 1269
34 1216
34 334
34 1165
34 629
34 650
34 1370
34 390
34 1064
34 23
34 1372
34 173
34 519
34 332
34 362
34 287
34 42
34 19
34 566
34 1097
34 222
34 1225
34 794
34 1309
34 131
34 258
34 213
34 1205
34 996
34 201
34 393
34 550
34 205
34 679
34 331
34 73
34 855
34 912
34 337
34 815
34 552
34 50
34 893
34 976
34 82
34 1130
34 503
34 128
34 1083
34 747
34 1362
34 1242
34 444
34 316
34 968
34 2
34 43
34 627
34 889
34 232
34 497
34 208
34 646
34 796
34 374
34 445
34 96
34 51
34 1296
34 1279
34 1326
34 353
34 677
34 966
34 286
34 462
34 807
34 870
34 540
34 1220
34 517
34 643
34 170
34 168
34 95
34 932
34 858
34 573
34 234
34 773
34 973
34 897
34 518
34 1221
34 1063
34 1030
34 299
34 267
34 850
34 371
34 25
34 56
34 319
34 1320
34 899
34 29
34 1223
34 1232
34 1116
34 317
34 1131
34 762
34 306
34 1139
34 81
34 801
34 1270
34 1171
34 490
34 878
34 1194
34 470
34 1209
34 496
34 251
34 380
34 265
34 1019
34 1096
34 345
34 21
34 4
34 436
34 219
34 1111
34 177
34 1253
34 187
34 228
34 1377
34 1009
34 746
34 465
34 469
34 34
34 751
34 664
34 1081
34 505
34 640
34 1277
34 242
34 863
34 685
34 715
34 806
34 274
34 700
34 741
34 943
34 522
34 1272
34 495
34 297
34 254
34 1145
34 1161
34 284
34 1355
34 1387
34 1271
34 1069
34 291
34 344
34 1361
34 784
34 1265
34 1078
34 1324
34 1310
34 1199
34 427
34 593
34 701
34 104
34 909
34 216
34 590
34 340
34 848
34 89
34 275
34 818
34 798
34 559
34 156
34 865
34 952
34 90
34 1386
34 1166
34 53
34 437
34 448
34 330
34 202
34 534
34 983
34 406
34 1257
34 474
34 960
34 30
34 926
34 214
34 1099
34 433
34 597
34 303
34 743
34 1190
34 375
34 282
34 304
34 210
34 836
34 262
34 847
34 737
34 686
34 1068
34 633
34 355
34 1263
34 132
34 954
34 649
34 822
34 816
34 896
34 1065
34 1307
34 450
34 849
34 941
34 1126
34 347
34 769
34 11
34 846
34 449
34 554
34 246
34 694
34 365
34 145
34 116
34 1331
34 657
34 667
34 1393
34 217
34 135
34 666
34 615
34 1222
34 690
34 1335
34 328
34 85
34 1396
34 142
34 543
34 1167
34 1196
34 547
34 939
34 1031
34 296
34 55
34 195
34 464
34 397
34 675
34 481
34 318
34 917
34 61
34 1237
34 930
34 454
34 1132
34 249
34 1147
34 830
34 651
34 36
34 1383
34 804
34 117
34 269
34 528
34 699
34 546
34 33
34 1252
34 548
34 1114
34 1110
34 403
34 69
34 381
34 39
34 606
34 447
34 613
34 536
34 844
34 635
34 759
34 506
34 902
34 1077
34 308
34 956
34 653
34 190
34 998
34 489
34 72
34 620
34 1333
34 894
34 987
34 52
34 754
34 730
34 1259
34 765
34 1343
34 1217
34 1241
34 825
34 1056
34 1013
34 346
34 1018
34 531
34 1273
34 1128
34 845
34 290
34 580
34 58
34 435
34 338
34 867
34 432
34 259
34 961
34 1282
34 1346
34 1295
34 839
34 942
34 1115
34 220
34 919
34 1057
34 1207
34 417
34 147
34 1366
34 423
34 1251
34 760
34 211
34 114
34 964
34 562
34 1119
34 152
34 574
34 739
34 166
34 661
34 757
34 729
34 1264
34 1107
34 576
34 276
34 349
34 1373
34 614
34 66
34 601
34 1184
34 395
34 764
34 59
34 225
34 827
34 240
34 1051
34 788
34 707
34 560
34 1322
34 456
34 1203
34 453
34 541
34 363
34 270
34 24
34 151
34 1072
34 1047
34 683
34 1235
34 172
34 493
34 624
34 753
34 1300
34 660
34 100
34 441
34 1375
34 1321
34 962
34 588
34 401
34 199
34 83
34 1040
34 1201
34 163
34 329
34 389
34 369
34 368
34 391
34 392
34 3
34 367
34 1397
34 1275
34 10
34 366
34 394
34 313
34 386
34 387
34 1398
34 1262
34 6
34 376
34 1261
34 41
34 378
34 388
34 379
34 5
34 1388
34 383
34 384
34 385
34 382
34 32
34 1389
34 320
34 352
34 351
34 350
34 348
34 1392
34 18
34 343
34 1266
34 341
34 1267
34 20
34 22
34 27
34 28
34 336
34 335
34 333
34 46
34 325
34 17
34 13
34 12
34 321
34 31
34 360
34 322
34 359
34 358
34 1394
34 354
34 357
34 1390
34 356
34 15
34 1391
34 323
34 16
34 361
34 1358
34 310
34 1334
34 1330
34 181
34 180
34 178
34 103
34 1332
34 1365
34 1328
34 106
34 1340
34 107
34 167
34 108
34 164
34 1329
34 1327
34 206
34 194
34 203
34 91
34 200
34 1314
34 1315
34 92
34 93
34 101
34 1369
34 192
34 97
34 191
34 98
34 1368
34 162
34 1363
34 161
34 118
34 1347
34 138
34 137
34 136
34 134
34 1348
34 119
34 160
34 130
34 121
34 122
34 127
34 1356
34 1357
34 115
34 1345
34 143
34 144
34 146
34 148
34 149
34 150
34 113
34 153
34 1344
34 155
34 157
34 158
34 112
34 111
34 159
34 1312
34 1308
34 309
34 277
34 283
34 281
34 1280
34 64
34 279
34 278
34 273
34 285
34 271
34 268
34 1283
34 264
34 1359
34 263
34 63
34 62
34 88
34 300
34 47
34 307
34 48
34 305
34 302
34 301
34 54
34 289
34 298
34 1385
34 1276
34 1278
34 292
34 1384
34 1284
34 1285
34 67
34 1374
34 235
34 1376
34 1299
34 77
34 231
34 1301
34 1302
34 257
34 226
34 224
34 223
34 1304
34 218
34 86
34 236
34 237
34 238
34 1298
34 241
34 75
34 1294
34 71
34 247
34 248
34 250
34 70
34 1293
34 253
34 1382
34 255
34 1291
34 396
34 1052
34 398
34 871
34 868
34 866
34 864
34 862
34 861
34 860
34 1103
34 1105
34 854
34 853
34 852
34 851
34 1108
34 842
34 840
34 837
34 835
34 834
34 833
34 832
34 831
34 869
34 872
34 1112
34 873
34 1089
34 1090
34 903
34 901
34 900
34 898
34 895
34 891
34 890
34 888
34 886
34 885
34 884
34 883
34 882
34 881
34 880
34 879
34 877
34 1101
34 1102
34 829
34 1113
34 736
34 778
34 1134
34 775
34 774
34 1135
34 771
34 770
34 768
34 767
34 1136
34 1137
34 761
34 758
34 756
34 1138
34 752
34 750
34 748
34 745
34 744
34 742
34 740
34 777
34 779
34 824
34 1133
34 820
34 817
34 814
34 813
34 1117
34 1118
34 810
34 1121
34 805
34 1122
34 802
34 1123
34 1124
34 1125
34 793
34 1127
34 1129
34 789
34 787
34 786
34 785
34 906
34 1088
34 908
34 1023
34 1021
34 1020
34 1017
34 1016
34 1015
34 1014
34 1012
34 1011
34 1010
34 1055
34 1007
34 1006
34 1005
34 1003
34 1058
34 1000
34 1059
34 1060
34 995
34 1061
34 990
34 1022
34 1024
34 910
34 1025
34 1050
34 1049
34 1048
34 1046
34 1045
34 1044
34 1043
34 1042
34 1041
34 1053
34 1038
34 1037
34 1036
34 1035
34 1034
34 1054
34 1032
34 1029
34 1028
34 1027
34 1026
34 989
34 988
34 1067
34 985
34 940
34 938
34 937
34 936
34 935
34 934
34 931
34 929
34 1084
34 1085
34 1086
34 1087
34 922
34 921
34 920
34 918
34 916
34 915
34 914
34 913
34 911
34 944
34 945
34 1080
34 1073
34 984
34 982
34 981
34 980
34 979
34 978
34 977
34 1070
34 1071
34 967
34 947
34 965
34 963
34 957
34 955
34 1079
34 951
34 950
34 949
34 948
34 738
34 735
34 399
34 1238
34 1240
34 512
34 510
34 509
34 508
34 507
34 504
34 502
34 501
34 500
34 499
34 498
34 1244
34 492
34 1245
34 488
34 487
34 1248
34 485
34 1250
34 483
34 515
34 521
34 480
34 523
34 564
34 563
34 561
34 558
34 557
34 556
34 555
34 551
34 1226
34 545
34 1228
34 539
34 1233
34 537
34 1234
34 533
34 532
34 530
34 1236
34 525
34 524
34 482
34 479
34 734
34 1258
34 426
34 425
34 424
34 422
34 420
34 419
34 418
34 1260
34 415
34 414
34 413
34 412
34 411
34 410
34 409
34 408
34 407
34 405
34 404
34 402
34 400
34 428
34 1256
34 478
34 1255
34 477
34 476
34 475
34 473
34 472
34 471
34 468
34 467
34 461
34 460
34 459
34 458
34 457
34 455
34 452
34 451
34 446
34 1254
34 440
34 439
34 438
34 570
34 1219
34 577
34 1160
34 702
34 1399
34 698
34 1168
34 691
34 1174
34 687
34 684
34 682
34 1175
34 680
34 1176
34 676
34 674
34 1178
34 1179
34 1180
34 670
34 669
34 668
34 1181
34 703
34 705
34 578
34 706
34 733
34 732
34 731
34 728
34 727
34 726
34 725
34 724
34 723
34 722
34 1140
34 720
34 1141
34 718
34 717
34 716
34 1148
34 1149
34 1150
34 1152
34 708
34 663
34 1182
34 659
34 1183
34 611
34 1200
34 1202
34 607
34 605
34 1206
34 599
34 1208
34 596
34 1210
34 592
34 591
34 589
34 587
34 586
34 585
34 584
34 583
34 582
34 1214
34 579
34 616
34 617
34 1198
34 639
34 1185
34 654
34 652
34 648
34 647
34 1186
34 644
34 642
34 641
34 1187
34 619
34 637
34 1189
34 632
34 1193
34 630
34 626
34 1195
34 622
34 621
34 526
