35 1208
35 1314
35 654
35 1244
35 1327
35 1276
35 65
35 724
35 1389
35 1203
35 925
35 875
35 1084
35 75
35 296
35 488
35 1156
35 319
35 1189
35 720
35 151
35 583
35 998
35 207
35 410
35 209
35 1160
35 169
35 1234
35 132
35 297
35 541
35 171
35 159
35 411
35 1061
35 190
35 64
35 663
35 1184
35 1315
35 439
35 745
35 913
35 405
35 1322
35 1321
35 262
35 515
35 335
35 156
35 1268
35 1103
35 556
35 1303
35 39
35 236
35 256
35 186
35 310
35 166
35 428
35 402
35 557
35 1372
35 1269
35 1181
35 792
35 119
35 844
35 72
35 798
35 739
35 403
35 482
35 495
35 472
35 1288
35 185
35 113
35 517
35 609
35 291
35 1312
35 334
35 178
35 1220
35 142
35 1063
35 42
35 899
35 2
35 68
35 568
35 73
35 903
35 1329
35 1199
35 665
35 865
35 895
35 595
35 983
35 1380
35 415
35 331
35 170
35 1173
35 722
35 1109
35 1198
35 136
35 958
35 71
35 721
35 235
35 1157
35 101
35 263
35 108
35 114
35 308
35 575
35 1374
35 1144
35 46
35 612
35 1185
35 1245
35 1206
35 727
35 1107
35 247
35 1114
35 208
35 741
35 1364
35 1363
35 1319
35 204
35 1390
35 467
35 807
35 84
35 1317
35 223
35 353
35 586
35 1170
35 281
35 103
35 279
35 504
35 147
35 398
35 414
35 233
35 253
35 385
35 1313
35 1379
35 221
35 175
35 1180
35 161
35 607
35 341
35 332
35 1252
35 330
35 1278
35 264
35 1274
35 1151
35 1111
35 345
35 1391
35 926
35 630
35 266
35 1083
35 301
35 177
35 572
35 656
35 125
35 1179
35 623
35 594
35 1088
35 506
35 1267
35 357
35 508
35 1077
35 181
35 1356
35 1266
35 800
35 1035
35 1238
35 123
35 569
35 684
35 1026
35 906
35 1021
35 523
35 192
35 640
35 1381
35 735
35 1367
35 1082
35 329
35 131
35 805
35 252
35 1225
35 486
35 839
35 1007
35 935
35 1393
35 650
35 1248
35 728
35 328
35 1057
35 1072
35 677
35 1399
35 1125
35 736
35 828
35 388
35 1383
35 1227
35 527
35 549
35 373
35 470
35 1006
35 804
35 1047
35 1133
35 201
35 806
35 93
35 265
35 461
35 228
35 176
35 529
35 1226
35 552
35 206
35 810
35 1079
35 273
35 503
35 25
35 822
35 896
35 469
35 1287
35 1318
35 730
35 962
35 1056
35 577
35 1058
35 700
35 317
35 817
35 270
35 248
35 695
35 928
35 803
35 674
35 1078
35 422
35 384
35 897
35 315
35 1396
35 1186
35 706
35 417
35 1183
35 1228
35 105
35 933
35 939
35 216
35 15
35 1041
35 917
35 425
35 1300
35 1301
35 811
35 608
35 1110
35 947
35 360
35 496
35 35
35 1316
35 344
35 743
35 725
35 793
35 1257
35 1044
35 1298
35 110
35 368
35 367
35 1134
35 489
35 245
35 1153
35 519
35 649
35 829
35 949
35 1284
35 754
35 890
35 1015
35 1334
35 1117
35 309
35 421
35 1273
35 1200
35 419
35 1197
35 45
35 290
35 112
35 1202
35 777
35 1258
35 462
35 1010
35 697
35 1128
35 784
35 370
35 852
35 538
35 1295
35 1265
35 694
35 891
35 1089
35 555
35 311
35 128
35 195
35 814
35 974
35 1230
35 454
35 144
35 733
35 644
35 1247
35 115
35 1182
35 197
35 740
35 579
35 406
35 693
35 1136
35 756
35 1154
35 188
35 1279
35 276
35 857
35 1169
35 993
35 304
35 781
35 692
35 97
35 902
35 1051
35 779
35 732
35 794
35 179
35 1212
35 1352
35 707
35 1122
35 1127
35 518
35 78
35 825
35 1307
35 456
35 1330
35 1229
35 96
35 889
35 205
35 874
35 149
35 1246
35 782
35 1242
35 427
35 1235
35 1310
35 85
35 187
35 660
35 99
35 100
35 1097
35 1119
35 1375
35 625
35 364
35 827
35 193
35 94
35 1239
35 401
35 212
35 89
35 83
35 976
35 1147
35 196
35 434
35 41
35 435
35 479
35 478
35 477
35 476
35 475
35 154
35 153
35 474
35 436
35 473
35 437
35 43
35 471
35 44
35 438
35 480
35 481
35 468
35 184
35 429
35 36
35 180
35 37
35 487
35 38
35 485
35 430
35 431
35 484
35 432
35 433
35 483
35 155
35 182
35 183
35 40
35 58
35 47
35 455
35 446
35 447
35 459
35 191
35 448
35 449
35 450
35 458
35 54
35 55
35 457
35 451
35 452
35 56
35 194
35 453
35 57
35 150
35 53
35 460
35 466
35 148
35 465
35 464
35 440
35 441
35 463
35 442
35 48
35 443
35 49
35 189
35 50
35 152
35 51
35 444
35 198
35 490
35 445
35 52
35 260
35 491
35 546
35 553
35 12
35 551
35 550
35 13
35 14
35 172
35 173
35 548
35 547
35 545
35 165
35 544
35 543
35 542
35 16
35 540
35 539
35 537
35 17
35 536
35 535
35 554
35 11
35 492
35 7
35 573
35 3
35 168
35 167
35 571
35 570
35 4
35 5
35 6
35 567
35 566
35 10
35 565
35 564
35 563
35 562
35 561
35 560
35 8
35 9
35 559
35 558
35 534
35 533
35 532
35 33
35 511
35 510
35 509
35 29
35 507
35 30
35 31
35 162
35 505
35 32
35 502
35 18
35 501
35 500
35 499
35 160
35 497
35 158
35 34
35 157
35 494
35 493
35 28
35 512
35 27
35 513
35 531
35 530
35 19
35 528
35 20
35 526
35 525
35 524
35 21
35 22
35 522
35 521
35 520
35 174
35 164
35 23
35 516
35 163
35 24
35 26
35 514
35 498
35 420
35 426
35 327
35 326
35 325
35 324
35 323
35 322
35 321
35 320
35 98
35 239
35 318
35 240
35 316
35 241
35 242
35 314
35 313
35 312
35 243
35 244
35 246
35 307
35 238
35 237
35 305
35 124
35 230
35 231
35 343
35 342
35 86
35 87
35 88
35 232
35 340
35 339
35 338
35 127
35 90
35 337
35 336
35 234
35 126
35 91
35 333
35 92
35 95
35 306
35 249
35 346
35 118
35 280
35 106
35 278
35 277
35 255
35 275
35 274
35 107
35 109
35 272
35 271
35 574
35 269
35 268
35 267
35 117
35 111
35 257
35 258
35 259
35 116
35 254
35 282
35 250
35 283
35 303
35 251
35 302
35 102
35 300
35 299
35 298
35 104
35 295
35 122
35 294
35 293
35 292
35 121
35 120
35 289
35 288
35 287
35 286
35 285
35 284
35 229
35 347
35 199
35 210
35 137
35 66
35 67
35 408
35 407
35 135
35 213
35 69
35 214
35 404
35 70
35 134
35 74
35 400
35 399
35 133
35 76
35 397
35 396
35 77
35 215
35 211
35 409
35 394
35 138
35 146
35 424
35 145
35 423
35 200
35 202
35 203
35 143
35 261
35 141
35 418
35 416
35 59
35 60
35 140
35 139
35 413
35 412
35 61
35 62
35 63
35 395
35 393
35 348
35 371
35 369
35 224
35 225
35 366
35 365
35 226
35 363
35 362
35 361
35 227
35 359
35 358
35 82
35 356
35 355
35 354
35 129
35 352
35 351
35 350
35 349
35 130
35 222
35 392
35 372
35 391
35 390
35 389
35 387
35 79
35 386
35 217
35 218
35 383
35 80
35 382
35 381
35 380
35 379
35 378
35 377
35 219
35 220
35 375
35 374
35 81
35 376
35 1400
35 576
35 1096
35 1090
35 1091
35 1092
35 1093
35 1094
35 1095
35 1098
35 1086
35 1099
35 1100
35 1101
35 1102
35 1104
35 1105
35 1087
35 1085
35 1108
35 1069
35 1062
35 1064
35 1065
35 1066
35 1067
35 1068
35 1070
35 1081
35 1071
35 1073
35 1074
35 1075
35 1076
35 1080
35 1106
35 1112
35 1059
35 1150
35 1142
35 1143
35 1145
35 1146
35 1148
35 1149
35 1152
35 1140
35 1155
35 1158
35 1159
35 1161
35 1162
35 1163
35 1141
35 1139
35 1113
35 1124
35 1115
35 1116
35 1118
35 1120
35 1121
35 1123
35 1126
35 1138
35 1129
35 1130
35 1131
35 1132
35 1135
35 1137
35 1060
35 1055
35 968
35 999
35 991
35 992
35 994
35 995
35 996
35 997
35 1000
35 989
35 1001
35 1002
35 1003
35 1004
35 1005
35 1008
35 990
35 988
35 1011
35 978
35 970
35 971
35 972
35 973
35 975
35 977
35 979
35 987
35 980
35 981
35 982
35 984
35 985
35 986
35 1009
35 1012
35 1054
35 1043
35 1036
35 1037
35 1038
35 1039
35 1040
35 1042
35 1045
35 1033
35 1046
35 1048
35 1049
35 1050
35 1052
35 1053
35 1034
35 1032
35 1013
35 1022
35 1014
35 1016
35 1017
35 1018
35 1019
35 1020
35 1023
35 1031
35 1024
35 1025
35 1027
35 1028
35 1029
35 1030
35 1164
35 1165
35 1166
35 1338
35 1331
35 1332
35 1333
35 1335
35 1336
35 1337
35 1339
35 1326
35 1340
35 1341
35 1342
35 1343
35 1344
35 1345
35 1328
35 1325
35 1347
35 1304
35 1293
35 1294
35 1296
35 1297
35 1299
35 1302
35 1305
35 1324
35 1306
35 1308
35 1309
35 1311
35 1320
35 1323
35 1346
35 1348
35 1167
35 1386
35 1376
35 1377
35 1378
35 1382
35 1384
35 1385
35 1387
35 1371
35 1388
35 1392
35 1394
35 1395
35 1397
35 1398
35 1373
35 1370
35 1349
35 1358
35 1350
35 1351
35 1353
35 1354
35 1355
35 1357
35 1359
35 1369
35 1360
35 1361
35 1362
35 1365
35 1366
35 1368
35 1292
35 1291
35 1290
35 1213
35 1204
35 1205
35 1207
35 1209
35 1210
35 1211
35 1214
35 1196
35 1215
35 1216
35 1217
35 1218
35 1219
35 1221
35 1201
35 1195
35 1289
35 1177
35 1168
35 1171
35 1172
35 1174
35 1175
35 1176
35 1178
35 1194
35 1187
35 1188
35 1190
35 1191
35 1192
35 1193
35 1222
35 1223
35 1224
35 1275
35 1262
35 1263
35 1264
35 1270
35 1271
35 1272
35 1277
35 1231
35 1280
35 1281
35 1282
35 1283
35 1285
35 1286
35 1261
35 1260
35 1259
35 1256
35 1255
35 1254
35 1253
35 1251
35 1250
35 1249
35 1243
35 1241
35 1240
35 1237
35 1236
35 1233
35 1232
35 969
35 967
35 578
35 705
35 698
35 699
35 701
35 702
35 703
35 704
35 708
35 691
35 709
35 710
35 711
35 712
35 713
35 714
35 696
35 690
35 716
35 680
35 672
35 673
35 675
35 676
35 678
35 679
35 681
35 689
35 682
35 683
35 685
35 686
35 687
35 688
35 715
35 717
35 670
35 762
35 755
35 757
35 758
35 759
35 760
35 761
35 763
35 752
35 764
35 765
35 766
35 767
35 768
35 769
35 753
35 751
35 718
35 737
35 719
35 723
35 726
35 729
35 731
35 734
35 738
35 750
35 742
35 744
35 746
35 747
35 748
35 749
35 671
35 669
35 966
35 611
35 602
35 603
35 604
35 605
35 606
35 610
35 613
35 600
35 614
35 615
35 616
35 617
35 618
35 619
35 601
35 599
35 621
35 588
35 580
35 581
35 582
35 584
35 585
35 587
35 589
35 598
35 590
35 591
35 592
35 593
35 596
35 597
35 620
35 622
35 668
35 657
35 647
35 648
35 651
35 652
35 653
35 655
35 658
35 645
35 659
35 661
35 662
35 664
35 666
35 667
35 646
35 643
35 624
35 633
35 626
35 627
35 628
35 629
35 631
35 632
35 634
35 642
35 635
35 636
35 637
35 638
35 639
35 641
35 770
35 771
35 772
35 910
35 901
35 904
35 905
35 907
35 908
35 909
35 911
35 898
35 912
35 914
35 915
35 916
35 918
35 919
35 900
35 894
35 921
35 882
35 876
35 877
35 878
35 879
35 880
35 881
35 883
35 893
35 884
35 885
35 886
35 887
35 888
35 892
35 920
35 922
35 773
35 956
35 950
35 951
35 952
35 953
35 954
35 955
35 957
35 946
35 959
35 960
35 961
35 963
35 964
35 965
35 948
35 945
35 923
35 934
35 924
35 927
35 929
35 930
35 931
35 932
35 936
35 944
35 937
35 938
35 940
35 941
35 942
35 943
35 873
35 872
35 871
35 816
35 802
35 808
35 809
35 812
35 813
35 815
35 818
35 799
35 819
35 820
35 821
35 823
35 824
35 826
35 801
35 797
35 870
35 785
35 774
35 775
35 776
35 778
35 780
35 783
35 786
35 796
35 787
35 788
35 789
35 790
35 791
35 795
35 830
35 831
35 832
35 861
35 854
35 855
35 856
35 858
35 859
35 860
35 862
35 833
35 863
35 864
35 866
35 867
35 868
35 869
35 853
35 851
35 850
35 849
35 848
35 847
35 846
35 845
35 843
35 842
35 841
35 840
35 838
35 837
35 836
35 835
35 834
35 1
