38 536
38 295
38 979
38 154
38 294
38 976
38 1141
38 93
38 1391
38 1211
38 1264
38 19
38 272
38 433
38 1152
38 360
38 796
38 182
38 446
38 25
38 1368
38 89
38 17
38 1196
38 1279
38 981
38 160
38 279
38 186
38 927
38 79
38 373
38 1205
38 126
38 710
38 289
38 1238
38 1183
38 43
38 537
38 1381
38 293
38 1112
38 40
38 36
38 1278
38 418
38 318
38 1201
38 372
38 85
38 522
38 1373
38 96
38 27
38 670
38 233
38 1002
38 505
38 558
38 41
38 35
38 556
38 7
38 146
38 24
38 1247
38 1239
38 992
38 531
38 523
38 9
38 332
38 1310
38 192
38 338
38 1262
38 535
38 1105
38 525
38 57
38 577
38 97
38 1082
38 1274
38 409
38 1040
38 1080
38 1230
38 690
38 1319
38 26
38 1305
38 228
38 563
38 359
38 625
38 655
38 688
38 282
38 56
38 665
38 1394
38 808
38 196
38 37
38 573
38 1231
38 125
38 494
38 20
38 1253
38 8
38 232
38 666
38 134
38 1284
38 714
38 528
38 585
38 800
38 122
38 327
38 495
38 599
38 1157
38 369
38 1198
38 124
38 1212
38 121
38 843
38 307
38 574
38 207
38 1395
38 421
38 315
38 803
38 723
38 541
38 337
38 283
38 1356
38 1304
38 1158
38 568
38 266
38 301
38 1390
38 1255
38 1220
38 708
38 1188
38 799
38 53
38 1214
38 610
38 299
38 80
38 1179
38 1243
38 925
38 1153
38 553
38 576
38 1300
38 323
38 1309
38 1248
38 544
38 395
38 1124
38 2
38 1292
38 414
38 569
38 123
38 626
38 672
38 498
38 508
38 943
38 1062
38 166
38 983
38 1184
38 142
38 572
38 177
38 1369
38 774
38 946
38 314
38 297
38 527
38 850
38 434
38 1085
38 383
38 816
38 106
38 965
38 1209
38 447
38 1299
38 1318
38 1296
38 1197
38 637
38 570
38 923
38 1378
38 1301
38 674
38 187
38 1016
38 1033
38 1006
38 1371
38 101
38 542
38 1093
38 161
38 889
38 305
38 633
38 1297
38 487
38 261
38 1360
38 1234
38 1393
38 449
38 173
38 959
38 69
38 1162
38 346
38 1277
38 199
38 432
38 469
38 1218
38 120
38 92
38 1074
38 211
38 1272
38 689
38 334
38 138
38 1353
38 1200
38 530
38 148
38 231
38 181
38 996
38 252
38 1213
38 826
38 540
38 197
38 1193
38 587
38 364
38 248
38 410
38 1089
38 806
38 68
38 504
38 234
38 557
38 802
38 1400
38 384
38 609
38 575
38 1232
38 922
38 712
38 371
38 978
38 1163
38 552
38 604
38 415
38 960
38 869
38 1285
38 1075
38 278
38 329
38 1261
38 94
38 1242
38 1005
38 801
38 341
38 559
38 1379
38 39
38 84
38 1380
38 1354
38 926
38 1052
38 401
38 993
38 184
38 1229
38 683
38 668
38 183
38 58
38 656
38 924
38 1009
38 28
38 135
38 567
38 1003
38 975
38 1287
38 1108
38 1311
38 308
38 967
38 1281
38 235
38 1076
38 475
38 830
38 115
38 651
38 1117
38 1270
38 1377
38 1351
38 273
38 707
38 798
38 45
38 747
38 311
38 440
38 711
38 1328
38 733
38 467
38 1043
38 114
38 335
38 766
38 436
38 849
38 1114
38 839
38 1259
38 991
38 333
38 357
38 1291
38 247
38 1057
38 426
38 526
38 147
38 176
38 370
38 1329
38 815
38 1154
38 435
38 44
38 152
38 822
38 1352
38 896
38 1263
38 969
38 1104
38 468
38 921
38 1290
38 824
38 456
38 330
38 284
38 317
38 229
38 859
38 375
38 1382
38 1257
38 326
38 1210
38 131
38 994
38 809
38 586
38 1260
38 1189
38 785
38 744
38 158
38 1151
38 1350
38 328
38 73
38 363
38 1204
38 1051
38 1147
38 1177
38 349
38 492
38 355
38 1313
38 1111
38 1106
38 966
38 117
38 561
38 1187
38 171
38 179
38 1268
38 347
38 813
38 212
38 230
38 663
38 662
38 438
38 972
38 1097
38 611
38 1159
38 1039
38 520
38 431
38 1324
38 133
38 667
38 1170
38 354
38 629
38 1044
38 1140
38 1224
38 1087
38 836
38 758
38 1149
38 939
38 477
38 481
38 428
38 319
38 336
38 555
38 1273
38 738
38 64
38 1271
38 501
38 870
38 1029
38 420
38 1363
38 63
38 1346
38 858
38 564
38 593
38 188
38 794
38 811
38 1134
38 602
38 267
38 1374
38 263
38 588
38 899
38 886
38 288
38 497
38 119
38 465
38 225
38 1252
38 356
38 353
38 907
38 623
38 310
38 1007
38 458
38 244
38 1161
38 205
38 1295
38 1219
38 902
38 657
38 933
38 973
38 987
38 918
38 997
38 547
38 441
38 78
38 846
38 216
38 296
38 493
38 792
38 87
38 105
38 1321
38 488
38 459
38 1349
38 1019
38 473
38 100
38 163
38 571
38 947
38 342
38 989
38 701
38 13
38 827
38 304
38 686
38 901
38 110
38 1166
38 1392
38 1035
38 129
38 33
38 757
38 548
38 566
38 1065
38 1325
38 797
38 1245
38 1241
38 605
38 49
38 554
38 580
38 916
38 603
38 717
38 259
38 204
38 77
38 1303
38 814
38 719
38 1336
38 1240
38 344
38 1072
38 1194
38 661
38 300
38 718
38 292
38 174
38 172
38 423
38 452
38 962
38 1202
38 499
38 1047
38 476
38 140
38 34
38 169
38 271
38 478
38 479
38 270
38 480
38 269
38 268
38 474
38 32
38 482
38 218
38 483
38 168
38 496
38 195
38 29
38 139
38 30
38 86
38 262
38 264
38 491
38 490
38 489
38 265
38 31
38 486
38 485
38 484
38 471
38 167
38 454
38 457
38 276
38 455
38 277
38 164
38 81
38 42
38 472
38 280
38 281
38 285
38 453
38 198
38 286
38 275
38 143
38 274
38 82
38 165
38 460
38 141
38 461
38 462
38 463
38 464
38 83
38 466
38 103
38 38
38 470
38 137
38 260
38 257
38 258
38 113
38 518
38 517
38 240
38 12
38 241
38 242
38 130
38 239
38 90
38 190
38 516
38 243
38 515
38 14
38 519
38 238
38 245
38 10
38 3
38 4
38 236
38 111
38 5
38 6
38 524
38 521
38 11
38 128
38 237
38 91
38 112
38 189
38 514
38 132
38 287
38 95
38 250
38 251
38 507
38 506
38 194
38 136
38 503
38 108
38 502
38 253
38 500
38 254
38 255
38 256
38 193
38 104
38 15
38 170
38 16
38 18
38 88
38 246
38 21
38 22
38 23
38 509
38 191
38 513
38 512
38 249
38 511
38 510
38 451
38 450
38 348
38 109
38 379
38 378
38 377
38 376
38 116
38 324
38 374
38 60
38 61
38 325
38 213
38 99
38 368
38 367
38 366
38 380
38 381
38 210
38 175
38 394
38 393
38 392
38 391
38 390
38 389
38 322
38 382
38 388
38 387
38 386
38 385
38 208
38 209
38 365
38 214
38 153
38 352
38 339
38 340
38 66
38 217
38 220
38 157
38 343
38 221
38 156
38 345
38 67
38 351
38 350
38 219
38 127
38 65
38 215
38 224
38 362
38 361
38 62
38 118
38 71
38 358
38 107
38 222
38 180
38 331
38 70
38 223
38 155
38 159
38 59
38 396
38 397
38 303
38 202
38 74
38 50
38 51
38 302
38 430
38 429
38 437
38 306
38 427
38 425
38 203
38 162
38 424
38 201
38 298
38 102
38 144
38 448
38 290
38 46
38 445
38 444
38 443
38 442
38 439
38 291
38 76
38 200
38 75
38 47
38 48
38 52
38 145
38 321
38 404
38 98
38 408
38 407
38 406
38 405
38 178
38 403
38 150
38 402
38 206
38 400
38 320
38 399
38 398
38 151
38 411
38 309
38 419
38 422
38 54
38 227
38 312
38 313
38 72
38 55
38 412
38 226
38 417
38 416
38 149
38 316
38 413
38 185
38 700
38 529
38 1067
38 1090
38 1088
38 1086
38 1084
38 1083
38 1081
38 1079
38 1078
38 1077
38 1073
38 1071
38 1070
38 1069
38 1068
38 1066
38 532
38 1064
38 1063
38 1061
38 1060
38 1059
38 1058
38 1056
38 1055
38 1054
38 1053
38 1050
38 1049
38 1048
38 1046
38 1091
38 1092
38 1094
38 1095
38 1135
38 1133
38 1132
38 1131
38 1130
38 1129
38 1128
38 1127
38 1126
38 1125
38 1123
38 1122
38 1121
38 1120
38 1119
38 1118
38 1116
38 1115
38 1113
38 1110
38 1109
38 1107
38 1103
38 1102
38 1101
38 1100
38 1099
38 1098
38 1096
38 1045
38 1042
38 1041
38 988
38 985
38 984
38 982
38 980
38 977
38 974
38 971
38 970
38 968
38 964
38 963
38 961
38 958
38 957
38 956
38 955
38 954
38 953
38 952
38 951
38 950
38 949
38 948
38 945
38 944
38 942
38 941
38 940
38 938
38 986
38 990
38 1038
38 995
38 1037
38 1036
38 1034
38 1032
38 1031
38 1030
38 1028
38 1027
38 1026
38 1025
38 1024
38 1023
38 1022
38 1021
38 1020
38 1018
38 1017
38 1015
38 1014
38 1013
38 1012
38 1011
38 1010
38 1008
38 1004
38 1001
38 1000
38 999
38 998
38 1136
38 1137
38 1138
38 1340
38 1338
38 1337
38 1335
38 1334
38 1333
38 1332
38 1331
38 1330
38 1327
38 1326
38 1323
38 1322
38 1320
38 1317
38 1316
38 1315
38 1314
38 1312
38 1308
38 1307
38 1306
38 1302
38 1298
38 1294
38 1293
38 1289
38 1288
38 1286
38 1283
38 1339
38 1341
38 1280
38 1342
38 1398
38 1397
38 1396
38 1389
38 1388
38 1387
38 1386
38 1385
38 1384
38 1383
38 1376
38 1375
38 1372
38 1370
38 1367
38 1366
38 1365
38 1364
38 1362
38 1361
38 1359
38 1358
38 1357
38 1355
38 1348
38 1347
38 1345
38 1344
38 1343
38 1282
38 1276
38 1139
38 1195
38 1191
38 1190
38 1186
38 1185
38 1182
38 1181
38 1180
38 1178
38 1176
38 1175
38 1174
38 1173
38 1172
38 1171
38 1169
38 1168
38 1167
38 1165
38 1164
38 1160
38 1156
38 1155
38 1150
38 1148
38 1146
38 1145
38 1144
38 1143
38 1142
38 1192
38 1199
38 1275
38 1203
38 1269
38 1267
38 1266
38 1265
38 1258
38 1256
38 1254
38 1251
38 1250
38 1249
38 1246
38 1244
38 1237
38 1236
38 1235
38 1233
38 1228
38 1227
38 1226
38 1225
38 1223
38 1222
38 1221
38 1217
38 1216
38 1215
38 1208
38 1207
38 1206
38 937
38 936
38 935
38 1399
38 698
38 697
38 696
38 695
38 694
38 693
38 692
38 691
38 687
38 685
38 684
38 682
38 681
38 680
38 679
38 678
38 677
38 676
38 675
38 673
38 671
38 669
38 664
38 660
38 659
38 658
38 654
38 653
38 652
38 699
38 702
38 649
38 703
38 745
38 743
38 742
38 741
38 740
38 739
38 737
38 736
38 735
38 734
38 732
38 731
38 730
38 729
38 728
38 727
38 726
38 725
38 724
38 722
38 721
38 720
38 716
38 715
38 713
38 709
38 706
38 705
38 704
38 650
38 648
38 748
38 606
38 600
38 598
38 597
38 596
38 595
38 594
38 592
38 591
38 590
38 589
38 584
38 583
38 582
38 581
38 579
38 578
38 565
38 562
38 560
38 551
38 550
38 549
38 546
38 545
38 543
38 539
38 538
38 534
38 533
38 601
38 607
38 647
38 608
38 646
38 645
38 644
38 643
38 642
38 641
38 640
38 639
38 638
38 636
38 635
38 634
38 632
38 631
38 630
38 628
38 627
38 624
38 622
38 621
38 620
38 619
38 618
38 617
38 616
38 615
38 614
38 613
38 612
38 746
38 749
38 934
38 885
38 883
38 882
38 881
38 880
38 879
38 878
38 877
38 876
38 875
38 874
38 873
38 872
38 871
38 868
38 867
38 866
38 865
38 864
38 863
38 862
38 861
38 860
38 857
38 856
38 855
38 854
38 853
38 852
38 851
38 884
38 887
38 847
38 888
38 932
38 931
38 930
38 929
38 928
38 920
38 919
38 917
38 915
38 914
38 913
38 912
38 911
38 910
38 909
38 908
38 906
38 905
38 904
38 903
38 900
38 898
38 897
38 895
38 894
38 893
38 892
38 891
38 890
38 848
38 845
38 750
38 786
38 783
38 782
38 781
38 780
38 779
38 778
38 777
38 776
38 775
38 773
38 772
38 771
38 770
38 769
38 768
38 767
38 765
38 764
38 763
38 762
38 761
38 760
38 759
38 756
38 755
38 754
38 753
38 752
38 751
38 784
38 787
38 844
38 788
38 842
38 841
38 840
38 838
38 837
38 835
38 834
38 833
38 832
38 831
38 829
38 828
38 825
38 823
38 821
38 820
38 819
38 818
38 817
38 812
38 810
38 807
38 805
38 804
38 795
38 793
38 791
38 790
38 789
38 1
