41 289
41 433
41 229
41 432
41 927
41 549
41 1152
41 1277
41 126
41 288
41 464
41 879
41 420
41 520
41 222
41 225
41 513
41 1074
41 901
41 1141
41 279
41 1162
41 1340
41 900
41 678
41 1202
41 825
41 643
41 1091
41 434
41 601
41 527
41 755
41 676
41 675
41 686
41 1342
41 1243
41 799
41 1163
41 497
41 154
41 1090
41 278
41 1368
41 311
41 747
41 979
41 121
41 1196
41 681
41 1164
41 674
41 1080
41 280
41 714
41 191
41 1305
41 1337
41 924
41 1191
41 281
41 794
41 294
41 1062
41 284
41 536
41 803
41 416
41 563
41 652
41 60
41 808
41 147
41 89
41 860
41 102
41 672
41 1333
41 97
41 916
41 878
41 757
41 195
41 709
41 189
41 1266
41 793
41 1341
41 205
41 446
41 713
41 782
41 409
41 780
41 431
41 1144
41 1075
41 976
41 712
41 795
41 1338
41 1304
41 30
41 1290
41 752
41 994
41 699
41 120
41 282
41 1155
41 250
41 921
41 465
41 34
41 252
41 530
41 801
41 811
41 486
41 700
41 372
41 482
41 1183
41 1170
41 1064
41 696
41 442
41 29
41 1239
41 798
41 920
41 1184
41 1192
41 1197
41 703
41 202
41 227
41 874
41 230
41 877
41 251
41 395
41 636
41 633
41 78
41 95
41 199
41 999
41 800
41 632
41 358
41 316
41 516
41 1360
41 462
41 970
41 809
41 3
41 495
41 693
41 1140
41 875
41 634
41 17
41 1371
41 783
41 336
41 1220
41 673
41 389
41 908
41 1225
41 155
41 1037
41 52
41 1280
41 694
41 31
41 51
41 902
41 184
41 1
41 247
41 1387
41 45
41 1218
41 85
41 749
41 186
41 1229
41 923
41 42
41 287
41 1068
41 960
41 791
41 698
41 1094
41 1125
41 618
41 1343
41 545
41 1092
41 244
41 919
41 200
41 685
41 503
41 1020
41 730
41 1339
41 246
41 680
41 197
41 708
41 1353
41 692
41 991
41 1271
41 797
41 14
41 455
41 885
41 423
41 84
41 656
41 638
41 1095
41 719
41 1089
41 1040
41 1334
41 443
41 612
41 779
41 711
41 13
41 971
41 90
41 635
41 824
41 375
41 677
41 152
41 637
41 1066
41 1231
41 796
41 176
41 658
41 1388
41 1169
41 1248
41 204
41 469
41 567
41 466
41 265
41 625
41 781
41 333
41 141
41 543
41 1186
41 695
41 359
41 214
41 522
41 1386
41 599
41 1133
41 449
41 917
41 55
41 212
41 1332
41 314
41 128
41 833
41 92
41 319
41 679
41 946
41 174
41 256
41 2
41 1130
41 1336
41 138
41 1289
41 148
41 1272
41 315
41 317
41 683
41 1114
41 876
41 748
41 170
41 182
41 354
41 1001
41 1274
41 590
41 272
41 952
41 975
41 815
41 1246
41 648
41 293
41 973
41 1087
41 1319
41 146
41 1159
41 1194
41 223
41 69
41 1350
41 1362
41 207
41 829
41 243
41 1078
41 1320
41 1255
41 605
41 671
41 804
41 1153
41 1384
41 388
41 768
41 1211
41 580
41 862
41 558
41 546
41 1367
41 867
41 245
41 1276
41 961
41 1331
41 283
41 158
41 943
41 1188
41 958
41 188
41 792
41 429
41 1356
41 1115
41 880
41 918
41 39
41 1129
41 9
41 547
41 873
41 159
41 370
41 453
41 751
41 926
41 177
41 600
41 743
41 1311
41 515
41 841
41 551
41 33
41 179
41 836
41 1056
41 456
41 1199
41 986
41 193
41 895
41 44
41 122
41 483
41 816
41 1065
41 910
41 1146
41 1329
41 49
41 76
41 1111
41 235
41 313
41 226
41 291
41 467
41 930
41 650
41 106
41 463
41 365
41 687
41 682
41 1127
41 912
41 514
41 1216
41 623
41 848
41 1046
41 334
41 553
41 575
41 759
41 216
41 1224
41 1168
41 1108
41 53
41 345
41 1378
41 561
41 947
41 933
41 115
41 967
41 1355
41 417
41 331
41 99
41 871
41 745
41 24
41 928
41 1364
41 1267
41 224
41 1158
41 399
41 452
41 1383
41 1205
41 194
41 339
41 887
41 1328
41 1317
41 512
41 363
41 929
41 362
41 1198
41 1207
41 342
41 753
41 1302
41 19
41 905
41 343
41 383
41 940
41 1138
41 378
41 537
41 393
41 187
41 1295
41 831
41 591
41 80
41 175
41 978
41 1313
41 823
41 663
41 472
41 1323
41 1123
41 1347
41 1354
41 1156
41 1072
41 1312
41 480
41 1173
41 855
41 1053
41 690
41 1292
41 739
41 552
41 50
41 845
41 893
41 68
41 1124
41 1182
41 526
41 572
41 140
41 1396
41 980
41 888
41 1083
41 705
41 37
41 579
41 219
41 1278
41 627
41 397
41 585
41 232
41 312
41 143
41 959
41 1391
41 374
41 75
41 1104
41 1131
41 1286
41 1041
41 458
41 966
41 1301
41 1187
41 951
41 273
41 1151
41 130
41 1233
41 444
41 540
41 1119
41 79
41 826
41 356
41 1070
41 1051
41 932
41 606
41 602
41 447
41 445
41 1002
41 364
41 1374
41 1077
41 40
41 1044
41 1063
41 324
41 198
41 1373
41 248
41 1247
41 630
41 1003
41 953
41 377
41 850
41 56
41 1038
41 802
41 74
41 145
41 404
41 270
41 1238
41 1116
41 955
41 196
41 1174
41 576
41 1270
41 666
41 1227
41 415
41 1208
41 1171
41 617
41 490
41 111
41 129
41 1245
41 1315
41 892
41 777
41 470
41 366
41 838
41 1268
41 655
41 587
41 820
41 360
41 717
41 583
41 338
41 64
41 993
41 134
41 819
41 481
41 704
41 1005
41 436
41 1193
41 763
41 645
41 883
41 689
41 1101
41 852
41 1219
41 1253
41 228
41 1395
41 425
41 1254
41 1377
41 550
41 136
41 496
41 974
41 91
41 1352
41 881
41 1081
41 505
41 144
41 379
41 1178
41 903
41 863
41 1180
41 1120
41 352
41 907
41 500
41 1249
41 741
41 574
41 710
41 215
41 1000
41 1128
41 729
41 305
41 1135
41 18
41 1145
41 290
41 1161
41 746
41 369
41 210
41 772
41 1381
41 260
41 508
41 1154
41 1082
41 535
41 367
41 54
41 653
41 131
41 1136
41 428
41 996
41 722
41 82
41 348
41 1039
41 1113
41 628
41 427
41 297
41 1015
41 564
41 1024
41 104
41 1263
41 233
41 87
41 73
41 118
41 665
41 112
41 992
41 105
41 818
41 1177
41 870
41 139
41 58
41 435
41 1294
41 790
41 1361
41 872
41 88
41 1166
41 1265
41 573
41 839
41 985
41 77
41 1385
41 1297
41 990
41 220
41 662
41 330
41 20
41 610
41 667
41 727
41 1400
41 1257
41 474
41 1157
41 151
41 459
41 124
41 329
41 1190
41 390
41 168
41 1310
41 562
41 519
41 1093
41 1004
41 1235
41 1160
41 1100
41 1351
41 8
41 724
41 566
41 261
41 421
41 660
41 57
41 554
41 266
41 101
41 116
41 1393
41 1034
41 110
41 135
41 972
41 822
41 1222
41 133
41 1335
41 1172
41 812
41 1303
41 1322
41 622
41 1230
41 1380
41 1204
41 620
41 1261
41 997
41 688
41 454
41 1098
41 889
41 828
41 830
41 651
41 441
41 1349
41 869
41 1326
41 1252
41 172
41 857
41 571
41 624
41 1165
41 565
41 381
41 1137
41 499
41 858
41 844
41 1061
41 234
41 542
41 1035
41 1213
41 123
41 1175
41 548
41 72
41 1309
41 569
41 894
41 1321
41 987
41 1019
41 649
41 766
41 588
41 213
41 7
41 164
41 1244
41 173
41 1097
41 274
41 859
41 529
41 1147
41 773
41 827
41 94
41 185
41 1047
41 165
41 344
41 1392
41 373
41 340
41 10
41 376
41 341
41 11
41 12
41 371
41 22
41 15
41 16
41 1397
41 368
41 71
41 1389
41 380
41 81
41 83
41 382
41 6
41 337
41 5
41 335
41 384
41 86
41 4
41 385
41 386
41 93
41 387
41 1398
41 21
41 70
41 355
41 61
41 62
41 36
41 38
41 41
41 43
41 1348
41 1390
41 346
41 59
41 357
41 46
41 353
41 47
41 48
41 35
41 351
41 361
41 63
41 32
41 65
41 350
41 1394
41 66
41 28
41 27
41 349
41 26
41 25
41 23
41 67
41 347
41 332
41 1363
41 96
41 192
41 217
41 211
41 209
41 208
41 271
41 206
41 1372
41 203
41 201
41 1375
41 275
41 1376
41 98
41 276
41 277
41 190
41 1359
41 1358
41 183
41 1357
41 181
41 180
41 178
41 285
41 218
41 221
41 269
41 268
41 253
41 254
41 249
41 255
41 257
41 242
41 241
41 240
41 258
41 239
41 238
41 259
41 237
41 236
41 262
41 231
41 263
41 1365
41 1366
41 264
41 1369
41 1370
41 267
41 286
41 171
41 169
41 308
41 310
41 132
41 127
41 1382
41 125
41 119
41 117
41 114
41 113
41 318
41 320
41 109
41 321
41 322
41 323
41 108
41 107
41 103
41 325
41 326
41 327
41 328
41 100
41 309
41 137
41 292
41 142
41 167
41 166
41 163
41 295
41 296
41 162
41 298
41 299
41 161
41 160
41 157
41 156
41 300
41 301
41 1379
41 153
41 302
41 303
41 304
41 306
41 150
41 149
41 307
41 1346
41 1217
41 391
41 1259
41 944
41 942
41 941
41 939
41 938
41 937
41 936
41 935
41 934
41 931
41 1251
41 925
41 922
41 915
41 914
41 913
41 911
41 909
41 1256
41 906
41 904
41 945
41 948
41 949
41 977
41 1006
41 998
41 995
41 989
41 988
41 984
41 983
41 982
41 981
41 1250
41 950
41 969
41 968
41 965
41 964
41 963
41 962
41 957
41 956
41 954
41 1258
41 899
41 784
41 898
41 840
41 837
41 835
41 834
41 832
41 821
41 817
41 814
41 813
41 810
41 1269
41 807
41 806
41 805
41 1273
41 1275
41 1279
41 789
41 788
41 787
41 786
41 842
41 843
41 846
41 1264
41 897
41 896
41 891
41 890
41 886
41 884
41 882
41 1260
41 1262
41 868
41 847
41 866
41 865
41 864
41 861
41 856
41 854
41 853
41 851
41 849
41 1007
41 1008
41 1009
41 1010
41 1143
41 1142
41 1234
41 1139
41 1134
41 1132
41 1126
41 1122
41 1121
41 1118
41 1117
41 1112
41 1110
41 1109
41 1107
41 1106
41 1105
41 1103
41 1102
41 1099
41 1096
41 1148
41 1149
41 1150
41 1221
41 1215
41 1214
41 1212
41 1210
41 1209
41 1206
41 1203
41 1201
41 1200
41 1195
41 1232
41 1223
41 1189
41 1185
41 1226
41 1181
41 1179
41 1176
41 1167
41 1228
41 1236
41 1237
41 1088
41 1025
41 1036
41 1033
41 1032
41 1031
41 1030
41 1029
41 1028
41 1027
41 1026
41 1023
41 1043
41 1022
41 1021
41 1018
41 1017
41 1016
41 1014
41 1013
41 1012
41 1011
41 1042
41 1045
41 1086
41 1067
41 1085
41 1084
41 1079
41 1076
41 1240
41 1241
41 1073
41 1071
41 1069
41 1242
41 1048
41 1060
41 1059
41 1058
41 1057
41 1055
41 1054
41 1052
41 1050
41 1049
41 785
41 1281
41 392
41 487
41 525
41 524
41 523
41 521
41 518
41 517
41 511
41 510
41 509
41 507
41 506
41 504
41 502
41 501
41 498
41 1324
41 494
41 493
41 492
41 491
41 489
41 528
41 1318
41 531
41 559
41 586
41 584
41 582
41 581
41 578
41 577
41 570
41 568
41 560
41 557
41 532
41 556
41 555
41 1316
41 544
41 541
41 539
41 538
41 534
41 533
41 488
41 1325
41 1282
41 485
41 422
41 419
41 418
41 414
41 413
41 412
41 411
41 410
41 1344
41 408
41 407
41 406
41 405
41 403
41 402
41 401
41 400
41 398
41 396
41 1345
41 394
41 424
41 426
41 430
41 1327
41 484
41 479
41 478
41 477
41 476
41 475
41 473
41 471
41 468
41 461
41 437
41 460
41 457
41 451
41 450
41 448
41 1330
41 440
41 439
41 438
41 589
41 592
41 593
41 594
41 738
41 737
41 736
41 735
41 734
41 733
41 732
41 731
41 728
41 726
41 725
41 723
41 721
41 720
41 718
41 716
41 715
41 1288
41 1291
41 707
41 706
41 740
41 742
41 744
41 765
41 1283
41 778
41 776
41 775
41 774
41 771
41 770
41 769
41 767
41 764
41 1287
41 762
41 761
41 760
41 758
41 1284
41 756
41 1285
41 754
41 750
41 1293
41 702
41 701
41 613
41 639
41 631
41 629
41 626
41 621
41 619
41 616
41 615
41 614
41 611
41 641
41 608
41 607
41 604
41 603
41 1314
41 598
41 597
41 596
41 595
41 640
41 642
41 1399
41 670
41 697
41 1296
41 691
41 1298
41 684
41 1299
41 1300
41 1306
41 1307
41 669
41 644
41 668
41 664
41 661
41 659
41 657
41 654
41 1308
41 647
41 646
41 609
