48 526
48 440
48 683
48 439
48 797
48 1228
48 222
48 880
48 521
48 638
48 793
48 334
48 26
48 655
48 1267
48 612
48 902
48 924
48 211
48 879
48 900
48 792
48 1169
48 876
48 392
48 465
48 685
48 707
48 1320
48 600
48 468
48 420
48 200
48 633
48 1300
48 634
48 801
48 569
48 503
48 712
48 609
48 1341
48 1343
48 368
48 315
48 632
48 38
48 748
48 1251
48 197
48 675
48 901
48 1338
48 795
48 451
48 313
48 757
48 1107
48 469
48 708
48 1272
48 704
48 467
48 312
48 674
48 798
48 796
48 894
48 226
48 514
48 625
48 780
48 969
48 252
48 1198
48 155
48 214
48 85
48 513
48 146
48 1154
48 571
48 25
48 53
48 496
48 1398
48 933
48 265
48 121
48 141
48 335
48 601
48 1311
48 1290
48 686
48 1340
48 187
48 1163
48 788
48 191
48 142
48 1229
48 1077
48 1349
48 179
48 52
48 886
48 1224
48 310
48 593
48 735
48 464
48 1246
48 134
48 433
48 124
48 311
48 570
48 991
48 736
48 1380
48 709
48 918
48 658
48 227
48 188
48 304
48 58
48 54
48 794
48 415
48 544
48 239
48 429
48 152
48 1153
48 367
48 327
48 572
48 114
48 711
48 2
48 1060
48 856
48 424
48 404
48 7
48 216
48 284
48 235
48 746
48 1162
48 803
48 545
48 307
48 9
48 1218
48 800
48 118
48 643
48 33
48 673
48 1195
48 41
48 647
48 917
48 238
48 547
48 431
48 680
48 1396
48 105
48 416
48 916
48 971
48 1189
48 578
48 1309
48 903
48 799
48 1006
48 1271
48 101
48 67
48 1324
48 1326
48 193
48 39
48 1387
48 1111
48 430
48 749
48 925
48 750
48 308
48 1167
48 773
48 1392
48 8
48 1106
48 843
48 242
48 1114
48 342
48 189
48 288
48 1205
48 927
48 869
48 244
48 511
48 959
48 1054
48 516
48 1058
48 874
48 529
48 852
48 1276
48 1059
48 156
48 12
48 1288
48 290
48 568
48 790
48 1089
48 452
48 133
48 1063
48 815
48 732
48 209
48 1157
48 1370
48 670
48 61
48 1305
48 332
48 644
48 466
48 490
48 264
48 878
48 412
48 251
48 889
48 1385
48 202
48 857
48 369
48 1
48 176
48 682
48 181
48 316
48 1244
48 836
48 588
48 212
48 627
48 700
48 626
48 1332
48 536
48 825
48 374
48 1334
48 1330
48 688
48 184
48 1084
48 539
48 1345
48 27
48 266
48 848
48 199
48 1303
48 207
48 774
48 19
48 996
48 987
48 974
48 919
48 603
48 14
48 1104
48 1285
48 1399
48 454
48 733
48 476
48 166
48 1220
48 100
48 280
48 767
48 606
48 395
48 80
48 60
48 1079
48 986
48 508
48 1248
48 1212
48 502
48 1263
48 914
48 1296
48 438
48 409
48 203
48 453
48 297
48 821
48 1328
48 260
48 1249
48 955
48 149
48 435
48 1373
48 1011
48 1260
48 1393
48 157
48 378
48 772
48 897
48 1038
48 204
48 676
48 1346
48 887
48 1219
48 957
48 631
48 976
48 672
48 814
48 585
48 318
48 982
48 40
48 422
48 213
48 493
48 530
48 1254
48 253
48 1124
48 1365
48 592
48 1175
48 13
48 127
48 851
48 442
48 129
48 306
48 425
48 1055
48 837
48 278
48 82
48 589
48 70
48 436
48 63
48 1091
48 1339
48 759
48 489
48 1147
48 781
48 43
48 390
48 754
48 1088
48 240
48 671
48 321
48 576
48 171
48 710
48 580
48 981
48 366
48 637
48 1390
48 663
48 365
48 681
48 248
48 540
48 890
48 872
48 1241
48 96
48 443
48 1155
48 702
48 629
48 217
48 945
48 666
48 462
48 1207
48 640
48 1310
48 1363
48 328
48 538
48 1095
48 172
48 899
48 624
48 760
48 481
48 92
48 147
48 562
48 139
48 574
48 36
48 1356
48 255
48 293
48 830
48 1240
48 1383
48 756
48 391
48 380
48 1110
48 1151
48 345
48 458
48 1025
48 69
48 1321
48 934
48 1028
48 755
48 410
48 447
48 979
48 123
48 302
48 1371
48 1211
48 519
48 1093
48 287
48 1374
48 1087
48 169
48 263
48 923
48 720
48 747
48 998
48 907
48 566
48 309
48 421
48 599
48 1127
48 162
48 29
48 679
48 183
48 363
48 1056
48 870
48 103
48 1007
48 205
48 1043
48 727
48 961
48 1282
48 553
48 812
48 1002
48 329
48 990
48 921
48 989
48 427
48 195
48 701
48 1255
48 719
48 352
48 73
48 1119
48 62
48 1180
48 699
48 904
48 51
48 1160
48 32
48 406
48 1274
48 1391
48 1279
48 552
48 455
48 1319
48 177
48 1134
48 206
48 1239
48 1051
48 1289
48 292
48 1322
48 1203
48 78
48 174
48 24
48 1047
48 486
48 296
48 520
48 262
48 272
48 1250
48 660
48 274
48 441
48 811
48 110
48 364
48 225
48 198
48 1268
48 1325
48 485
48 1307
48 356
48 492
48 357
48 494
48 337
48 336
48 1306
48 1308
48 333
48 354
48 331
48 495
48 330
48 432
48 482
48 497
48 355
48 491
48 353
48 1304
48 346
48 347
48 484
48 487
48 343
48 488
48 359
48 1275
48 483
48 344
48 341
48 348
48 340
48 349
48 350
48 339
48 351
48 338
48 358
48 1277
48 360
48 456
48 450
48 403
48 402
48 428
48 1284
48 401
48 1283
48 400
48 1286
48 361
48 399
48 1292
48 398
48 457
48 397
48 396
48 394
48 393
48 449
48 1298
48 405
48 448
48 444
48 445
48 1294
48 1293
48 419
48 446
48 418
48 426
48 417
48 1295
48 414
48 413
48 1297
48 411
48 326
48 408
48 407
48 1299
48 437
48 459
48 373
48 371
48 370
48 470
48 471
48 472
48 473
48 474
48 1301
48 475
48 1302
48 477
48 1291
48 478
48 479
48 480
48 434
48 362
48 372
48 423
48 460
48 375
48 389
48 388
48 461
48 387
48 463
48 386
48 385
48 384
48 383
48 382
48 381
48 1281
48 379
48 1280
48 377
48 376
48 1278
48 1287
48 1138
48 325
48 117
48 115
48 1372
48 113
48 112
48 111
48 109
48 108
48 107
48 106
48 104
48 102
48 99
48 98
48 97
48 95
48 94
48 93
48 91
48 90
48 89
48 88
48 87
48 86
48 1375
48 84
48 116
48 119
48 81
48 120
48 153
48 1362
48 151
48 150
48 148
48 145
48 144
48 143
48 1364
48 140
48 138
48 137
48 136
48 135
48 1366
48 1367
48 132
48 131
48 130
48 128
48 126
48 125
48 1368
48 122
48 1369
48 83
48 79
48 1361
48 1384
48 37
48 35
48 34
48 1388
48 31
48 30
48 28
48 1389
48 23
48 22
48 21
48 20
48 18
48 17
48 16
48 15
48 11
48 10
48 1394
48 1395
48 6
48 5
48 4
48 3
48 1397
48 1386
48 42
48 77
48 44
48 76
48 75
48 74
48 72
48 71
48 68
48 1376
48 66
48 65
48 64
48 1377
48 59
48 1378
48 57
48 56
48 55
48 1379
48 1381
48 1382
48 50
48 49
48 48
48 47
48 46
48 45
48 154
48 1360
48 324
48 282
48 279
48 277
48 276
48 275
48 273
48 271
48 270
48 269
48 268
48 267
48 1327
48 261
48 259
48 258
48 257
48 256
48 499
48 254
48 1329
48 250
48 249
48 247
48 246
48 245
48 1331
48 281
48 283
48 241
48 285
48 323
48 322
48 320
48 319
48 317
48 1312
48 1313
48 314
48 1314
48 1315
48 1316
48 1317
48 1318
48 305
48 303
48 301
48 300
48 299
48 298
48 295
48 294
48 291
48 289
48 1323
48 286
48 243
48 1333
48 158
48 196
48 1352
48 192
48 1353
48 190
48 1354
48 1355
48 186
48 185
48 182
48 1357
48 180
48 1358
48 178
48 1359
48 175
48 173
48 170
48 168
48 167
48 165
48 164
48 163
48 161
48 160
48 159
48 194
48 1351
48 237
48 1350
48 236
48 1335
48 234
48 233
48 232
48 231
48 230
48 229
48 228
48 1336
48 1337
48 224
48 223
48 221
48 220
48 219
48 218
48 1342
48 215
48 1344
48 210
48 1347
48 208
48 1348
48 201
48 498
48 1258
48 500
48 922
48 938
48 937
48 936
48 935
48 1158
48 932
48 931
48 930
48 929
48 928
48 1159
48 926
48 1161
48 920
48 978
48 1164
48 1165
48 1166
48 915
48 913
48 912
48 911
48 910
48 909
48 908
48 906
48 905
48 1168
48 939
48 940
48 941
48 942
48 975
48 973
48 972
48 1152
48 970
48 968
48 967
48 966
48 965
48 964
48 963
48 962
48 960
48 1156
48 958
48 956
48 954
48 953
48 952
48 951
48 950
48 949
48 948
48 947
48 946
48 944
48 943
48 1170
48 1171
48 1172
48 861
48 859
48 858
48 1182
48 1183
48 855
48 854
48 853
48 1184
48 850
48 849
48 847
48 846
48 845
48 844
48 1185
48 842
48 841
48 840
48 839
48 838
48 1186
48 835
48 834
48 833
48 832
48 831
48 829
48 860
48 862
48 898
48 863
48 896
48 895
48 1173
48 893
48 892
48 891
48 1174
48 888
48 885
48 884
48 883
48 882
48 881
48 1176
48 1177
48 1178
48 877
48 1179
48 875
48 873
48 871
48 1181
48 868
48 867
48 866
48 865
48 864
48 977
48 980
48 501
48 1080
48 1099
48 1098
48 1097
48 1096
48 1094
48 1092
48 1090
48 1143
48 1086
48 1085
48 1083
48 1082
48 1081
48 1078
48 983
48 1144
48 1076
48 1075
48 1074
48 1073
48 1072
48 1071
48 1070
48 1069
48 1068
48 1067
48 1066
48 1065
48 1100
48 1101
48 1102
48 1103
48 1136
48 1135
48 1133
48 1132
48 1131
48 1130
48 1129
48 1128
48 1126
48 1125
48 1123
48 1122
48 1121
48 1120
48 1118
48 1117
48 1116
48 1115
48 1139
48 1113
48 1112
48 1140
48 1109
48 1108
48 1141
48 1142
48 1105
48 1064
48 1145
48 1062
48 1022
48 1020
48 1019
48 1018
48 1017
48 1016
48 1015
48 1014
48 1013
48 1012
48 1010
48 1009
48 1008
48 1150
48 1005
48 1004
48 1003
48 1001
48 1000
48 999
48 997
48 995
48 994
48 993
48 992
48 988
48 985
48 984
48 1021
48 1023
48 1061
48 1024
48 1146
48 1148
48 1057
48 1149
48 1053
48 1052
48 1050
48 1049
48 1048
48 1046
48 1045
48 1044
48 1042
48 1041
48 1040
48 1039
48 1037
48 1036
48 1035
48 1034
48 1033
48 1032
48 1031
48 1030
48 1029
48 1027
48 1026
48 828
48 827
48 826
48 607
48 621
48 620
48 619
48 618
48 617
48 616
48 615
48 614
48 613
48 1247
48 611
48 610
48 608
48 605
48 824
48 604
48 602
48 598
48 597
48 596
48 595
48 594
48 1252
48 591
48 590
48 1253
48 587
48 586
48 622
48 623
48 1245
48 1243
48 662
48 661
48 659
48 1234
48 657
48 656
48 1235
48 654
48 653
48 652
48 651
48 650
48 649
48 648
48 1236
48 646
48 645
48 1237
48 1238
48 642
48 641
48 639
48 636
48 635
48 1242
48 630
48 628
48 584
48 583
48 582
48 541
48 535
48 534
48 533
48 532
48 531
48 528
48 527
48 1264
48 525
48 524
48 523
48 522
48 1265
48 518
48 517
48 1266
48 515
48 1269
48 512
48 1270
48 510
48 509
48 507
48 506
48 505
48 504
48 1273
48 537
48 542
48 581
48 543
48 579
48 577
48 575
48 573
48 1256
48 1257
48 1137
48 1259
48 567
48 565
48 564
48 563
48 561
48 560
48 559
48 558
48 557
48 556
48 555
48 554
48 551
48 550
48 549
48 548
48 546
48 1261
48 1262
48 664
48 665
48 667
48 1202
48 787
48 786
48 785
48 784
48 783
48 782
48 1204
48 779
48 778
48 777
48 776
48 775
48 1206
48 771
48 770
48 769
48 768
48 766
48 765
48 764
48 763
48 762
48 761
48 758
48 753
48 752
48 751
48 789
48 791
48 1209
48 1201
48 823
48 822
48 820
48 819
48 818
48 817
48 816
48 1187
48 813
48 810
48 809
48 808
48 807
48 806
48 805
48 804
48 1188
48 802
48 1190
48 1191
48 1192
48 1193
48 1194
48 1196
48 1197
48 1199
48 1200
48 1208
48 1210
48 668
48 1217
48 705
48 1221
48 703
48 698
48 697
48 696
48 695
48 694
48 693
48 692
48 691
48 690
48 689
48 687
48 1222
48 1223
48 684
48 1225
48 1226
48 1227
48 678
48 677
48 1230
48 1231
48 1232
48 1233
48 669
48 706
48 1216
48 745
48 1215
48 744
48 743
48 742
48 741
48 740
48 739
48 738
48 737
48 1213
48 734
48 1214
48 731
48 730
48 729
48 728
48 726
48 725
48 724
48 723
48 722
48 721
48 718
48 717
48 716
48 715
48 714
48 713
48 1400
