49 527
49 320
49 321
49 322
49 150
49 377
49 349
49 479
49 1235
49 1370
49 476
49 366
49 365
49 537
49 585
49 1240
49 1054
49 16
49 832
49 72
49 111
49 107
49 538
49 1087
49 300
49 1055
49 452
49 734
49 376
49 854
49 731
49 1108
49 422
49 478
49 1185
49 15
49 255
49 1210
49 375
49 1053
49 1222
49 1056
49 1192
49 117
49 356
49 383
49 342
49 271
49 648
49 833
49 1302
49 460
49 249
49 364
49 584
49 540
49 1384
49 333
49 266
49 1246
49 59
49 1382
49 475
49 1375
49 855
49 4
49 1377
49 24
49 131
49 502
49 94
49 778
49 1365
49 1083
49 1236
49 17
49 457
49 3
49 1301
49 1259
49 155
49 943
49 562
49 264
49 499
49 961
49 307
49 1267
49 352
49 1085
49 662
49 733
49 62
49 570
49 493
49 730
49 1180
49 1386
49 424
49 1224
49 611
49 369
49 157
49 160
49 551
49 641
49 916
49 1366
49 637
49 1383
49 1281
49 149
49 703
49 700
49 666
49 1154
49 1263
49 934
49 977
49 1251
49 34
49 329
49 328
49 304
49 677
49 1200
49 435
49 981
49 23
49 324
49 1253
49 1271
49 336
49 339
49 341
49 1063
49 417
49 1047
49 1088
49 607
49 55
49 325
49 1109
49 1086
49 565
49 1149
49 553
49 559
49 1273
49 394
49 668
49 1137
49 346
49 671
49 681
49 389
49 1308
49 318
49 458
49 1233
49 494
49 830
49 454
49 736
49 60
49 1081
49 965
49 425
49 978
49 1261
49 1043
49 542
49 363
49 1280
49 899
49 1138
49 1361
49 889
49 406
49 134
49 1182
49 1219
49 1225
49 1381
49 1079
49 22
49 1368
49 54
49 1389
49 587
49 1082
49 180
49 32
49 732
49 1071
49 644
49 248
49 987
49 115
49 477
49 1193
49 410
49 35
49 1238
49 133
49 374
49 1073
49 61
49 47
49 1198
49 256
49 73
49 323
49 305
49 14
49 1215
49 1148
49 135
49 37
49 269
49 561
49 789
49 145
49 298
49 777
49 575
49 1393
49 448
49 382
49 672
49 771
49 594
49 1072
49 1293
49 962
49 1209
49 828
49 1184
49 359
49 656
49 704
49 509
49 393
49 684
49 851
49 93
49 1388
49 798
49 1208
49 1061
49 190
49 2
49 461
49 639
49 292
49 1155
49 629
49 395
49 1311
49 236
49 738
49 1289
49 651
49 151
49 142
49 1364
49 1245
49 992
49 1201
49 362
49 843
49 159
49 345
49 957
49 80
49 1241
49 1362
49 750
49 254
49 334
49 432
49 872
49 792
49 1216
49 933
49 1194
49 689
49 370
49 936
49 625
49 331
49 326
49 1394
49 1278
49 852
49 1254
49 192
49 303
49 1395
49 314
49 459
49 928
49 1322
49 1179
49 569
49 501
49 794
49 335
49 1385
49 1248
49 313
49 355
49 49
49 1330
49 1342
49 682
49 63
49 121
49 707
49 745
49 1390
49 680
49 84
49 785
49 165
49 232
49 974
49 1355
49 358
49 555
49 837
49 576
49 504
49 979
49 1258
49 273
49 1076
49 664
49 948
49 166
49 1189
49 1317
49 572
49 533
49 246
49 413
49 445
49 945
49 43
49 123
49 996
49 563
49 980
49 573
49 128
49 1268
49 1376
49 227
49 472
49 766
49 140
49 963
49 606
49 191
49 710
49 351
49 1
49 308
49 105
49 1036
49 317
49 929
49 344
49 773
49 645
49 912
49 661
49 1279
49 99
49 348
49 398
49 940
49 196
49 449
49 1294
49 959
49 214
49 9
49 1026
49 507
49 1191
49 1265
49 1187
49 347
49 705
49 876
49 89
49 579
49 177
49 194
49 101
49 1127
49 414
49 1121
49 1059
49 98
49 1392
49 944
49 518
49 164
49 1100
49 50
49 404
49 557
49 1163
49 381
49 92
49 859
49 473
49 814
49 1142
49 1105
49 78
49 630
49 148
49 721
49 1226
49 927
49 523
49 655
49 706
49 863
49 914
49 125
49 869
49 526
49 1283
49 1161
49 397
49 816
49 71
49 309
49 547
49 1297
49 21
49 337
49 481
49 272
49 918
49 1078
49 647
49 489
49 622
49 1119
49 972
49 207
49 626
49 439
49 162
49 1181
49 1129
49 293
49 853
49 340
49 1040
49 306
49 1380
49 525
49 267
49 368
49 276
49 343
49 937
49 582
49 827
49 1257
49 1250
49 274
49 858
49 646
49 170
49 758
49 220
49 1057
49 28
49 36
49 244
49 588
49 892
49 578
49 224
49 451
49 660
49 930
49 206
49 740
49 1034
49 85
49 240
49 601
49 486
49 353
49 283
49 8
49 104
49 643
49 172
49 947
49 315
49 868
49 299
49 1320
49 1264
49 512
49 951
49 291
49 786
49 1220
49 278
49 1321
49 1260
49 228
49 282
49 767
49 350
49 1351
49 788
49 850
49 1387
49 983
49 438
49 997
49 826
49 179
49 960
49 654
49 416
49 831
49 818
49 1008
49 931
49 560
49 79
49 1065
49 1080
49 187
49 768
49 44
49 450
49 408
49 989
49 87
49 294
49 388
49 1027
49 29
49 487
49 548
49 496
49 209
49 861
49 456
49 917
49 530
49 610
49 1262
49 701
49 1333
49 1282
49 667
49 517
49 1033
49 1015
49 116
49 1348
49 545
49 1344
49 841
49 1319
49 571
49 97
49 690
49 466
49 33
49 1309
49 577
49 973
49 1145
49 442
49 226
49 1084
49 289
49 53
49 1205
49 245
49 316
49 966
49 199
49 874
49 1107
49 188
49 857
49 403
49 640
49 1255
49 574
49 327
49 842
49 1199
49 1042
49 6
49 1037
49 444
49 515
49 27
49 556
49 748
49 1041
49 181
49 143
49 988
49 802
49 45
49 76
49 1345
49 391
49 1099
49 222
49 260
49 787
49 69
49 1020
49 1175
49 922
49 373
49 1217
49 132
49 167
49 213
49 68
49 1296
49 1256
49 163
49 1274
49 1239
49 277
49 1292
49 1135
49 332
49 746
49 1197
49 1335
49 484
49 1097
49 1228
49 568
49 1325
49 18
49 653
49 658
49 956
49 923
49 401
49 96
49 1188
49 12
49 290
49 311
49 805
49 1237
49 127
49 860
49 82
49 887
49 982
49 1372
49 1029
49 441
49 189
49 528
49 782
49 1374
49 679
49 357
49 1371
49 221
49 1252
49 1354
49 1024
49 7
49 161
49 433
49 498
49 726
49 1123
49 186
49 1379
49 715
49 546
49 423
49 483
49 583
49 208
49 1329
49 631
49 147
49 280
49 233
49 1049
49 564
49 1211
49 30
49 925
49 235
49 168
49 1356
49 112
49 1213
49 1190
49 685
49 990
49 835
49 1104
49 25
49 1391
49 253
49 596
49 158
49 195
49 242
49 1266
49 836
49 13
49 1286
49 261
49 614
49 964
49 1270
49 754
49 919
49 1399
49 429
49 942
49 319
49 241
49 633
49 593
49 1067
49 446
49 1116
49 297
49 198
49 390
49 108
49 1013
49 48
49 1247
49 295
49 109
49 769
49 1307
49 86
49 11
49 310
49 284
49 589
49 378
49 871
49 1162
49 462
49 784
49 744
49 1324
49 455
49 176
49 675
49 628
49 1202
49 51
49 286
49 652
49 40
49 613
49 521
49 57
49 728
49 513
49 281
49 756
49 1044
49 921
49 1195
49 1300
49 74
49 1031
49 1183
49 1306
49 1010
49 737
49 65
49 124
49 1030
49 1007
49 635
49 796
49 257
49 580
49 1313
49 1069
49 1006
49 975
49 144
49 1349
49 541
49 994
49 1066
49 178
49 81
49 385
49 265
49 529
49 146
49 986
49 717
49 824
49 724
49 110
49 815
49 719
49 474
49 623
49 709
49 1064
49 638
49 1173
49 1186
49 880
49 26
49 727
49 976
49 437
49 781
49 505
49 864
49 488
49 1068
49 386
49 1153
49 1310
49 1014
49 627
49 1316
49 663
49 524
49 1353
49 1206
49 205
49 285
49 910
49 605
49 535
49 1288
49 1347
49 845
49 119
49 1174
49 532
49 650
49 1172
49 1295
49 935
49 612
49 938
49 939
49 1298
49 1221
49 844
49 1002
49 932
49 1089
49 909
49 182
49 604
49 590
49 819
49 56
49 618
49 659
49 367
49 813
49 998
49 1327
49 1230
49 185
49 1060
49 608
49 154
49 126
49 866
49 1323
49 878
49 234
49 765
49 697
49 838
49 1117
49 262
49 1023
49 617
49 534
49 1398
49 201
49 1062
49 490
49 1092
49 103
49 1106
49 757
49 1369
49 467
49 1134
49 1158
49 552
49 886
49 1269
49 591
49 810
49 847
49 372
49 808
49 1318
49 130
49 848
49 1284
49 739
49 409
49 693
49 873
49 411
49 258
49 465
49 896
49 1151
49 1249
49 1229
49 1272
49 695
49 1150
49 856
49 46
49 531
49 231
49 1287
49 1171
49 1050
49 702
49 692
49 1147
49 790
49 338
49 1103
49 510
49 770
49 516
49 480
49 1346
49 985
49 763
49 991
49 279
49 1332
49 1303
49 840
49 522
49 1157
49 1334
49 903
49 1032
49 139
49 665
49 1131
49 894
49 420
49 1275
49 849
49 941
49 259
49 741
49 75
49 1214
49 952
49 1035
49 1139
49 1166
49 20
49 550
49 91
49 1038
49 384
49 742
49 1312
49 901
49 463
49 725
49 1291
49 615
49 302
49 686
49 1212
49 1052
49 749
49 287
49 797
49 237
49 558
49 888
49 743
49 999
49 1009
49 723
49 497
49 519
49 1012
49 1005
49 747
49 799
49 379
49 698
49 566
49 1128
49 183
49 174
49 212
49 554
49 58
49 870
49 1315
49 1070
49 713
49 500
49 447
49 1167
49 173
49 506
49 1004
49 275
49 1115
49 371
49 263
49 83
49 696
49 197
49 829
49 421
49 52
49 1000
49 699
49 865
49 1075
49 1338
49 171
49 118
49 152
49 913
49 1339
49 1363
49 691
49 1169
49 1352
49 230
49 599
49 1051
49 908
49 760
49 1343
49 1328
49 822
49 846
49 1122
49 907
49 1242
49 683
49 595
49 1039
49 1277
49 1095
49 216
49 779
49 624
49 453
49 811
49 193
49 1373
49 210
49 1204
49 649
49 620
49 806
49 1144
49 1397
49 153
49 169
49 102
49 129
49 1337
49 1336
49 1357
49 1011
49 1331
49 1001
49 136
49 31
49 217
49 218
49 225
49 1326
49 141
49 219
49 1019
49 137
49 1360
49 138
49 215
49 1396
49 156
49 1358
49 1359
49 223
49 1003
49 1022
49 5
49 66
49 64
49 114
49 184
49 77
49 1016
49 1367
49 204
49 38
49 10
49 90
49 203
49 202
49 42
49 19
49 41
49 39
49 200
49 1025
49 88
49 113
49 1028
49 1378
49 1021
49 106
49 67
49 995
49 175
49 122
49 100
49 211
49 1340
49 993
49 70
49 984
49 1018
49 1017
49 120
49 1350
49 1314
49 1341
49 95
49 915
49 229
49 1113
49 619
49 621
49 1133
49 1132
49 632
49 634
49 636
49 1130
49 642
49 867
49 862
49 1126
49 1125
49 657
49 1124
49 669
49 670
49 1120
49 673
49 674
49 676
49 1118
49 678
49 1114
49 687
49 616
49 609
49 1136
49 881
49 884
49 549
49 1160
49 1159
49 883
49 882
49 1156
49 1152
49 567
49 1146
49 1143
49 581
49 603
49 879
49 1141
49 586
49 1140
49 877
49 592
49 597
49 598
49 600
49 875
49 602
49 688
49 694
49 238
49 1112
49 775
49 776
49 1094
49 780
49 783
49 1093
49 791
49 1091
49 793
49 1090
49 795
49 800
49 801
49 803
49 804
49 807
49 809
49 812
49 817
49 834
49 820
49 821
49 823
49 825
49 1077
49 774
49 839
49 772
49 1102
49 1111
49 1110
49 708
49 711
49 712
49 714
49 716
49 718
49 720
49 722
49 729
49 735
49 1096
49 1101
49 1074
49 1098
49 751
49 752
49 753
49 755
49 759
49 761
49 762
49 764
49 885
49 544
49 543
49 539
49 953
49 1276
49 330
49 950
49 949
49 946
49 1058
49 354
49 1244
49 1243
49 360
49 361
49 1234
49 1232
49 1231
49 926
49 1227
49 1223
49 380
49 924
49 387
49 1218
49 392
49 396
49 920
49 954
49 1285
49 955
49 971
49 239
49 243
49 247
49 250
49 251
49 252
49 1305
49 1304
49 268
49 1299
49 270
49 970
49 312
49 969
49 968
49 967
49 288
49 296
49 1045
49 1046
49 301
49 1290
49 1048
49 958
49 399
49 400
49 402
49 503
49 1177
49 1176
49 482
49 485
49 900
49 898
49 491
49 492
49 495
49 897
49 1170
49 1168
49 902
49 508
49 511
49 895
49 514
49 520
49 893
49 891
49 890
49 1165
49 536
49 1164
49 1178
49 471
49 405
49 431
49 407
49 412
49 1207
49 415
49 418
49 419
49 1203
49 426
49 427
49 428
49 430
49 434
49 470
49 436
49 911
49 440
49 443
49 1196
49 906
49 905
49 904
49 464
49 468
49 469
49 1400
