51 326
51 494
51 528
51 23
51 1301
51 192
51 1213
51 261
51 1112
51 94
51 105
51 106
51 1281
51 1259
51 273
51 306
51 133
51 803
51 1214
51 629
51 1310
51 1391
51 25
51 666
51 4
51 925
51 248
51 124
51 922
51 801
51 1149
51 3
51 1394
51 142
51 336
51 498
51 36
51 992
51 802
51 523
51 410
51 265
51 468
51 160
51 435
51 667
51 1263
51 456
51 260
51 1235
51 269
51 61
51 134
51 655
51 1393
51 146
51 1076
51 96
51 798
51 254
51 912
51 373
51 329
51 569
51 205
51 22
51 197
51 291
51 1222
51 188
51 17
51 541
51 1334
51 671
51 179
51 1210
51 1225
51 231
51 662
51 27
51 251
51 1211
51 2
51 458
51 318
51 1197
51 941
51 360
51 959
51 270
51 906
51 997
51 547
51 465
51 376
51 307
51 170
51 550
51 161
51 1048
51 122
51 600
51 335
51 421
51 921
51 233
51 1104
51 572
51 1381
51 1302
51 19
51 1245
51 332
51 1124
51 372
51 577
51 125
51 121
51 826
51 393
51 1248
51 610
51 1205
51 21
51 849
51 553
51 9
51 1243
51 661
51 117
51 784
51 422
51 1274
51 899
51 182
51 1332
51 1241
51 664
51 1191
51 75
51 1154
51 645
51 333
51 363
51 607
51 1319
51 154
51 625
51 573
51 107
51 1192
51 69
51 358
51 808
51 44
51 432
51 923
51 1221
51 1157
51 440
51 1364
51 556
51 349
51 527
51 969
51 1311
51 1105
51 1304
51 377
51 469
51 10
51 576
51 112
51 1367
51 1224
51 242
51 180
51 384
51 8
51 901
51 1040
51 186
51 337
51 63
51 1159
51 24
51 247
51 304
51 324
51 1142
51 375
51 1108
51 927
51 1106
51 37
51 537
51 292
51 345
51 601
51 196
51 406
51 983
51 369
51 34
51 493
51 1201
51 1220
51 559
51 672
51 1386
51 208
51 1358
51 35
51 714
51 565
51 316
51 651
51 187
51 259
51 785
51 145
51 229
51 1212
51 366
51 644
51 1043
51 460
51 382
51 1352
51 1042
51 230
51 74
51 990
51 979
51 123
51 562
51 256
51 939
51 193
51 87
51 551
51 457
51 930
51 433
51 309
51 961
51 279
51 929
51 308
51 135
51 599
51 328
51 174
51 55
51 359
51 531
51 1215
51 1184
51 1351
51 1355
51 383
51 688
51 189
51 53
51 322
51 609
51 1305
51 1185
51 191
51 355
51 43
51 365
51 710
51 1383
51 809
51 266
51 257
51 16
51 461
51 1228
51 334
51 1363
51 79
51 60
51 1182
51 966
51 56
51 300
51 72
51 1309
51 570
51 991
51 1365
51 310
51 484
51 148
51 339
51 234
51 646
51 526
51 892
51 857
51 57
51 97
51 1209
51 439
51 347
51 481
51 225
51 1100
51 340
51 1324
51 45
51 792
51 293
51 289
51 7
51 232
51 1377
51 271
51 943
51 1254
51 272
51 240
51 965
51 364
51 1195
51 414
51 540
51 907
51 1396
51 1399
51 1155
51 217
51 299
51 1006
51 1188
51 1260
51 1247
51 623
51 459
51 535
51 988
51 475
51 346
51 89
51 315
51 641
51 973
51 412
51 1074
51 413
51 50
51 1382
51 1237
51 71
51 1282
51 342
51 1005
51 348
51 933
51 1323
51 1193
51 545
51 977
51 665
51 1240
51 504
51 381
51 1268
51 1072
51 1186
51 204
51 305
51 147
51 352
51 84
51 88
51 626
51 993
51 918
51 120
51 1239
51 1356
51 80
51 1264
51 1397
51 563
51 978
51 1109
51 173
51 1036
51 428
51 653
51 104
51 1395
51 752
51 1062
51 1400
51 343
51 668
51 434
51 1278
51 1020
51 169
51 557
51 1366
51 1328
51 1027
51 657
51 690
51 172
51 1262
51 479
51 1300
51 1384
51 294
51 441
51 1107
51 1253
51 327
51 604
51 317
51 529
51 799
51 394
51 789
51 1322
51 59
51 1354
51 255
51 235
51 303
51 902
51 872
51 353
51 297
51 897
51 1236
51 754
51 984
51 568
51 1198
51 791
51 111
51 119
51 794
51 386
51 1080
51 1200
51 447
51 397
51 1373
51 976
51 54
51 487
51 652
51 344
51 150
51 814
51 73
51 40
51 1261
51 750
51 996
51 58
51 128
51 1251
51 155
51 683
51 110
51 207
51 1371
51 967
51 228
51 574
51 1114
51 478
51 974
51 93
51 323
51 981
51 1173
51 1
51 916
51 424
51 972
51 1083
51 464
51 544
51 314
51 311
51 522
51 495
51 12
51 1153
51 241
51 85
51 1353
51 1255
51 62
51 26
51 630
51 280
51 127
51 1002
51 500
51 525
51 212
51 1075
51 560
51 268
51 378
51 1179
51 1375
51 267
51 1187
51 395
51 195
51 1385
51 211
51 41
51 1297
51 994
51 388
51 701
51 171
51 962
51 882
51 165
51 564
51 222
51 477
51 663
51 659
51 788
51 131
51 101
51 76
51 924
51 370
51 919
51 209
51 283
51 1336
51 513
51 450
51 1325
51 1180
51 775
51 816
51 1368
51 1135
51 296
51 1331
51 431
51 1321
51 252
51 489
51 538
51 555
51 258
51 1273
51 126
51 1350
51 416
51 1307
51 746
51 1189
51 298
51 244
51 1082
51 796
51 401
51 1111
51 325
51 1349
51 1390
51 946
51 452
51 1372
51 472
51 1051
51 773
51 362
51 536
51 1232
51 1061
51 418
51 947
51 815
51 1139
51 453
51 956
51 1279
51 1012
51 496
51 1257
51 1151
51 611
51 989
51 503
51 1216
51 403
51 633
51 689
51 1370
51 371
51 751
51 1037
51 520
51 91
51 1288
51 502
51 605
51 975
51 727
51 250
51 1392
51 728
51 321
51 445
51 49
51 534
51 964
51 732
51 1242
51 944
51 585
51 18
51 1039
51 181
51 277
51 753
51 1226
51 168
51 998
51 749
51 216
51 164
51 903
51 782
51 1147
51 811
51 1181
51 455
51 1171
51 580
51 356
51 878
51 1231
51 1218
51 561
51 866
51 1296
51 876
51 608
51 940
51 201
51 1038
51 1227
51 1009
51 590
51 1199
51 1313
51 417
51 39
51 1249
51 960
51 319
51 771
51 1359
51 1223
51 29
51 697
51 518
51 1057
51 476
51 1055
51 81
51 501
51 282
51 679
51 670
51 443
51 1084
51 444
51 338
51 1194
51 1284
51 1238
51 1145
51 774
51 766
51 602
51 20
51 1250
51 220
51 1064
51 1244
51 660
51 1174
51 587
51 1387
51 1081
51 1295
51 1093
51 140
51 855
51 1287
51 1130
51 971
51 404
51 936
51 1137
51 747
51 341
51 505
51 1318
51 1341
51 1233
51 836
51 1110
51 686
51 674
51 881
51 295
51 354
51 115
51 734
51 900
51 466
51 685
51 786
51 696
51 861
51 276
51 935
51 620
51 948
51 1165
51 330
51 1126
51 824
51 262
51 628
51 33
51 675
51 320
51 30
51 227
51 1008
51 1298
51 1275
51 797
51 1053
51 380
51 379
51 575
51 102
51 678
51 542
51 616
51 118
51 856
51 829
51 442
51 823
51 634
51 1229
51 1015
51 1117
51 1203
51 719
51 566
51 158
51 597
51 1010
51 1339
51 761
51 167
51 859
51 700
51 491
51 650
51 176
51 492
51 448
51 499
51 190
51 48
51 446
51 6
51 398
51 1337
51 917
51 166
51 508
51 1289
51 783
51 490
51 385
51 813
51 100
51 149
51 389
51 858
51 1177
51 1265
51 278
51 438
51 507
51 658
51 593
51 731
51 669
51 1094
51 511
51 47
51 1294
51 706
51 236
51 583
51 331
51 423
51 1140
51 313
51 430
51 942
51 854
51 1267
51 98
51 14
51 763
51 693
51 132
51 624
51 552
51 648
51 391
51 1303
51 90
51 810
51 185
51 793
51 1362
51 1144
51 637
51 1007
51 245
51 692
51 1167
51 1029
51 579
51 407
51 28
51 1292
51 474
51 1256
51 949
51 622
51 987
51 1143
51 606
51 286
51 427
51 530
51 807
51 870
51 399
51 425
51 539
51 517
51 1317
51 514
51 1202
51 95
51 287
51 206
51 886
51 1172
51 5
51 387
51 264
51 800
51 183
51 779
51 1047
51 588
51 1283
51 592
51 420
51 467
51 1030
51 52
51 549
51 109
51 905
51 198
51 934
51 38
51 757
51 1128
51 1131
51 184
51 762
51 920
51 874
51 1164
51 1161
51 1380
51 1204
51 86
51 1096
51 202
51 1234
51 1056
51 1207
51 1299
51 612
51 521
51 1004
51 875
51 721
51 1148
51 1272
51 739
51 288
51 594
51 695
51 152
51 772
51 715
51 806
51 51
51 656
51 103
51 473
51 151
51 1092
51 116
51 1326
51 770
51 485
51 820
51 533
51 945
51 1156
51 1078
51 736
51 13
51 483
51 1069
51 680
51 1073
51 1347
51 1361
51 781
51 640
51 873
51 1306
51 42
51 818
51 795
51 909
51 1095
51 848
51 963
51 175
51 953
51 895
51 275
51 598
51 1246
51 239
51 156
51 213
51 865
51 1098
51 711
51 1271
51 1065
51 351
51 437
51 1097
51 838
51 1190
51 554
51 1338
51 567
51 603
51 1374
51 163
51 1003
51 717
51 78
51 682
51 584
51 1266
51 1099
51 705
51 1014
51 1169
51 77
51 632
51 312
51 889
51 210
51 203
51 847
51 737
51 1277
51 1270
51 274
51 954
51 649
51 822
51 1315
51 1330
51 896
51 224
51 1141
51 769
51 11
51 846
51 691
51 449
51 687
51 591
51 851
51 970
51 986
51 1041
51 887
51 426
51 1230
51 780
51 68
51 615
51 1086
51 141
51 144
51 543
51 1196
51 1031
51 237
51 638
51 915
51 980
51 221
51 470
51 718
51 139
51 673
51 1132
51 249
51 843
51 1001
51 571
51 1158
51 589
51 1269
51 70
51 1085
51 129
51 546
51 1316
51 199
51 1066
51 548
51 1091
51 243
51 712
51 613
51 390
51 506
51 519
51 643
51 1077
51 159
51 1219
51 361
51 817
51 578
51 765
51 1217
51 1013
51 1018
51 454
51 733
51 290
51 830
51 138
51 1280
51 867
51 1346
51 713
51 839
51 1115
51 618
51 1119
51 415
51 1379
51 1059
51 760
51 828
51 748
51 402
51 114
51 1163
51 999
51 214
51 729
51 730
51 1344
51 614
51 66
51 627
51 636
51 764
51 702
51 64
51 707
51 985
51 837
51 1019
51 219
51 1342
51 699
51 488
51 1252
51 177
51 635
51 1024
51 894
51 1343
51 825
51 157
51 486
51 928
51 82
51 1166
51 83
51 767
51 704
51 869
51 932
51 840
51 868
51 890
51 113
51 845
51 1398
51 1378
51 844
51 108
51 864
51 1340
51 914
51 913
51 888
51 863
51 1348
51 842
51 862
51 46
51 1345
51 891
51 1308
51 908
51 1376
51 860
51 841
51 926
51 65
51 1293
51 143
51 1314
51 1357
51 1312
51 898
51 1329
51 880
51 911
51 1360
51 850
51 1285
51 178
51 1286
51 1327
51 1320
51 879
51 853
51 877
51 931
51 32
51 910
51 92
51 31
51 137
51 883
51 884
51 130
51 162
51 1369
51 1276
51 852
51 871
51 67
51 1389
51 1388
51 99
51 153
51 893
51 1291
51 1290
51 885
51 15
51 1335
51 1333
51 136
51 904
51 617
51 1258
51 724
51 451
51 698
51 1071
51 1068
51 1067
51 462
51 463
51 694
51 471
51 1063
51 684
51 1060
51 480
51 482
51 1058
51 968
51 681
51 677
51 497
51 703
51 1079
51 436
51 411
51 723
51 396
51 722
51 400
51 720
51 405
51 408
51 409
51 1090
51 708
51 1089
51 1088
51 716
51 419
51 1087
51 958
51 429
51 709
51 1054
51 676
51 982
51 581
51 1028
51 1026
51 639
51 1025
51 1023
51 1022
51 1021
51 1017
51 582
51 558
51 586
51 595
51 596
51 631
51 1016
51 1011
51 621
51 619
51 642
51 1032
51 509
51 1049
51 510
51 512
51 515
51 516
51 1052
51 524
51 654
51 1050
51 1046
51 1033
51 532
51 995
51 1045
51 1044
51 647
51 1000
51 1035
51 1034
51 392
51 1101
51 835
51 725
51 253
51 950
51 951
51 263
51 790
51 952
51 787
51 1183
51 1178
51 778
51 281
51 777
51 776
51 284
51 285
51 1176
51 1175
51 768
51 1170
51 1206
51 1208
51 246
51 215
51 194
51 834
51 833
51 200
51 832
51 831
51 827
51 937
51 821
51 804
51 218
51 819
51 223
51 226
51 938
51 812
51 238
51 805
51 1168
51 301
51 302
51 1118
51 740
51 1125
51 1123
51 738
51 357
51 1122
51 1121
51 1120
51 1116
51 1127
51 367
51 368
51 735
51 1113
51 374
51 1103
51 1102
51 726
51 350
51 1129
51 1162
51 955
51 1160
51 1152
51 759
51 758
51 1150
51 756
51 755
51 1146
51 957
51 741
51 1138
51 745
51 744
51 1136
51 743
51 742
51 1134
51 1133
51 1070
