53 208
53 298
53 1221
53 269
53 1253
53 437
53 407
53 1236
53 61
53 1282
53 1273
53 267
53 531
53 653
53 268
53 297
53 33
53 1222
53 112
53 447
53 1006
53 270
53 1181
53 408
53 1238
53 1139
53 775
53 967
53 22
53 88
53 456
53 332
53 228
53 1377
53 402
53 607
53 490
53 19
53 85
53 104
53 318
53 370
53 1255
53 1297
53 1105
53 339
53 625
53 469
53 1274
53 1393
53 1073
53 1189
53 665
53 1319
53 193
53 808
53 540
53 342
53 296
53 1245
53 1249
53 34
53 978
53 500
53 1111
53 541
53 524
53 1309
53 809
53 993
53 1243
53 266
53 160
53 1391
53 1303
53 186
53 992
53 319
53 18
53 450
53 180
53 626
53 1247
53 579
53 372
53 129
53 1239
53 299
53 93
53 273
53 1194
53 161
53 663
53 465
53 688
53 403
53 655
53 574
53 373
53 37
53 410
53 27
53 25
53 571
53 278
53 536
53 892
53 657
53 448
53 288
53 1375
53 1248
53 1353
53 167
53 1258
53 803
53 1259
53 190
53 87
53 449
53 434
53 317
53 349
53 433
53 975
53 535
53 608
53 1108
53 36
53 436
53 1161
53 1224
53 494
53 488
53 481
53 1180
53 604
53 1390
53 576
53 329
53 1179
53 89
53 498
53 563
53 662
53 1191
53 1203
53 959
53 427
53 1199
53 102
53 1351
53 1302
53 873
53 240
53 44
53 1003
53 1112
53 17
53 912
53 1295
53 522
53 369
53 1074
53 64
53 421
53 428
53 966
53 1147
53 557
53 169
53 420
53 84
53 472
53 176
53 106
53 1301
53 1062
53 1328
53 217
53 801
53 259
53 1190
53 179
53 375
53 1143
53 386
53 166
53 114
53 487
53 630
53 1009
53 188
53 1263
53 435
53 994
53 1373
53 110
53 878
53 998
53 1124
53 1310
53 183
53 197
53 493
53 1381
53 251
53 1286
53 916
53 224
53 360
53 1002
53 1228
53 491
53 887
53 927
53 666
53 1312
53 1107
53 7
53 660
53 1276
53 116
53 550
53 1237
53 146
53 125
53 816
53 1234
53 229
53 1318
53 185
53 1232
53 504
53 1160
53 446
53 196
53 128
53 529
53 414
53 232
53 903
53 693
53 236
53 230
53 1144
53 1087
53 1281
53 11
53 1154
53 231
53 233
53 1150
53 2
53 108
53 1367
53 1083
53 1368
53 575
53 393
53 970
53 1162
53 1007
53 523
53 56
53 527
53 692
53 248
53 560
53 1193
53 28
53 142
53 942
53 802
53 1296
53 629
53 216
53 569
53 1072
53 495
53 252
53 1220
53 63
53 747
53 1165
53 122
53 556
53 192
53 1110
53 105
53 680
53 922
53 97
53 468
53 1322
53 326
53 340
53 1052
53 401
53 316
53 226
53 1185
53 902
53 872
53 1305
53 577
53 134
53 213
53 1371
53 991
53 462
53 664
53 257
53 1231
53 723
53 364
53 1039
53 222
53 946
53 432
53 549
53 537
53 1106
53 371
53 310
53 1081
53 921
53 69
53 583
53 1356
53 721
53 974
53 1153
53 191
53 1354
53 35
53 1298
53 1304
53 365
53 1315
53 1075
53 302
53 587
53 512
53 1198
53 347
53 59
53 1262
53 243
53 337
53 395
53 168
53 40
53 283
53 1352
53 591
53 656
53 553
53 1230
53 145
53 786
53 580
53 1335
53 1077
53 764
53 767
53 947
53 1164
53 1104
53 1197
53 1268
53 1079
53 1394
53 1088
53 73
53 215
53 519
53 923
53 1209
53 94
53 601
53 206
53 1184
53 458
53 209
53 636
53 1119
53 528
53 234
53 72
53 907
53 261
53 1369
53 205
53 1323
53 396
53 977
53 1313
53 60
53 57
53 480
53 1114
53 812
53 1151
53 800
53 294
53 328
53 877
53 1350
53 1284
53 3
53 1042
53 324
53 858
53 1372
53 477
53 979
53 649
53 124
53 173
53 274
53 211
53 341
53 1172
53 74
53 126
53 815
53 175
53 321
53 930
53 181
53 247
53 1277
53 1252
53 689
53 50
53 1330
53 718
53 265
53 796
53 667
53 45
53 221
53 356
53 225
53 759
53 1374
53 262
53 170
53 567
53 651
53 1288
53 384
53 609
53 189
53 1149
53 202
53 766
53 133
53 899
53 312
53 101
53 1389
53 917
53 811
53 218
53 79
53 323
53 901
53 366
53 174
53 596
53 690
53 511
53 1005
53 1382
53 1244
53 1272
53 501
53 765
53 559
53 918
53 777
53 670
53 610
53 1251
53 138
53 772
53 353
53 1159
53 154
53 1084
53 986
53 936
53 423
53 710
53 9
53 242
53 344
53 983
53 746
53 774
53 924
53 1078
53 20
53 54
53 135
53 1082
53 976
53 235
53 987
53 131
53 293
53 599
53 442
53 237
53 300
53 1227
53 818
53 941
53 119
53 404
53 470
53 1264
53 1156
53 841
53 627
53 1213
53 814
53 295
53 1214
53 849
53 856
53 4
53 900
53 1211
53 981
53 1225
53 280
53 1157
53 928
53 452
53 1146
53 621
53 868
53 1040
53 566
53 714
53 148
53 484
53 307
53 1065
53 526
53 859
53 757
53 1188
53 661
53 207
53 198
53 463
53 969
53 464
53 1015
53 1275
53 253
53 187
53 572
53 279
53 355
53 379
53 700
53 1355
53 646
53 343
53 554
53 547
53 696
53 306
53 1341
53 518
53 440
53 798
53 731
53 120
53 466
53 729
53 118
53 23
53 996
53 1192
53 439
53 633
53 1364
53 719
53 1201
53 517
53 158
53 1010
53 49
53 292
53 1317
53 984
53 68
53 357
53 1155
53 1080
53 797
53 1204
53 780
53 713
53 289
53 182
53 492
53 123
53 272
53 933
53 712
53 48
53 177
53 965
53 398
53 1218
53 908
53 394
53 1398
53 1182
53 1205
53 788
53 508
53 121
53 905
53 385
53 813
53 1195
53 389
53 799
53 39
53 534
53 971
53 438
53 658
53 507
53 305
53 669
53 960
53 1349
53 1163
53 943
53 431
53 335
53 1175
53 706
53 214
53 542
53 1241
53 782
53 1
53 1140
53 1226
53 313
53 565
53 430
53 381
53 1093
53 26
53 287
53 623
53 1267
53 634
53 309
53 1173
53 855
53 98
53 751
53 552
53 204
53 1187
53 893
53 383
53 1130
53 773
53 418
53 336
53 875
53 555
53 793
53 1142
53 637
53 363
53 184
53 382
53 497
53 1066
53 1336
53 1029
53 416
53 374
53 602
53 525
53 1166
53 1256
53 1210
53 333
53 771
53 949
53 377
53 1167
53 376
53 989
53 530
53 352
53 539
53 652
53 514
53 1202
53 643
53 590
53 645
53 388
53 314
53 1279
53 932
53 886
53 258
53 618
53 387
53 659
53 779
53 1383
53 1283
53 1063
53 117
53 592
53 1212
53 953
53 467
53 699
53 51
53 109
53 850
53 38
53 1326
53 1320
53 1324
53 711
53 857
53 1116
53 990
53 212
53 334
53 1171
53 920
53 838
53 635
53 1216
53 86
53 1338
53 1134
53 277
53 503
53 24
53 308
53 562
53 763
53 544
53 894
53 973
53 359
53 1395
53 673
53 612
53 521
53 1287
53 445
53 1343
53 1148
53 825
53 585
53 256
53 505
53 513
53 227
53 455
53 863
53 322
53 1094
53 103
53 473
53 545
53 304
53 100
53 1047
53 741
53 770
53 683
53 486
53 1233
53 516
53 485
53 794
53 820
53 533
53 1186
53 1235
53 945
53 1145
53 284
53 675
53 260
53 1387
53 13
53 483
53 595
53 988
53 785
53 165
53 82
53 1306
53 600
53 1223
53 1242
53 1386
53 1095
53 795
53 1254
53 81
53 459
53 963
53 895
53 1321
53 1177
53 43
53 139
53 99
53 952
53 1001
53 90
53 351
53 21
53 958
53 624
53 605
53 330
53 1091
53 1347
53 1400
53 1257
53 474
53 30
53 717
53 682
53 1266
53 926
53 1076
53 573
53 705
53 743
53 1014
53 77
53 390
53 632
53 1004
53 203
53 836
53 1100
53 1068
53 8
53 241
53 245
53 1270
53 1200
53 906
53 1337
53 1240
53 58
53 695
53 1141
53 378
53 784
53 691
53 443
53 311
53 687
53 679
53 246
53 672
53 588
53 694
53 919
53 701
53 426
53 91
53 972
53 1086
53 358
53 144
53 1370
53 570
53 475
53 115
53 53
53 915
53 195
53 980
53 1325
53 997
53 201
53 454
53 1098
53 315
53 828
53 830
53 804
53 1158
53 589
53 1269
53 417
53 70
53 1085
53 999
53 750
53 460
53 597
53 303
53 1339
53 461
53 668
53 325
53 709
53 444
53 844
53 940
53 327
53 1289
53 1307
53 789
53 172
53 1290
53 159
53 361
53 561
53 1380
53 1333
53 817
53 29
53 578
53 96
53 730
53 149
53 78
53 1056
53 845
53 1260
53 6
53 1280
53 944
53 939
53 1019
53 55
53 413
53 1365
53 219
53 1250
53 457
53 638
53 1342
53 80
53 16
53 962
53 415
53 496
53 1379
53 792
53 391
53 380
53 244
53 748
53 1097
53 826
53 739
53 606
53 1092
53 1271
53 749
53 499
53 489
53 132
53 348
53 1332
53 52
53 754
53 1334
53 42
53 827
53 346
53 171
53 150
53 1128
53 702
53 697
53 538
53 1265
53 985
53 1385
53 593
53 1207
53 147
53 964
53 152
53 1278
53 406
53 155
53 564
53 1024
53 781
53 686
53 1064
53 453
53 1229
53 157
53 1261
53 1246
53 603
53 62
53 1061
53 704
53 869
53 199
53 1376
53 1132
53 1176
53 1178
53 1183
53 769
53 1133
53 681
53 1131
53 733
53 1196
53 685
53 1397
53 32
53 1362
53 1363
53 1217
53 768
53 1215
53 1366
53 178
53 684
53 1208
53 31
53 787
53 1206
53 1174
53 732
53 1378
53 677
53 678
53 194
53 738
53 1152
53 671
53 210
53 12
53 776
53 778
53 10
53 1138
53 1137
53 1388
53 1392
53 5
53 1396
53 1136
53 14
53 674
53 676
53 1361
53 734
53 740
53 1170
53 1169
53 735
53 223
53 783
53 220
53 736
53 1384
53 1135
53 1168
53 737
53 15
53 200
53 760
53 744
53 756
53 113
53 1292
53 1327
53 1291
53 707
53 83
53 724
53 1285
53 1219
53 1329
53 76
53 703
53 75
53 127
53 1331
53 71
53 722
53 1293
53 720
53 111
53 1311
53 1308
53 752
53 755
53 1314
53 95
53 1316
53 715
53 92
53 1300
53 1129
53 716
53 1299
53 708
53 1294
53 725
53 130
53 67
53 1346
53 745
53 1348
53 47
53 46
53 1357
53 162
53 163
53 164
53 753
53 1358
53 761
53 41
53 1359
53 762
53 1360
53 156
53 153
53 66
53 151
53 136
53 137
53 65
53 726
53 1399
53 140
53 141
53 698
53 143
53 1340
53 758
53 727
53 1344
53 1345
53 728
53 107
53 543
53 1127
53 429
53 955
53 954
53 951
53 950
53 586
53 948
53 584
53 441
53 831
53 938
53 937
53 935
53 451
53 934
53 582
53 581
53 931
53 832
53 929
53 833
53 925
53 834
53 914
53 913
53 471
53 956
53 957
53 1126
53 829
53 1011
53 821
53 822
53 823
53 1008
53 824
53 1000
53 392
53 995
53 397
53 399
53 400
53 598
53 982
53 405
53 409
53 968
53 411
53 412
53 594
53 419
53 422
53 961
53 424
53 425
53 911
53 835
53 476
53 910
53 515
53 558
53 880
53 879
53 876
53 520
53 847
53 848
53 874
53 871
53 851
53 870
53 867
53 866
53 551
53 865
53 532
53 852
53 864
53 853
53 862
53 861
53 548
53 860
53 854
53 846
53 881
53 882
53 568
53 478
53 479
53 909
53 482
53 837
53 904
53 839
53 898
53 897
53 896
53 840
53 842
53 510
53 891
53 890
53 843
53 889
53 888
53 502
53 885
53 506
53 884
53 883
53 509
53 611
53 613
53 1012
53 1055
53 271
53 546
53 1090
53 1089
53 275
53 276
53 644
53 642
53 281
53 282
53 1071
53 641
53 285
53 286
53 640
53 1070
53 1069
53 290
53 291
53 1067
53 639
53 1060
53 1059
53 1058
53 301
53 648
53 650
53 1096
53 249
53 1125
53 1123
53 1122
53 1121
53 1120
53 238
53 239
53 1118
53 1117
53 1115
53 1113
53 250
53 264
53 1109
53 1103
53 1102
53 254
53 255
53 790
53 1101
53 791
53 654
53 1099
53 263
53 1057
53 1054
53 614
53 805
53 1030
53 620
53 345
53 1028
53 1027
53 350
53 619
53 617
53 1026
53 354
53 1025
53 1023
53 616
53 1022
53 362
53 615
53 1021
53 1020
53 367
53 368
53 1018
53 1017
53 1016
53 742
53 1013
53 1031
53 1032
53 1033
53 1045
53 1053
53 1051
53 631
53 806
53 1050
53 1049
53 1048
53 807
53 320
53 1046
53 628
53 1044
53 1034
53 1043
53 1041
53 1038
53 810
53 331
53 1037
53 819
53 1036
53 622
53 1035
53 338
53 647
