54 123
54 84
54 1213
54 1307
54 44
54 666
54 305
54 525
54 354
54 1185
54 979
54 651
54 623
54 559
54 784
54 338
54 1393
54 303
54 1300
54 655
54 142
54 353
54 554
54 983
54 1192
54 789
54 398
54 365
54 295
54 959
54 274
54 553
54 101
54 283
54 211
54 1107
54 1002
54 294
54 1241
54 1394
54 1159
54 670
54 999
54 366
54 546
54 754
54 120
54 555
54 566
54 145
54 1204
54 423
54 21
54 522
54 1161
54 645
54 1395
54 45
54 662
54 240
54 564
54 269
54 570
54 1284
54 347
54 102
54 1006
54 524
54 1263
54 260
54 1378
54 597
54 1198
54 1104
54 1106
54 646
54 81
54 98
54 378
54 668
54 343
54 55
54 480
54 571
54 962
54 438
54 1001
54 25
54 1112
54 872
54 36
54 364
54 344
54 1004
54 661
54 435
54 572
54 58
54 873
54 481
54 23
54 560
54 1348
54 550
54 421
54 348
54 539
54 310
54 355
54 1366
54 690
54 332
54 759
54 318
54 273
54 1258
54 387
54 79
54 625
54 77
54 1066
54 26
54 94
54 49
54 773
54 509
54 396
54 135
54 306
54 436
54 605
54 371
54 584
54 1317
54 1282
54 1292
54 1386
54 688
54 963
54 20
54 61
54 37
54 626
54 628
54 89
54 1377
54 369
54 22
54 689
54 144
54 707
54 861
54 1139
54 1281
54 541
54 339
54 493
54 1264
54 576
54 1040
54 947
54 1355
54 182
54 401
54 1099
54 1381
54 175
54 267
54 1110
54 1328
54 508
54 565
54 1274
54 976
54 606
54 1217
54 329
54 994
54 1356
54 1319
54 535
54 357
54 574
54 456
54 74
54 497
54 981
54 1215
54 125
54 1098
54 1183
54 437
54 66
54 1253
54 24
54 717
54 166
54 325
54 1200
54 337
54 154
54 1218
54 85
54 667
54 701
54 1065
54 29
54 980
54 48
54 1270
54 593
54 635
54 1220
54 1191
54 869
54 540
54 395
54 1236
54 342
54 333
54 1234
54 505
54 334
54 1216
54 1222
54 585
54 599
54 370
54 1082
54 544
54 414
54 272
54 168
54 1211
54 816
54 384
54 151
54 1283
54 381
54 352
54 697
54 1151
54 549
54 1000
54 1100
54 35
54 358
54 1154
54 1309
54 270
54 160
54 71
54 1158
54 1250
54 932
54 1303
54 380
54 1226
54 591
54 5
54 1097
54 912
54 411
54 1306
54 406
54 62
54 383
54 899
54 1285
54 1007
54 1308
54 713
54 128
54 186
54 139
54 50
54 359
54 1311
54 489
54 592
54 82
54 233
54 634
54 537
54 32
54 1369
54 1105
54 487
54 1199
54 580
54 529
54 69
54 569
54 225
54 122
54 197
54 219
54 442
54 1188
54 1290
54 657
54 638
54 575
54 47
54 721
54 1244
54 939
54 218
54 158
54 937
54 814
54 957
54 621
54 577
54 992
54 1391
54 991
54 162
54 578
54 1326
54 1073
54 192
54 1232
54 124
54 40
54 1206
54 268
54 925
54 1237
54 874
54 1373
54 1074
54 974
54 293
54 1268
54 12
54 1005
54 1177
54 1207
54 473
54 277
54 603
54 1184
54 63
54 1354
54 53
54 608
54 239
54 16
54 800
54 1147
54 664
54 399
54 1345
54 946
54 1196
54 2
54 95
54 121
54 1061
54 275
54 51
54 766
54 88
54 538
54 397
54 173
54 557
54 1036
54 636
54 801
54 1093
54 93
54 1229
54 943
54 1279
54 314
54 1351
54 1136
54 17
54 185
54 1062
54 747
54 764
54 1364
54 752
54 556
54 767
54 1148
54 446
54 1262
54 494
54 485
54 1038
54 372
54 936
54 1010
54 1343
54 96
54 54
54 1302
54 1096
54 629
54 1240
54 183
54 1310
54 954
54 232
54 157
54 234
54 1295
54 304
54 19
54 865
54 601
54 13
54 1349
54 1271
54 307
54 982
54 190
54 490
54 693
54 72
54 1041
54 715
54 685
54 1157
54 1179
54 997
54 798
54 966
54 496
54 1181
54 944
54 189
54 282
54 349
54 1164
54 1350
54 692
54 100
54 1115
54 1114
54 695
54 518
54 443
54 1361
54 350
54 1205
54 328
54 815
54 163
54 1390
54 181
54 161
54 482
54 1362
54 1202
54 797
54 500
54 1296
54 341
54 410
54 407
54 140
54 1231
54 929
54 1261
54 1195
54 870
54 6
54 978
54 858
54 213
54 1224
54 1265
54 998
54 938
54 542
54 9
54 198
54 975
54 742
54 595
54 193
54 1259
54 1121
54 746
54 877
54 523
54 1323
54 56
54 317
54 457
54 1254
54 455
54 216
54 745
54 1255
54 1008
54 1028
54 129
54 1346
54 630
54 1178
54 686
54 229
54 324
54 323
54 971
54 1057
54 308
54 787
54 1165
54 501
54 756
54 1225
54 119
54 326
54 68
54 356
54 558
54 118
54 1297
54 110
54 1108
54 579
54 620
54 547
54 459
54 588
54 184
54 933
54 757
54 582
54 159
54 604
54 989
54 150
54 749
54 802
54 961
54 1277
54 711
54 464
54 903
54 678
54 977
54 586
54 1318
54 409
54 1076
54 859
54 587
54 27
54 1251
54 262
54 671
54 860
54 610
54 1344
54 255
54 1142
54 823
54 799
54 375
54 1077
54 1072
54 252
54 750
54 92
54 177
54 650
54 536
54 1301
54 1064
54 1252
54 170
54 469
54 1239
54 362
54 109
54 672
54 1337
54 876
54 256
54 893
54 235
54 940
54 783
54 1304
54 484
54 302
54 927
54 258
54 902
54 758
54 201
54 164
54 1094
54 466
54 1227
54 826
54 331
54 432
54 617
54 111
54 840
54 1140
54 1228
54 1341
54 1117
54 763
54 526
54 600
54 486
54 503
54 1219
54 923
54 812
54 444
54 316
54 8
54 1335
54 245
54 520
54 43
54 208
54 91
54 261
54 660
54 428
54 857
54 431
54 445
54 174
54 474
54 498
54 1305
54 286
54 714
54 807
54 1298
54 517
54 1212
54 573
54 973
54 1172
54 1389
54 897
54 856
54 1221
54 1313
54 1238
54 552
54 521
54 886
54 1030
54 299
54 905
54 319
54 105
54 131
54 777
54 1223
54 146
54 1131
54 762
54 809
54 134
54 116
54 188
54 439
54 73
54 1385
54 993
54 345
54 4
54 1173
54 80
54 968
54 1
54 1111
54 656
54 1009
54 222
54 1153
54 97
54 1375
54 875
54 179
54 1370
54 751
54 1352
54 1371
54 388
54 416
54 594
54 888
54 242
54 257
54 1027
54 806
54 658
54 811
54 1092
54 297
54 57
54 1214
54 1367
54 254
54 1101
54 709
54 1069
54 315
54 155
54 291
54 1379
54 972
54 1039
54 311
54 42
54 1035
54 1324
54 133
54 7
54 30
54 909
54 1095
54 590
54 340
54 848
54 1247
54 463
54 953
54 292
54 598
54 28
54 169
54 263
54 1003
54 156
54 1075
54 1330
54 1143
54 448
54 892
54 838
54 149
54 534
54 1338
54 1315
54 1339
54 1169
54 924
54 1149
54 210
54 176
54 847
54 737
54 633
54 132
54 513
54 649
54 822
54 896
54 1289
54 1287
54 434
54 450
54 849
54 941
54 1249
54 1126
54 1336
54 769
54 11
54 846
54 449
54 205
54 1294
54 803
54 1243
54 1331
54 887
54 217
54 780
54 782
54 1209
54 615
54 1248
54 1396
54 141
54 543
54 568
54 1167
54 1031
54 296
54 87
54 675
54 917
54 930
54 673
54 1132
54 249
54 117
54 212
54 528
54 33
54 1316
54 792
54 548
54 403
54 1091
54 1400
54 1109
54 39
54 447
54 712
54 613
54 476
54 60
54 390
54 602
54 506
54 519
54 287
54 377
54 956
54 653
54 52
54 765
54 1013
54 346
54 1018
54 531
54 1273
54 171
54 1128
54 679
54 290
54 511
54 867
54 259
54 204
54 839
54 942
54 618
54 220
54 919
54 417
54 147
54 760
54 828
54 796
54 114
54 288
54 964
54 562
54 1163
54 152
54 729
54 1156
54 276
54 614
54 781
54 794
54 59
54 230
54 1051
54 788
54 1322
54 1203
54 453
54 710
54 363
54 1019
54 996
54 683
54 187
54 1235
54 172
54 624
54 1342
54 1380
54 753
54 209
54 441
54 1321
54 1144
54 14
54 199
54 928
54 433
54 165
54 83
54 1201
54 244
54 1053
54 1054
54 1052
54 1050
54 1049
54 191
54 1055
54 589
54 1056
54 1058
54 1090
54 1089
54 1088
54 1087
54 1086
54 1085
54 1084
54 1083
54 1081
54 1080
54 167
54 1079
54 1078
54 1071
54 1070
54 1047
54 1068
54 1067
54 1063
54 1060
54 178
54 1059
54 180
54 1048
54 1032
54 194
54 1020
54 236
54 237
54 238
54 1016
54 1015
54 241
54 1014
54 243
54 246
54 247
54 248
54 1012
54 250
54 251
54 1011
54 253
54 995
54 990
54 988
54 987
54 986
54 985
54 984
54 970
54 264
54 265
54 266
54 969
54 967
54 1017
54 231
54 195
54 1021
54 196
54 1046
54 1045
54 200
54 1044
54 202
54 203
54 1043
54 206
54 207
54 1042
54 1037
54 1034
54 1033
54 1103
54 214
54 215
54 1029
54 1026
54 1025
54 1024
54 221
54 1023
54 223
54 224
54 1022
54 226
54 227
54 228
54 1102
54 1133
54 153
54 1327
54 38
54 41
54 1320
54 1314
54 1312
54 46
54 1299
54 1293
54 1291
54 1288
54 1286
54 1280
54 1278
54 1276
54 1275
54 1272
54 1269
54 1267
54 1266
54 64
54 65
54 1260
54 67
54 1257
54 1256
54 70
54 1246
54 1245
54 1242
54 1325
54 1329
54 1113
54 34
54 1398
54 3
54 1397
54 1392
54 1388
54 1387
54 1384
54 1383
54 10
54 1382
54 1376
54 15
54 1374
54 1372
54 18
54 1368
54 1365
54 1363
54 1360
54 1359
54 1358
54 1357
54 1353
54 1347
54 1340
54 1334
54 31
54 1333
54 1332
54 75
54 76
54 1233
54 78
54 1155
54 1152
54 1150
54 1146
54 1145
54 1141
54 1138
54 1137
54 126
54 127
54 1135
54 1134
54 130
54 1130
54 1129
54 1127
54 136
54 137
54 138
54 1125
54 1124
54 1123
54 1122
54 143
54 1120
54 1119
54 1118
54 148
54 1116
54 115
54 113
54 112
54 1180
54 1230
54 1210
54 1208
54 1197
54 86
54 1194
54 1193
54 1190
54 90
54 1189
54 1187
54 1186
54 1182
54 1176
54 1160
54 1175
54 1174
54 99
54 1171
54 1170
54 1168
54 103
54 104
54 1166
54 106
54 107
54 108
54 1162
54 965
54 945
54 271
54 732
54 739
54 470
54 471
54 472
54 738
54 736
54 475
54 477
54 478
54 479
54 735
54 734
54 733
54 483
54 731
54 467
54 730
54 488
54 728
54 727
54 491
54 492
54 726
54 725
54 495
54 724
54 723
54 722
54 499
54 720
54 468
54 740
54 424
54 771
54 426
54 427
54 790
54 429
54 430
54 786
54 785
54 779
54 778
54 776
54 775
54 440
54 774
54 772
54 770
54 465
54 768
54 761
54 451
54 452
54 454
54 755
54 748
54 458
54 744
54 460
54 461
54 462
54 743
54 741
54 719
54 502
54 718
54 561
54 665
54 663
54 659
54 654
54 551
54 652
54 648
54 647
54 644
54 643
54 642
54 641
54 640
54 639
54 563
54 504
54 637
54 632
54 631
54 567
54 627
54 622
54 619
54 616
54 612
54 611
54 609
54 607
54 581
54 596
54 545
54 669
54 674
54 676
54 716
54 507
54 510
54 512
54 708
54 514
54 515
54 516
54 706
54 705
54 704
54 703
54 702
54 1399
54 699
54 698
54 696
54 527
54 694
54 691
54 530
54 532
54 533
54 687
54 684
54 682
54 681
54 680
54 677
54 425
54 791
54 960
54 891
54 910
54 908
54 907
54 906
54 904
54 320
54 321
54 322
54 901
54 900
54 898
54 895
54 327
54 894
54 330
54 313
54 890
54 889
54 885
54 884
54 335
54 336
54 883
54 882
54 881
54 880
54 879
54 878
54 871
54 868
54 911
54 312
54 422
54 583
54 958
54 955
54 952
54 278
54 279
54 280
54 281
54 951
54 950
54 284
54 285
54 949
54 289
54 948
54 935
54 913
54 934
54 931
54 298
54 926
54 300
54 301
54 922
54 921
54 920
54 918
54 916
54 915
54 309
54 914
54 866
54 864
54 863
54 813
54 825
54 389
54 391
54 392
54 393
54 394
54 824
54 821
54 820
54 819
54 818
54 400
54 817
54 402
54 404
54 862
54 405
54 810
54 808
54 408
54 805
54 804
54 412
54 413
54 795
54 415
54 418
54 419
54 420
54 793
54 827
54 386
54 385
54 829
54 351
54 855
54 854
54 853
54 852
54 851
54 850
54 845
54 844
54 360
54 361
54 843
54 842
54 841
54 367
54 368
54 837
54 836
54 835
54 834
54 373
54 374
54 833
54 376
54 832
54 379
54 831
54 830
54 382
54 700
