56 753
56 1339
56 14
56 441
56 783
56 638
56 391
56 878
56 899
56 634
56 1331
56 204
56 52
56 1290
56 671
56 202
56 1078
56 1105
56 685
56 492
56 708
56 798
56 637
56 1380
56 1275
56 856
56 749
56 748
56 461
56 1269
56 379
56 701
56 1336
56 1057
56 1338
56 1111
56 704
56 700
56 251
56 1008
56 627
56 1196
56 632
56 781
56 444
56 1209
56 686
56 69
56 363
56 380
56 712
56 390
56 1272
56 780
56 699
56 766
56 530
56 1285
56 811
56 25
56 567
56 1330
56 791
56 442
56 137
56 876
56 360
56 561
56 809
56 711
56 688
56 923
56 859
56 658
56 719
56 292
56 879
56 792
56 15
56 643
56 857
56 1191
56 1256
56 675
56 1248
56 30
56 1104
56 815
56 1164
56 593
56 234
56 1206
56 894
56 1341
56 294
56 1305
56 342
56 999
56 60
56 544
56 774
56 415
56 709
56 698
56 203
56 230
56 747
56 453
56 19
56 880
56 1021
56 225
56 1231
56 509
56 1335
56 1381
56 864
56 874
56 947
56 1214
56 801
56 948
56 816
56 553
56 1092
56 484
56 285
56 1298
56 1366
56 1063
56 689
56 933
56 680
56 950
56 1289
56 927
56 49
56 707
56 1188
56 924
56 713
56 1162
56 88
56 1333
56 979
56 96
56 1352
56 896
56 122
56 232
56 1197
56 1192
56 362
56 858
56 871
56 547
56 571
56 1081
56 758
56 683
56 651
56 1051
56 464
56 37
56 917
56 1270
56 794
56 1
56 974
56 79
56 932
56 590
56 254
56 3
56 171
56 906
56 624
56 993
56 1225
56 1243
56 1345
56 295
56 329
56 598
56 127
56 384
56 1391
56 673
56 265
56 1311
56 746
56 812
56 566
56 1108
56 1163
56 124
56 810
56 353
56 655
56 860
56 1262
56 1141
56 1100
56 1147
56 693
56 486
56 1028
56 877
56 1332
56 925
56 975
56 1065
56 574
56 516
56 601
56 1291
56 432
56 1328
56 325
56 1334
56 164
56 170
56 1171
56 33
56 72
56 205
56 245
56 606
56 70
56 477
56 1246
56 813
56 650
56 287
56 481
56 1190
56 82
56 274
56 1053
56 1181
56 411
56 1123
56 1347
56 482
56 120
56 692
56 710
56 48
56 1274
56 520
56 914
56 1056
56 201
56 1106
56 80
56 1124
56 729
56 421
56 1211
56 1241
56 1351
56 193
56 1340
56 971
56 1066
56 268
56 1185
56 1319
56 17
56 1343
56 337
56 8
56 142
56 12
56 195
56 1281
56 1294
56 1218
56 1103
56 375
56 186
56 112
56 452
56 677
56 286
56 297
56 1379
56 504
56 1089
56 1213
56 249
56 226
56 1240
56 24
56 5
56 1098
56 1320
56 465
56 1237
56 1310
56 185
56 267
56 1119
56 985
56 51
56 293
56 1085
56 110
56 1259
56 922
56 757
56 1205
56 345
56 557
56 224
56 182
56 310
56 1149
56 782
56 560
56 231
56 1363
56 978
56 540
56 282
56 576
56 512
56 373
56 385
56 503
56 357
56 1121
56 1337
56 167
56 187
56 568
56 1019
56 163
56 1045
56 772
56 273
56 133
56 277
56 470
56 1395
56 855
56 951
56 334
56 11
56 807
56 472
56 1273
56 97
56 443
56 311
56 1006
56 1264
56 40
56 916
56 458
56 141
56 1018
56 1355
56 1342
56 635
56 77
56 1217
56 702
56 616
56 829
56 898
56 1084
56 272
56 1075
56 584
56 1186
56 705
56 657
56 1235
56 866
56 1060
56 1015
56 591
56 1221
56 330
56 1093
56 1219
56 667
56 459
56 156
56 1322
56 596
56 73
56 347
56 1039
56 522
56 140
56 983
56 1151
56 920
56 717
56 901
56 541
56 1074
56 955
56 165
56 1254
56 1001
56 86
56 59
56 1132
56 36
56 1198
56 1230
56 572
56 678
56 628
56 987
56 172
56 229
56 981
56 428
56 1212
56 797
56 1321
56 126
56 1263
56 1344
56 909
56 1307
56 740
56 4
56 996
56 1392
56 609
56 38
56 291
56 1280
56 431
56 1156
56 1029
56 1187
56 525
56 198
56 966
56 129
56 679
56 670
56 728
56 625
56 1083
56 674
56 626
56 410
56 715
56 309
56 839
56 206
56 1265
56 396
56 153
56 469
56 1037
56 779
56 335
56 279
56 1194
56 1023
56 868
56 66
56 1327
56 1107
56 940
56 552
56 416
56 706
56 1134
56 790
56 1386
56 1313
56 546
56 1118
56 227
56 1287
56 406
56 1166
56 1239
56 1182
56 1144
56 207
56 640
56 543
56 1359
56 1007
56 499
56 283
56 1199
56 223
56 554
56 305
56 475
56 266
56 498
56 1229
56 235
56 588
56 496
56 435
56 527
56 641
56 222
56 433
56 1112
56 1369
56 68
56 1145
56 514
56 1356
56 569
56 1224
56 1000
56 54
56 1114
56 312
56 907
56 344
56 930
56 1174
56 1268
56 1072
56 759
56 250
56 301
56 1227
56 246
56 331
56 423
56 982
56 775
56 1286
56 645
56 434
56 300
56 1080
56 173
56 1346
56 799
56 1109
56 1043
56 39
56 63
56 631
56 495
56 1091
56 252
56 564
56 672
56 1135
56 1257
56 242
56 976
56 160
56 777
56 147
56 891
56 18
56 846
56 1082
56 275
56 1394
56 1299
56 1258
56 403
56 727
56 662
56 718
56 1140
56 968
56 502
56 1329
56 44
56 1115
56 288
56 386
56 1260
56 1271
56 438
56 605
56 1200
56 583
56 1062
56 902
56 618
56 660
56 340
56 485
56 945
56 784
56 592
56 117
56 1314
56 1324
56 1383
56 1157
56 892
56 1011
56 1117
56 990
56 1295
56 358
56 988
56 1302
56 148
56 633
56 942
56 414
56 739
56 351
56 146
56 513
56 585
56 1348
56 1020
56 1202
56 352
56 500
56 341
56 278
56 886
56 967
56 262
56 93
56 1244
56 90
56 101
56 501
56 965
56 565
56 589
56 803
56 372
56 356
56 805
56 536
56 89
56 989
56 280
56 668
56 29
56 563
56 756
56 447
56 62
56 524
56 918
56 276
56 284
56 1250
56 1267
56 861
56 1353
56 399
56 1077
56 716
56 578
56 802
56 1076
56 1102
56 95
56 209
56 884
56 977
56 125
56 1170
56 67
56 23
56 1168
56 732
56 897
56 939
56 217
56 1288
56 1367
56 863
56 427
56 1203
56 128
56 244
56 55
56 1150
56 1005
56 290
56 580
56 840
56 34
56 200
56 663
56 1384
56 2
56 1161
56 888
56 1236
56 928
56 697
56 378
56 364
56 135
56 106
56 676
56 608
56 962
56 440
56 687
56 332
56 317
56 152
56 622
56 550
56 13
56 1167
56 952
56 603
56 742
56 1354
56 1396
56 837
56 721
56 1228
56 476
56 873
56 1300
56 74
56 1027
56 1173
56 960
56 865
56 1137
56 487
56 1184
56 155
56 1308
56 893
56 1178
56 92
56 931
56 1378
56 247
56 1101
56 369
56 744
56 108
56 75
56 725
56 302
56 1193
56 998
56 169
56 508
56 377
56 787
56 1099
56 121
56 1061
56 1376
56 35
56 1245
56 497
56 57
56 50
56 395
56 542
56 1242
56 883
56 1130
56 253
56 972
56 1204
56 1374
56 836
56 954
56 595
56 240
56 612
56 1309
56 796
56 366
56 621
56 1282
56 814
56 919
56 1222
56 365
56 196
56 236
56 695
56 159
56 1284
56 959
56 1207
56 248
56 260
56 212
56 346
56 480
56 56
56 770
56 307
56 629
56 1210
56 1247
56 1390
56 237
56 462
56 103
56 27
56 83
56 467
56 32
56 328
56 961
56 587
56 760
56 166
56 830
56 1047
56 929
56 682
56 191
56 413
56 1372
56 665
56 881
56 851
56 371
56 1216
56 211
56 958
56 115
56 599
56 158
56 257
56 764
56 793
56 1064
56 1304
56 720
56 1373
56 446
56 1127
56 289
56 1044
56 349
56 506
56 157
56 455
56 843
56 800
56 304
56 808
56 825
56 636
56 1277
56 1195
56 131
56 192
56 216
56 296
56 531
56 984
56 47
56 1128
56 84
56 1364
56 1122
56 134
56 694
56 936
56 420
56 439
56 852
56 174
56 1385
56 1303
56 20
56 555
56 91
56 1097
56 600
56 454
56 980
56 661
56 1349
56 827
56 767
56 649
56 986
56 381
56 614
56 1169
56 722
56 1059
56 620
56 417
56 889
56 466
56 9
56 100
56 1296
56 773
56 1040
56 869
56 1325
56 315
56 176
56 175
56 333
56 213
56 320
56 321
56 214
56 1387
56 355
56 215
56 324
56 327
56 218
56 1393
56 326
56 219
56 323
56 94
56 45
56 220
56 322
56 221
56 6
56 118
56 336
56 177
56 41
56 1382
56 42
56 348
56 199
56 350
56 197
56 188
56 194
56 81
56 71
56 78
56 354
56 190
56 189
56 85
56 184
56 183
56 180
56 210
56 178
56 338
56 339
56 46
56 179
56 1389
56 43
56 1371
56 181
56 1388
56 343
56 87
56 208
56 319
56 316
56 98
56 256
56 113
56 259
56 61
56 258
56 22
56 10
56 111
56 21
56 255
56 136
56 138
56 139
56 109
56 1375
56 53
56 261
56 299
56 270
56 1397
56 281
56 16
56 119
56 123
56 271
56 269
56 114
56 58
56 116
56 130
56 264
56 263
56 132
56 298
56 107
56 318
56 228
56 154
56 233
56 1377
56 7
56 313
56 314
56 161
56 151
56 162
56 1398
56 102
56 99
56 65
56 168
56 31
56 308
56 26
56 241
56 64
56 143
56 105
56 144
56 104
56 243
56 303
56 238
56 239
56 28
56 145
56 306
56 149
56 150
56 76
56 1232
56 359
56 1255
56 937
56 935
56 934
56 926
56 921
56 1266
56 915
56 913
56 912
56 911
56 910
56 908
56 905
56 904
56 903
56 900
56 895
56 890
56 887
56 938
56 941
56 943
56 970
56 1003
56 1002
56 997
56 995
56 994
56 992
56 991
56 973
56 969
56 944
56 964
56 963
56 957
56 956
56 953
56 949
56 1261
56 946
56 885
56 882
56 1276
56 819
56 831
56 828
56 826
56 824
56 823
56 822
56 821
56 820
56 818
56 833
56 817
56 806
56 804
56 1292
56 1293
56 795
56 789
56 788
56 832
56 834
56 875
56 853
56 1278
56 872
56 1279
56 870
56 867
56 862
56 1283
56 854
56 850
56 835
56 849
56 848
56 847
56 845
56 844
56 842
56 841
56 838
56 1004
56 1009
56 1370
56 1010
56 1153
56 1152
56 1148
56 1146
56 1143
56 1142
56 1139
56 1138
56 1136
56 1133
56 1131
56 1129
56 1126
56 1125
56 1120
56 1116
56 1113
56 1110
56 1096
56 1154
56 1155
56 1158
56 1189
56 1226
56 1223
56 1220
56 1215
56 1234
56 1208
56 1201
56 1238
56 1183
56 1159
56 1180
56 1179
56 1177
56 1176
56 1175
56 1172
56 1165
56 1160
56 1095
56 1094
56 1090
56 1030
56 1041
56 1038
56 1036
56 1035
56 1034
56 1033
56 1032
56 1031
56 1026
56 1046
56 1025
56 1024
56 1022
56 1017
56 1016
56 1014
56 1013
56 1012
56 1042
56 1048
56 1088
56 1068
56 1087
56 1086
56 1249
56 1079
56 1073
56 1071
56 1070
56 1069
56 1067
56 1049
56 1251
56 1058
56 1252
56 1055
56 1054
56 1052
56 1253
56 1050
56 786
56 785
56 1297
56 778
56 493
56 491
56 490
56 489
56 488
56 483
56 479
56 478
56 474
56 473
56 471
56 468
56 463
56 1357
56 460
56 457
56 456
56 1358
56 451
56 494
56 505
56 507
56 529
56 1350
56 539
56 538
56 537
56 535
56 534
56 533
56 532
56 528
56 510
56 526
56 523
56 521
56 519
56 518
56 517
56 515
56 511
56 450
56 449
56 448
56 383
56 398
56 397
56 394
56 393
56 392
56 389
56 388
56 387
56 382
56 401
56 1365
56 376
56 374
56 370
56 368
56 367
56 1368
56 361
56 400
56 402
56 445
56 424
56 1360
56 1361
56 437
56 436
56 430
56 429
56 426
56 425
56 422
56 404
56 419
56 418
56 1362
56 412
56 409
56 408
56 407
56 405
56 545
56 548
56 549
56 1312
56 734
56 733
56 731
56 730
56 726
56 724
56 723
56 714
56 1315
56 736
56 1316
56 703
56 1317
56 1399
56 1318
56 696
56 691
56 690
56 735
56 737
56 684
56 761
56 776
56 1301
56 771
56 769
56 768
56 765
56 763
56 762
56 755
56 738
56 754
56 752
56 751
56 750
56 1306
56 745
56 743
56 741
56 1323
56 681
56 551
56 581
56 610
56 607
56 604
56 602
56 597
56 594
56 586
56 582
56 579
56 613
56 577
56 575
56 573
56 570
56 562
56 559
56 558
56 556
56 611
56 615
56 1326
56 648
56 669
56 666
56 664
56 659
56 656
56 654
56 653
56 652
56 647
56 1233
56 646
56 644
56 642
56 639
56 630
56 623
56 619
56 617
56 1400
