58 754
58 269
58 963
58 120
58 1159
58 873
58 270
58 789
58 564
58 268
58 435
58 786
58 387
58 539
58 784
58 398
58 776
58 787
58 788
58 88
58 566
58 1084
58 872
58 348
58 158
58 1104
58 61
58 396
58 554
58 407
58 1348
58 375
58 267
58 23
58 1393
58 599
58 983
58 812
58 524
58 661
58 145
58 509
58 1258
58 283
58 934
58 98
58 974
58 785
58 5
58 378
58 596
58 44
58 101
58 1002
58 801
58 1213
58 500
58 1359
58 395
58 571
58 87
58 666
58 300
58 852
58 635
58 662
58 1283
58 382
58 869
58 408
58 962
58 912
58 1112
58 559
58 104
58 959
58 522
58 146
58 142
58 606
58 1307
58 116
58 1344
58 861
58 347
58 851
58 1222
58 1078
58 1081
58 260
58 225
58 584
58 646
58 350
58 84
58 966
58 534
58 166
58 967
58 775
58 240
58 1394
58 842
58 49
58 1116
58 1395
58 1184
58 1264
58 343
58 1207
58 1107
58 45
58 123
58 135
58 927
58 1256
58 550
58 37
58 452
58 1185
58 561
58 1263
58 981
58 651
58 1204
58 1073
58 952
58 1161
58 623
58 560
58 21
58 29
58 1176
58 932
58 1375
58 567
58 1328
58 342
58 294
58 1040
58 1203
58 655
58 900
58 303
58 250
58 514
58 36
58 102
58 689
58 854
58 575
58 1192
58 105
58 1005
58 1362
58 629
58 1333
58 205
58 1038
58 1354
58 612
58 159
58 295
58 333
58 485
58 897
58 1294
58 659
58 353
58 24
58 773
58 1282
58 144
58 1221
58 1105
58 507
58 1147
58 241
58 1171
58 325
58 855
58 465
58 149
58 81
58 310
58 888
58 1300
58 6
58 351
58 132
58 389
58 1145
58 55
58 980
58 497
58 982
58 1219
58 1368
58 717
58 366
58 1304
58 77
58 1055
58 942
58 94
58 370
58 625
58 1386
58 243
58 1106
58 1154
58 690
58 95
58 603
58 306
58 147
58 973
58 565
58 71
58 434
58 475
58 1054
58 1083
58 168
58 59
58 73
58 1178
58 1335
58 154
58 1217
58 707
58 668
58 72
58 839
58 354
58 1034
58 1118
58 1097
58 1262
58 816
58 542
58 372
58 51
58 704
58 1191
58 444
58 581
58 50
58 1062
58 414
58 758
58 1158
58 1309
58 533
58 777
58 164
58 488
58 670
58 587
58 987
58 572
58 305
58 179
58 1255
58 329
58 585
58 22
58 582
58 759
58 546
58 1123
58 555
58 744
58 1322
58 1268
58 669
58 331
58 1381
58 1288
58 1143
58 1133
58 763
58 352
58 844
58 579
58 1366
58 436
58 365
58 1326
58 438
58 1141
58 13
58 1031
58 193
58 955
58 848
58 397
58 458
58 379
58 1226
58 466
58 1177
58 1234
58 767
58 541
58 1254
58 332
58 1198
58 734
58 459
58 272
58 341
58 1238
58 1281
58 847
58 1236
58 604
58 978
58 1045
58 1289
58 642
58 800
58 279
58 114
58 1148
58 364
58 204
58 1129
58 181
58 877
58 70
58 317
58 62
58 428
58 206
58 188
58 688
58 236
58 1032
58 515
58 1149
58 112
58 163
58 540
58 339
58 656
58 1361
58 234
58 74
58 850
58 298
58 1046
58 553
58 430
58 210
58 119
58 1355
58 1306
58 916
58 457
58 1057
58 151
58 549
58 1200
58 1253
58 399
58 48
58 1195
58 28
58 1130
58 1181
58 846
58 1315
58 1295
58 363
58 956
58 54
58 197
58 493
58 383
58 131
58 117
58 486
58 460
58 672
58 742
58 845
58 185
58 990
58 1101
58 944
58 322
58 1099
58 667
58 274
58 764
58 483
58 580
58 167
58 202
58 1293
58 552
58 1068
58 1266
58 1051
58 804
58 228
58 885
58 1132
58 523
58 381
58 657
58 570
58 984
58 628
58 677
58 1244
58 1061
58 384
58 1241
58 891
58 56
58 456
58 1310
58 413
58 1302
58 247
58 362
58 66
58 2
58 1074
58 1206
58 68
58 183
58 652
58 1265
58 1004
58 401
58 1194
58 1279
58 979
58 314
58 60
58 1269
58 576
58 299
58 57
58 1146
58 864
58 1197
58 152
58 797
58 244
58 122
58 1346
58 1027
58 1186
58 770
58 216
58 814
58 427
58 1179
58 899
58 593
58 480
58 153
58 525
58 190
58 4
58 47
58 1382
58 468
58 637
58 443
58 309
58 498
58 481
58 1330
58 1273
58 513
58 344
58 463
58 1360
58 894
58 229
58 529
58 140
58 1231
58 171
58 843
58 1098
58 714
58 753
58 20
58 1182
58 91
58 752
58 530
58 772
58 1313
58 1285
58 583
58 1239
58 1349
58 719
58 162
58 860
58 902
58 975
58 1218
58 771
58 648
58 65
58 33
58 520
58 296
58 774
58 25
58 602
58 437
58 833
58 1100
58 947
58 1379
58 221
58 1150
58 1022
58 313
58 531
58 103
58 757
58 517
58 266
58 621
58 828
58 722
58 954
58 194
58 315
58 1121
58 703
58 130
58 823
58 338
58 1250
58 128
58 262
58 1157
58 410
58 442
58 922
58 1173
58 1009
58 1043
58 696
58 1039
58 82
58 467
58 919
58 477
58 231
58 406
58 1323
58 865
58 1153
58 1060
58 1329
58 169
58 725
58 14
58 1356
58 1003
58 751
58 986
58 653
58 1247
58 222
58 472
58 328
58 1237
58 380
58 455
58 780
58 614
58 527
58 1117
58 470
58 1035
58 1305
58 335
58 1076
58 421
58 360
58 280
58 574
58 1214
58 794
58 417
58 1371
58 889
58 901
58 996
58 85
58 235
58 97
58 765
58 856
58 106
58 1339
58 1138
58 489
58 277
58 340
58 1172
58 198
58 1385
58 887
58 909
58 349
58 739
58 590
58 1115
58 273
58 616
58 324
58 1056
58 39
58 297
58 1183
58 631
58 841
58 18
58 557
58 645
58 1351
58 415
58 237
58 1398
58 196
58 1296
58 368
58 1228
58 537
58 1267
58 1336
58 998
58 109
58 1215
58 1353
58 1249
58 391
58 538
58 1108
58 1021
58 521
58 1261
58 89
58 118
58 1139
58 76
58 1069
58 1151
58 965
58 1109
58 601
58 737
58 702
58 224
58 518
58 595
58 526
58 1277
58 1232
58 803
58 746
58 1162
58 740
58 440
58 950
58 951
58 148
58 721
58 660
58 1275
58 203
58 781
58 261
58 1392
58 1298
58 494
58 1235
58 756
58 892
58 290
58 137
58 143
58 1090
58 115
58 586
58 214
58 849
58 762
58 627
58 826
58 34
58 1245
58 1092
58 620
58 822
58 870
58 949
58 1155
58 433
58 673
58 937
58 600
58 1110
58 680
58 201
58 323
58 373
58 133
58 769
58 187
58 1007
58 838
58 232
58 535
58 12
58 1174
58 484
58 675
58 1075
58 217
58 697
58 170
58 1242
58 150
58 1175
58 712
58 610
58 907
58 799
58 510
58 1135
58 257
58 985
58 1119
58 439
58 853
58 93
58 999
58 1047
58 3
58 287
58 706
58 1096
58 125
58 52
58 1345
58 1072
58 1251
58 420
58 592
58 649
58 1301
58 921
58 1122
58 568
58 819
58 1316
58 307
58 302
58 160
58 357
58 1020
58 451
58 1193
58 110
58 682
58 1338
58 1163
58 191
58 1070
58 316
58 693
58 1126
58 503
58 1276
58 818
58 27
58 605
58 547
58 715
58 177
58 832
58 917
58 1259
58 35
58 556
58 626
58 993
58 176
58 624
58 1091
58 1391
58 304
58 1140
58 369
58 926
58 100
58 1212
58 211
58 17
58 992
58 248
58 792
58 589
58 186
58 622
58 495
58 1001
58 898
58 464
58 1044
58 701
58 710
58 1343
58 504
58 1087
58 192
58 723
58 474
58 1390
58 802
58 745
58 226
58 1224
58 545
58 501
58 695
58 1209
58 92
58 1012
58 1066
58 371
58 790
58 994
58 997
58 588
58 1227
58 1144
58 416
58 40
58 242
58 735
58 126
58 936
58 1220
58 977
58 285
58 827
58 155
58 138
58 512
58 1216
58 930
58 972
58 319
58 58
58 859
58 658
58 748
58 989
58 227
58 334
58 1270
58 1024
58 683
58 609
58 393
58 1082
58 941
58 886
58 404
58 252
58 933
58 597
58 219
58 562
58 1370
58 1291
58 182
58 1274
58 976
58 1064
58 755
58 1008
58 924
58 1319
58 1318
58 423
58 53
58 940
58 1292
58 174
58 536
58 1376
58 184
58 282
58 1088
58 968
58 1399
58 487
58 815
58 9
58 511
58 868
58 79
58 738
58 238
58 107
58 286
58 1067
58 691
58 1271
58 835
58 259
58 766
58 1050
58 249
58 928
58 1166
58 633
58 970
58 914
58 671
58 964
58 699
58 896
58 1010
58 638
58 409
58 1033
58 1030
58 386
58 1080
58 491
58 1156
58 19
58 516
58 1280
58 321
58 16
58 1
58 326
58 615
58 30
58 394
58 301
58 1006
58 1243
58 1094
58 1225
58 121
58 490
58 385
58 1325
58 499
58 686
58 278
58 1077
58 263
58 741
58 441
58 1137
58 607
58 180
58 634
58 318
58 665
58 910
58 969
58 422
58 1128
58 26
58 1286
58 1377
58 355
58 129
58 330
58 173
58 876
58 139
58 1327
58 78
58 1187
58 479
58 418
58 798
58 199
58 233
58 1134
58 289
58 134
58 1041
58 793
58 728
58 1142
58 1367
58 1364
58 577
58 1208
58 446
58 676
58 1210
58 1350
58 377
58 1383
58 288
58 376
58 711
58 1378
58 220
58 390
58 1189
58 1384
58 953
58 857
58 388
58 679
58 99
58 736
58 692
58 258
58 779
58 1337
58 618
58 640
58 1017
58 929
58 38
58 1324
58 830
58 63
58 265
58 1089
58 424
58 694
58 920
58 881
58 1373
58 1372
58 86
58 796
58 1000
58 124
58 569
58 1180
58 308
58 1229
58 469
58 1331
58 1103
58 189
58 544
58 476
58 356
58 1320
58 1287
58 617
58 450
58 445
58 11
58 1113
58 449
58 1272
58 448
58 1196
58 276
58 805
58 1025
58 663
58 1164
58 807
58 1388
58 80
58 905
58 1028
58 165
58 971
58 473
58 1233
58 820
58 945
58 90
58 709
58 1297
58 172
58 1136
58 720
58 908
58 918
58 988
58 275
58 636
58 1257
58 911
58 903
58 1223
58 412
58 75
58 108
58 795
58 563
58 685
58 175
58 895
58 1321
58 161
58 813
58 213
58 611
58 447
58 1065
58 1165
58 1380
58 883
58 1015
58 506
58 1190
58 367
58 1374
58 548
58 913
58 643
58 705
58 1014
58 632
58 374
58 946
58 208
58 312
58 713
58 1205
58 292
58 906
58 1053
58 1363
58 760
58 1199
58 311
58 687
58 591
58 7
58 904
58 426
58 195
58 1230
58 733
58 1240
58 1086
58 358
58 1124
58 729
58 915
58 731
58 1085
58 750
58 83
58 461
58 1352
58 1248
58 718
58 874
58 327
58 730
58 700
58 1202
58 361
58 727
58 1387
58 817
58 212
58 578
58 96
58 991
58 782
58 1260
58 1342
58 939
58 156
58 1365
58 837
58 209
58 608
58 528
58 496
58 811
58 402
58 69
58 960
58 1093
58 749
58 630
58 508
58 1332
58 1284
58 943
58 1334
58 346
58 64
58 207
58 1303
58 1341
58 1252
58 1278
58 230
58 453
58 825
58 157
58 1246
58 1201
58 1029
58 1026
58 223
58 1036
58 1037
58 67
58 1042
58 1048
58 1049
58 1023
58 958
58 1019
58 1018
58 882
58 884
58 890
58 893
58 923
58 925
58 931
58 935
58 938
58 948
58 957
58 1058
58 961
58 995
58 1011
58 1013
58 1016
58 1052
58 1125
58 1059
58 1211
58 31
58 1290
58 1299
58 1308
58 1311
58 1312
58 1314
58 1317
58 1340
58 15
58 1347
58 1357
58 10
58 1358
58 8
58 1369
58 1389
58 1396
58 1397
58 32
58 1188
58 1063
58 1170
58 1071
58 1079
58 1095
58 1102
58 1111
58 1114
58 1120
58 879
58 1127
58 1131
58 1152
58 46
58 1160
58 1167
58 43
58 42
58 41
58 1168
58 1169
58 880
58 111
58 878
58 400
58 405
58 411
58 419
58 425
58 429
58 431
58 432
58 454
58 462
58 471
58 178
58 478
58 482
58 492
58 502
58 505
58 519
58 532
58 543
58 551
58 558
58 403
58 392
58 594
58 359
58 239
58 245
58 218
58 246
58 251
58 215
58 253
58 254
58 255
58 256
58 264
58 271
58 281
58 284
58 291
58 293
58 320
58 200
58 336
58 337
58 345
58 573
58 598
58 875
58 768
58 127
58 783
58 791
58 806
58 808
58 809
58 810
58 821
58 824
58 829
58 831
58 113
58 834
58 836
58 840
58 858
58 862
58 863
58 866
58 867
58 871
58 778
58 761
58 613
58 747
58 619
58 639
58 641
58 644
58 647
58 650
58 654
58 664
58 674
58 678
58 681
58 684
58 698
58 708
58 141
58 716
58 724
58 726
58 136
58 732
58 743
58 1400
