59 382
59 105
59 629
59 1084
59 1154
59 3
59 789
59 785
59 855
59 1055
59 671
59 4
59 842
59 335
59 457
59 381
59 527
59 1176
59 784
59 23
59 1123
59 306
59 539
59 149
59 1081
59 775
59 326
59 1149
59 1182
59 383
59 1359
59 116
59 475
59 1384
59 659
59 564
59 1309
59 1159
59 376
59 801
59 458
59 854
59 932
59 646
59 1078
59 786
59 1256
59 363
59 435
59 1281
59 1054
59 1038
59 393
59 839
59 241
59 375
59 912
59 333
59 316
59 134
59 533
59 1116
59 1253
59 1105
59 523
59 1076
59 145
59 358
59 1301
59 565
59 754
59 812
59 959
59 672
59 744
59 1382
59 567
59 1171
59 272
59 1351
59 180
59 261
59 763
59 734
59 1222
59 117
59 1126
59 1234
59 847
59 192
59 300
59 1045
59 642
59 563
59 336
59 366
59 1263
59 460
59 1051
59 318
59 21
59 566
59 256
59 1225
59 53
59 309
59 377
59 135
59 655
59 269
59 1046
59 2
59 788
59 664
59 1118
59 1306
59 1385
59 322
59 852
59 898
59 899
59 365
59 1302
59 1383
59 372
59 547
59 16
59 461
59 1228
59 1220
59 150
59 1364
59 661
59 72
59 570
59 1365
59 310
59 1322
59 148
59 992
59 1395
59 339
59 526
59 304
59 483
59 292
59 569
59 1394
59 439
59 936
59 242
59 610
59 1258
59 398
59 45
59 1268
59 17
59 562
59 534
59 484
59 37
59 1375
59 94
59 1241
59 1110
59 891
59 406
59 131
59 1333
59 1106
59 271
59 1254
59 1074
59 1100
59 965
59 452
59 133
59 1386
59 1235
59 170
59 128
59 540
59 308
59 24
59 1155
59 1181
59 935
59 541
59 329
59 1260
59 459
59 428
59 666
59 345
59 410
59 662
59 1381
59 962
59 690
59 1146
59 864
59 1062
59 55
59 413
59 50
59 36
59 826
59 71
59 623
59 348
59 846
59 977
59 74
59 337
59 266
59 112
59 504
59 973
59 317
59 979
59 305
59 1145
59 352
59 468
59 1205
59 121
59 9
59 537
59 1283
59 1307
59 888
59 34
59 955
59 1311
59 355
59 353
59 343
59 668
59 956
59 1278
59 1355
59 18
59 1191
59 240
59 1285
59 479
59 63
59 334
59 189
59 244
59 1371
59 1148
59 952
59 254
59 689
59 481
59 1142
59 1192
59 327
59 1112
59 844
59 125
59 394
59 851
59 364
59 1219
59 573
59 651
59 347
59 916
59 850
59 186
59 1354
59 255
59 872
59 843
59 777
59 742
59 1236
59 892
59 89
59 291
59 787
59 104
59 221
59 1022
59 379
59 1198
59 111
59 1033
59 954
59 307
59 1300
59 667
59 386
59 1080
59 1200
59 346
59 54
59 166
59 487
59 652
59 978
59 349
59 1214
59 798
59 488
59 324
59 1282
59 1173
59 340
59 1324
59 1261
59 231
59 328
59 7
59 576
59 1060
59 22
59 191
59 140
59 535
59 155
59 751
59 572
59 207
59 1264
59 1323
59 1237
59 648
59 478
59 107
59 206
59 1245
59 657
59 470
59 124
59 1083
59 1294
59 528
59 28
59 314
59 265
59 57
59 1072
59 25
59 48
59 1353
59 776
59 1056
59 765
59 1109
59 1366
59 1240
59 1304
59 62
59 630
59 188
59 531
59 1107
59 225
59 525
59 187
59 315
59 933
59 1213
59 378
59 59
59 1215
59 1185
59 556
59 84
59 1187
59 1310
59 341
59 845
59 1184
59 273
59 669
59 841
59 635
59 1293
59 388
59 179
59 1178
59 794
59 299
59 889
59 515
59 1362
59 73
59 934
59 945
59 97
59 604
59 553
59 222
59 477
59 663
59 705
59 1021
59 344
59 76
59 996
59 1130
59 351
59 1139
59 260
59 120
59 370
59 1069
59 384
59 710
59 750
59 224
59 680
59 1132
59 1325
59 1180
59 740
59 1368
59 401
59 80
59 1209
59 927
59 529
59 142
59 568
59 1251
59 538
59 1274
59 342
59 967
59 494
59 126
59 359
59 303
59 397
59 196
59 1189
59 298
59 1177
59 521
59 607
59 625
59 974
59 61
59 627
59 1210
59 1319
59 205
59 325
59 361
59 56
59 1372
59 472
59 522
59 937
59 600
59 1104
59 293
59 418
59 769
59 838
59 1075
59 1121
59 560
59 1329
59 294
59 165
59 1257
59 122
59 510
59 1206
59 493
59 1119
59 611
59 190
59 739
59 183
59 1391
59 853
59 1216
59 986
59 395
59 1370
59 800
59 96
59 1211
59 897
59 1197
59 925
59 1108
59 91
59 1288
59 502
59 168
59 8
59 1122
59 321
59 833
59 819
59 43
59 209
59 944
59 1271
59 171
59 1377
59 451
59 682
59 939
59 130
59 1158
59 1117
59 987
59 1226
59 823
59 818
59 903
59 943
59 605
59 665
59 202
59 182
59 1321
59 961
59 455
59 119
59 714
59 176
59 79
59 608
59 940
59 1043
59 542
59 814
59 972
59 1330
59 1129
59 373
59 926
59 311
59 1179
59 1199
59 732
59 40
59 960
59 771
59 980
59 1332
59 1
59 626
59 559
59 465
59 1334
59 257
59 123
59 796
59 981
59 601
59 228
59 1273
59 489
59 1356
59 454
59 942
59 158
59 1195
59 1296
59 1284
59 495
59 735
59 162
59 596
59 799
59 774
59 1250
59 1244
59 450
59 138
59 582
59 512
59 58
59 587
59 1172
59 1262
59 773
59 1388
59 323
59 941
59 404
59 822
59 505
59 1040
59 1233
59 232
59 894
59 1242
59 152
59 160
59 173
59 115
59 267
59 900
59 1157
59 696
59 830
59 861
59 456
59 948
59 964
59 1259
59 976
59 645
59 1131
59 1039
59 966
59 320
59 1376
59 227
59 151
59 1275
59 1349
59 1053
59 1193
59 848
59 764
59 737
59 132
59 803
59 49
59 440
59 1067
59 118
59 998
59 1212
59 234
59 1050
59 928
59 416
59 633
59 498
59 1389
59 101
59 828
59 1002
59 1010
59 1133
59 887
59 417
59 761
59 984
59 167
59 332
59 890
59 700
59 491
59 1204
59 19
59 759
59 1013
59 550
59 279
59 6
59 174
59 885
59 1006
59 1224
59 808
59 1082
59 217
59 12
59 490
59 660
59 385
59 389
59 39
59 274
59 278
59 741
59 507
59 414
59 731
59 47
59 706
59 236
59 229
59 583
59 881
59 679
59 857
59 313
59 1061
59 430
59 574
59 1320
59 26
59 1232
59 1267
59 1292
59 1070
59 338
59 1313
59 1188
59 792
59 98
59 496
59 220
59 551
59 555
59 391
59 724
59 1047
59 90
59 233
59 1249
59 1183
59 1068
59 793
59 637
59 1367
59 1007
59 422
59 577
59 60
59 1277
59 1295
59 1025
59 579
59 193
59 407
59 602
59 270
59 474
59 585
59 1201
59 949
59 921
59 106
59 653
59 27
59 127
59 1143
59 371
59 989
59 427
59 530
59 399
59 425
59 514
59 276
59 216
59 590
59 1135
59 704
59 1044
59 258
59 628
59 282
59 5
59 387
59 264
59 1194
59 779
59 163
59 1390
59 592
59 420
59 467
59 549
59 109
59 88
59 38
59 975
59 757
59 990
59 1248
59 360
59 920
59 500
59 901
59 557
59 268
59 620
59 1380
59 86
59 1009
59 859
59 1153
59 277
59 503
59 211
59 469
59 614
59 1299
59 1203
59 544
59 924
59 356
59 1238
59 441
59 612
59 1287
59 172
59 445
59 297
59 1272
59 1034
59 362
59 248
59 33
59 466
59 772
59 656
59 802
59 103
59 545
59 770
59 902
59 1393
59 683
59 686
59 485
59 820
59 1186
59 797
59 922
59 736
59 675
59 1297
59 1136
59 1221
59 918
59 988
59 1073
59 1347
59 575
59 87
59 873
59 464
59 1255
59 319
59 1223
59 795
59 14
59 1239
59 296
59 81
59 963
59 175
59 895
59 858
59 1246
59 161
59 434
59 1144
59 213
59 536
59 280
59 1151
59 35
59 1165
59 1035
59 624
59 1008
59 518
59 424
59 83
59 1190
59 1374
59 1003
59 78
59 584
59 1266
59 146
59 1014
59 632
59 208
59 476
59 312
59 203
59 520
59 766
59 1137
59 1270
59 1231
59 906
59 1315
59 511
59 1141
59 691
59 443
59 687
59 591
59 970
59 283
59 85
59 1041
59 588
59 919
59 701
59 426
59 1230
59 917
59 685
59 719
59 501
59 102
59 423
59 1086
59 144
59 1124
59 1134
59 994
59 1036
59 197
59 1227
59 237
59 915
59 641
59 580
59 201
59 93
59 983
59 721
59 571
59 589
59 993
59 1269
59 70
59 1085
59 597
59 1339
59 243
59 444
59 1318
59 295
59 1289
59 643
59 1202
59 159
59 561
59 1328
59 817
59 212
59 578
59 991
59 688
59 195
59 997
59 733
59 644
59 1280
59 448
59 415
59 1379
59 1059
59 380
59 748
59 402
59 69
59 606
59 214
59 1373
59 110
59 1167
59 730
59 1093
59 749
59 287
59 1344
59 169
59 508
59 634
59 1387
59 421
59 52
59 198
59 432
59 247
59 1128
59 702
59 184
59 64
59 697
59 259
59 204
59 1265
59 985
59 433
59 1303
59 593
59 1207
59 837
59 147
59 1341
59 1247
59 1336
59 288
59 442
59 693
59 699
59 51
59 1326
59 1252
59 1156
59 692
59 177
59 1024
59 781
59 230
59 856
59 658
59 907
59 1064
59 453
59 1229
59 1343
59 825
59 157
59 289
59 252
59 486
59 44
59 603
59 1164
59 1166
59 947
59 767
59 185
59 869
59 199
59 1340
59 1150
59 235
59 1342
59 1350
59 46
59 1348
59 226
59 1152
59 238
59 1398
59 1346
59 239
59 1345
59 1396
59 1147
59 1352
59 10
59 11
59 1138
59 1140
59 13
59 15
59 20
59 253
59 251
59 1378
59 250
59 1397
59 1369
59 1363
59 29
59 30
59 249
59 31
59 32
59 246
59 1361
59 1161
59 245
59 1360
59 1392
59 1358
59 1357
59 41
59 42
59 1160
59 215
59 1338
59 137
59 1298
59 1170
59 1174
59 1175
59 113
59 114
59 1291
59 1290
59 1286
59 1279
59 1276
59 129
59 136
59 139
59 223
59 141
59 143
59 1196
59 181
59 1243
59 153
59 178
59 154
59 156
59 164
59 1218
59 1217
59 1208
59 108
59 194
59 1169
59 1305
59 1337
59 1162
59 1163
59 65
59 219
59 218
59 66
59 67
59 68
59 1335
59 1331
59 1327
59 75
59 77
59 82
59 1317
59 1316
59 210
59 92
59 1314
59 95
59 1168
59 1312
59 99
59 100
59 1308
59 200
59 745
59 1016
59 262
59 513
59 849
59 840
59 581
59 836
59 586
59 835
59 594
59 595
59 834
59 598
59 599
59 832
59 831
59 829
59 827
59 824
59 609
59 821
59 613
59 615
59 616
59 617
59 618
59 619
59 621
59 622
59 816
59 815
59 813
59 860
59 862
59 863
59 877
59 517
59 519
59 896
59 524
59 893
59 886
59 884
59 883
59 882
59 532
59 880
59 879
59 878
59 876
59 865
59 875
59 874
59 543
59 546
59 871
59 548
59 552
59 870
59 554
59 558
59 868
59 867
59 866
59 811
59 810
59 631
59 718
59 1399
59 703
59 758
59 707
59 708
59 709
59 711
59 712
59 713
59 756
59 715
59 716
59 717
59 720
59 695
59 722
59 723
59 725
59 726
59 727
59 728
59 729
59 755
59 753
59 752
59 738
59 747
59 746
59 698
59 694
59 809
59 790
59 636
59 638
59 639
59 640
59 807
59 806
59 805
59 647
59 804
59 649
59 650
59 654
59 791
59 783
59 760
59 782
59 780
59 778
59 670
59 768
59 673
59 674
59 676
59 677
59 678
59 681
59 684
59 762
59 516
59 904
59 263
59 905
59 1071
59 1066
59 1065
59 1063
59 330
59 331
59 1058
59 1057
59 1052
59 1049
59 1048
59 1042
59 1037
59 1032
59 1031
59 350
59 1030
59 1029
59 1028
59 354
59 1027
59 357
59 1026
59 1023
59 1020
59 1019
59 1018
59 367
59 368
59 1077
59 1079
59 1087
59 1103
59 1127
59 1125
59 1120
59 1115
59 1114
59 275
59 281
59 284
59 285
59 286
59 290
59 1113
59 1111
59 1102
59 1088
59 1101
59 1099
59 1098
59 301
59 302
59 1097
59 1096
59 1095
59 1094
59 1092
59 1091
59 1090
59 1089
59 369
59 1017
59 743
59 473
59 958
59 957
59 953
59 951
59 950
59 946
59 462
59 463
59 938
59 931
59 930
59 471
59 929
59 923
59 969
59 480
59 482
59 914
59 492
59 913
59 911
59 910
59 497
59 909
59 499
59 908
59 506
59 509
59 968
59 449
59 1015
59 403
59 374
59 1012
59 1011
59 1005
59 1004
59 390
59 392
59 1001
59 1000
59 999
59 396
59 995
59 400
59 405
59 447
59 408
59 409
59 411
59 412
59 419
59 982
59 429
59 431
59 436
59 437
59 438
59 971
59 446
59 1400
