6 491
6 385
6 386
6 257
6 1273
6 271
6 610
6 418
6 1282
6 1374
6 959
6 406
6 798
6 72
6 294
6 142
6 398
6 413
6 1196
6 1075
6 131
6 883
6 99
6 802
6 345
6 121
6 544
6 258
6 861
6 1363
6 409
6 767
6 377
6 154
6 1317
6 346
6 646
6 243
6 1062
6 558
6 915
6 397
6 522
6 148
6 18
6 315
6 265
6 1364
6 1225
6 16
6 256
6 151
6 74
6 17
6 1074
6 1046
6 1263
6 1190
6 207
6 137
6 640
6 526
6 128
6 339
6 1146
6 242
6 1275
6 1301
6 1281
6 330
6 663
6 996
6 187
6 261
6 1237
6 84
6 1324
6 273
6 563
6 1308
6 1302
6 954
6 115
6 1241
6 651
6 222
6 966
6 960
6 300
6 1216
6 740
6 358
6 1264
6 186
6 820
6 135
6 1106
6 123
6 503
6 348
6 950
6 564
6 891
6 1083
6 189
6 538
6 779
6 197
6 865
6 997
6 1222
6 1337
6 572
6 927
6 170
6 1397
6 1314
6 230
6 426
6 160
6 343
6 1174
6 940
6 872
6 1212
6 465
6 376
6 536
6 553
6 335
6 1021
6 974
6 372
6 443
6 287
6 19
6 666
6 130
6 737
6 344
6 291
6 1
6 535
6 240
6 295
6 657
6 1039
6 455
6 1081
6 863
6 9
6 849
6 902
6 317
6 741
6 823
6 1151
6 497
6 1367
6 96
6 1161
6 1020
6 307
6 984
6 80
6 125
6 1213
6 442
6 494
6 1220
6 370
6 1268
6 171
6 1306
6 873
6 1107
6 1372
6 775
6 1377
6 40
6 378
6 965
6 688
6 1006
6 45
6 1287
6 772
6 464
6 173
6 1231
6 662
6 496
6 1384
6 1080
6 427
6 1261
6 976
6 184
6 1209
6 1160
6 38
6 742
6 251
6 1369
6 1323
6 1214
6 218
6 606
6 283
6 1269
6 30
6 546
6 167
6 97
6 973
6 498
6 926
6 1368
6 277
6 1277
6 1321
6 179
6 829
6 1392
6 1184
6 195
6 228
6 334
6 1331
6 1228
6 241
6 678
6 3
6 760
6 469
6 1182
6 439
6 1199
6 1082
6 89
6 113
6 453
6 555
6 549
6 1122
6 289
6 1051
6 894
6 1045
6 419
6 11
6 1145
6 206
6 78
6 1187
6 574
6 7
6 1244
6 870
6 955
6 1076
6 165
6 912
6 632
6 901
6 120
6 557
6 1234
6 188
6 202
6 203
6 1396
6 827
6 352
6 1154
6 37
6 540
6 76
6 964
6 363
6 1195
6 196
6 658
6 521
6 556
6 1262
6 1110
6 225
6 360
6 1159
6 1104
6 946
6 836
6 1229
6 1186
6 183
6 1084
6 1390
6 932
6 961
6 608
6 1078
6 911
6 635
6 420
6 254
6 1153
6 1393
6 85
6 467
6 935
6 552
6 710
6 191
6 501
6 774
6 677
6 327
6 554
6 743
6 725
6 428
6 29
6 1198
6 814
6 1017
6 1227
6 411
6 801
6 1352
6 972
6 670
6 518
6 714
6 393
6 941
6 404
6 1158
6 336
6 792
6 825
6 986
6 227
6 216
6 57
6 1112
6 103
6 140
6 1200
6 882
6 845
6 35
6 1284
6 10
6 4
6 900
6 992
6 366
6 1061
6 176
6 466
6 55
6 1049
6 381
6 365
6 212
6 856
6 623
6 569
6 1245
6 567
6 234
6 1118
6 1319
6 255
6 1257
6 919
6 600
6 304
6 347
6 337
6 487
6 472
6 310
6 126
6 379
6 391
6 1289
6 1125
6 803
6 329
6 306
6 440
6 830
6 1311
6 898
6 629
6 1310
6 837
6 118
6 112
6 624
6 60
6 286
6 998
6 23
6 1336
6 511
6 221
6 799
6 58
6 435
6 729
6 928
6 675
6 484
6 671
6 857
6 1156
6 537
6 633
6 433
6 571
6 65
6 1239
6 1010
6 1204
6 689
6 504
6 332
6 1278
6 844
6 1230
6 609
6 781
6 199
6 1181
6 178
6 48
6 25
6 550
6 1290
6 1205
6 326
6 394
6 177
6 53
6 1354
6 1127
6 1325
6 527
6 720
6 217
6 490
6 660
6 866
6 560
6 892
6 69
6 47
6 389
6 39
6 278
6 534
6 1313
6 468
6 1320
6 979
6 507
6 400
6 305
6 669
6 1116
6 593
6 298
6 70
6 607
6 1391
6 180
6 706
6 236
6 147
6 583
6 1050
6 634
6 1339
6 318
6 665
6 642
6 313
6 430
6 838
6 1253
6 209
6 133
6 375
6 26
6 1232
6 1267
6 309
6 421
6 1139
6 98
6 52
6 288
6 174
6 751
6 576
6 383
6 423
6 1099
6 1066
6 2
6 626
6 163
6 1359
6 753
6 1249
6 134
6 761
6 793
6 1142
6 637
6 588
6 1007
6 1353
6 355
6 577
6 382
6 266
6 967
6 1295
6 1119
6 579
6 739
6 193
6 407
6 28
6 1069
6 602
6 270
6 525
6 1256
6 1236
6 1210
6 333
6 1019
6 101
6 771
6 949
6 341
6 921
6 106
6 987
6 653
6 766
6 27
6 1341
6 1143
6 371
6 704
6 989
6 530
6 1189
6 41
6 728
6 110
6 539
6 652
6 514
6 1243
6 395
6 324
6 590
6 340
6 1394
6 388
6 299
6 34
6 105
6 604
6 387
6 1194
6 659
6 1283
6 117
6 592
6 1378
6 456
6 1171
6 269
6 109
6 541
6 878
6 233
6 88
6 1246
6 975
6 685
6 757
6 239
6 1338
6 63
6 990
6 952
6 809
6 452
6 373
6 920
6 500
6 1108
6 410
6 59
6 268
6 858
6 86
6 1009
6 951
6 124
6 211
6 1309
6 847
6 1121
6 1180
6 308
6 562
6 1400
6 907
6 1040
6 474
6 1203
6 947
6 505
6 356
6 1238
6 625
6 1008
6 612
6 231
6 108
6 1052
6 1130
6 450
6 445
6 1274
6 1259
6 297
6 1148
6 1272
6 495
6 843
6 1362
6 956
6 747
6 1192
6 531
6 601
6 248
6 808
6 33
6 322
6 458
6 656
6 545
6 1016
6 887
6 517
6 22
6 116
6 1193
6 770
6 354
6 1155
6 908
6 683
6 1233
6 485
6 794
6 533
6 1235
6 945
6 797
6 1371
6 1105
6 922
6 690
6 605
6 1297
6 94
6 1221
6 483
6 918
6 988
6 785
6 680
6 1073
6 575
6 520
6 87
6 481
6 1356
6 1255
6 903
6 61
6 319
6 818
6 1177
6 839
6 1224
6 1223
6 1242
6 1375
6 1386
6 795
6 667
6 1254
6 1097
6 81
6 459
6 963
6 175
6 895
6 166
6 661
6 161
6 441
6 1144
6 213
6 401
6 280
6 351
6 1070
6 21
6 1304
6 1165
6 448
6 50
6 1298
6 1179
6 519
6 1003
6 923
6 682
6 1185
6 1266
6 190
6 245
6 146
6 12
6 705
6 43
6 1014
6 208
6 312
6 869
6 1025
6 816
6 292
6 192
6 1270
6 906
6 205
6 1315
6 679
6 1088
6 523
6 1330
6 1072
6 916
6 773
6 224
6 462
6 434
6 694
6 1149
6 1141
6 338
6 867
6 730
6 784
6 691
6 713
6 311
6 977
6 687
6 591
6 970
6 942
6 645
6 328
6 1172
6 805
6 672
6 220
6 1381
6 701
6 91
6 323
6 889
6 881
6 73
6 917
6 1351
6 432
6 719
6 102
6 1086
6 1098
6 696
6 144
6 1370
6 570
6 1124
6 644
6 475
6 1296
6 994
6 237
6 980
6 369
6 999
6 470
6 655
6 1349
6 201
6 93
6 983
6 529
6 122
6 589
6 993
6 417
6 342
6 565
6 1085
6 349
6 750
6 460
6 597
6 303
6 129
6 924
6 461
6 49
6 1028
6 282
6 668
6 325
6 636
6 764
6 119
6 1248
6 444
6 316
6 1318
6 1307
6 700
6 789
6 790
6 1202
6 159
6 981
6 361
6 561
6 1328
6 846
6 721
6 817
6 578
6 145
6 991
6 1288
6 149
6 595
6 1260
6 6
6 138
6 1280
6 587
6 944
6 1167
6 168
6 547
6 939
6 1365
6 82
6 182
6 933
6 1218
6 1250
6 156
6 36
6 457
6 528
6 415
6 1379
6 806
6 380
6 244
6 1092
6 748
6 402
6 214
6 712
6 1373
6 1093
6 749
6 169
6 630
6 508
6 364
6 800
6 489
6 42
6 627
6 132
6 649
6 1332
6 477
6 754
6 943
6 198
6 1334
6 150
6 247
6 1128
6 702
6 64
6 697
6 717
6 259
6 204
6 1265
6 985
6 1385
6 1002
6 1303
6 1207
6 1247
6 267
6 314
6 56
6 1157
6 1251
6 899
6 262
6 1383
6 693
6 152
6 699
6 51
6 488
6 1326
6 1252
6 54
6 692
6 155
6 1024
6 686
6 232
6 1382
6 1064
6 1322
6 1343
6 229
6 157
6 252
6 24
6 486
6 44
6 603
6 296
6 1164
6 62
6 1166
6 274
6 185
6 1201
6 1240
6 235
6 708
6 709
6 711
6 172
6 673
6 674
6 1188
6 164
6 238
6 1163
6 162
6 1162
6 804
6 819
6 158
6 1152
6 821
6 246
6 664
6 707
6 1219
6 1168
6 695
6 1175
6 698
6 1176
6 194
6 812
6 1197
6 215
6 681
6 1169
6 1178
6 200
6 684
6 1191
6 210
6 1183
6 811
6 1206
6 219
6 813
6 1208
6 226
6 807
6 1226
6 703
6 1170
6 1399
6 810
6 181
6 815
6 223
6 676
6 1217
6 1173
6 1215
6 1211
6 543
6 1286
6 153
6 1347
6 1358
6 1357
6 759
6 758
6 1355
6 46
6 756
6 1350
6 755
6 752
6 1348
6 1346
6 1361
6 1345
6 1344
6 786
6 1342
6 1340
6 66
6 67
6 68
6 1335
6 71
6 1333
6 1360
6 783
6 715
6 15
6 1398
6 1395
6 1389
6 5
6 1388
6 8
6 1387
6 777
6 769
6 13
6 14
6 768
6 782
6 1380
6 20
6 778
6 780
6 1376
6 765
6 763
6 762
6 1366
6 31
6 32
6 75
6 77
6 1329
6 127
6 114
6 1293
6 731
6 1292
6 1291
6 796
6 250
6 727
6 1285
6 1279
6 1276
6 726
6 79
6 724
6 723
6 1271
6 722
6 136
6 139
6 141
6 1258
6 143
6 718
6 716
6 1294
6 732
6 111
6 733
6 746
6 83
6 1327
6 745
6 744
6 1316
6 90
6 787
6 92
6 788
6 95
6 1312
6 791
6 1305
6 100
6 738
6 736
6 104
6 1300
6 1299
6 107
6 735
6 734
6 249
6 272
6 1150
6 447
6 431
6 860
6 862
6 864
6 995
6 436
6 437
6 438
6 868
6 599
6 598
6 596
6 446
6 594
6 617
6 449
6 871
6 451
6 874
6 454
6 982
6 875
6 876
6 586
6 585
6 463
6 584
6 978
6 1000
6 429
6 1001
6 859
6 396
6 1026
6 616
6 399
6 615
6 403
6 1023
6 405
6 1022
6 1018
6 408
6 614
6 1015
6 613
6 412
6 1013
6 414
6 416
6 611
6 1012
6 1011
6 855
6 1005
6 422
6 1004
6 424
6 425
6 877
6 971
6 582
6 506
6 510
6 938
6 512
6 513
6 937
6 515
6 516
6 893
6 936
6 559
6 934
6 896
6 524
6 931
6 930
6 929
6 897
6 925
6 532
6 904
6 905
6 551
6 548
6 909
6 910
6 914
6 913
6 509
6 890
6 969
6 566
6 581
6 471
6 968
6 473
6 580
6 879
6 476
6 478
6 479
6 480
6 482
6 880
6 884
6 573
6 962
6 958
6 957
6 492
6 493
6 885
6 886
6 953
6 948
6 568
6 499
6 888
6 502
6 1027
6 1029
6 253
6 1109
6 290
6 1120
6 834
6 293
6 1117
6 1115
6 835
6 1114
6 1113
6 1111
6 301
6 302
6 650
6 1103
6 392
6 1102
6 1101
6 1100
6 648
6 647
6 643
6 840
6 1096
6 641
6 1095
6 1094
6 841
6 320
6 1123
6 833
6 1126
6 285
6 822
6 824
6 1147
6 826
6 828
6 260
6 1140
6 263
6 264
6 1138
6 1137
6 1136
6 1135
6 1134
6 1133
6 542
6 1132
6 275
6 276
6 1131
6 831
6 279
6 832
6 281
6 654
6 1129
6 284
6 321
6 639
6 638
6 1057
6 1056
6 1055
6 1054
6 367
6 368
6 620
6 1053
6 619
6 1048
6 1047
6 374
6 1044
6 1043
6 1042
6 1041
6 618
6 1038
6 1037
6 1036
6 384
6 1035
6 1034
6 776
6 1032
6 1031
6 390
6 1030
6 362
6 359
6 842
6 1058
6 1091
6 1090
6 1089
6 331
6 848
6 1087
6 850
6 631
6 1079
6 1077
6 851
6 628
6 1071
6 852
6 1068
6 1067
6 1065
6 1063
6 853
6 350
6 854
6 1060
6 353
6 622
6 1059
6 621
6 357
6 1033
