60 527
60 320
60 322
60 321
60 107
60 365
60 366
60 150
60 476
60 1235
60 350
60 72
60 833
60 730
60 585
60 1185
60 11
60 1240
60 1386
60 1083
60 478
60 336
60 54
60 537
60 1365
60 641
60 364
60 1192
60 1265
60 1377
60 677
60 961
60 551
60 369
60 422
60 648
60 734
60 1384
60 266
60 960
60 731
60 34
60 424
60 1370
60 1108
60 264
60 1224
60 349
60 383
60 1253
60 1222
60 1219
60 732
60 425
60 115
60 1137
60 15
60 1246
60 300
60 540
60 778
60 733
60 644
60 479
60 389
60 410
60 55
60 131
60 1248
60 241
60 1072
60 1073
60 155
60 1375
60 454
60 23
60 342
60 1061
60 24
60 854
60 981
60 736
60 798
60 452
60 352
60 584
60 356
60 134
60 435
60 3
60 417
60 1210
60 542
60 934
60 1261
60 1138
60 243
60 458
60 404
60 843
60 889
60 1055
60 1054
60 2
60 121
60 375
60 1301
60 1280
60 249
60 1087
60 49
60 1311
60 472
60 499
60 1148
60 666
60 97
60 248
60 611
60 1389
60 377
60 1180
60 60
60 1251
60 1184
60 461
60 159
60 1056
60 570
60 398
60 855
60 1372
60 501
60 1047
60 273
60 1281
60 93
60 1043
60 831
60 255
60 990
60 474
60 337
60 4
60 37
60 487
60 1233
60 1129
60 684
60 777
60 459
60 177
60 451
60 1273
60 1308
60 579
60 370
60 984
60 460
60 1382
60 307
60 671
60 92
60 1179
60 943
60 304
60 681
60 607
60 899
60 126
60 703
60 672
60 283
60 406
60 395
60 111
60 445
60 1200
60 1109
60 561
60 1216
60 227
60 14
60 1086
60 1260
60 145
60 482
60 1225
60 1361
60 1333
60 329
60 1388
60 980
60 281
60 1041
60 494
60 745
60 363
60 1209
60 493
60 44
60 1385
60 235
60 1371
60 538
60 374
60 240
60 1376
60 921
60 339
60 432
60 533
60 1182
60 305
60 704
60 668
60 940
60 1245
60 1053
60 1390
60 359
60 575
60 35
60 676
60 1149
60 1259
60 457
60 933
60 1133
60 977
60 652
60 963
60 323
60 978
60 828
60 1201
60 700
60 47
60 160
60 639
60 656
60 89
60 1236
60 518
60 1374
60 87
60 388
60 409
60 328
60 274
60 318
60 475
60 1029
60 242
60 128
60 928
60 1187
60 142
60 1085
60 837
60 1383
60 746
60 344
60 59
60 989
60 658
60 98
60 626
60 368
60 324
60 292
60 1329
60 149
60 36
60 1071
60 1262
60 1197
60 576
60 449
60 559
60 455
60 117
60 231
60 1254
60 1360
60 1081
60 315
60 587
60 553
60 345
60 532
60 314
60 201
60 945
60 650
60 232
60 1202
60 987
60 157
60 94
60 580
60 927
60 1215
60 606
60 206
60 826
60 785
60 582
60 957
60 662
60 689
60 1392
60 789
60 1206
60 385
60 187
60 6
60 1191
60 637
60 196
60 756
60 562
60 986
60 82
60 284
60 1250
60 992
60 245
60 236
60 944
60 147
60 293
60 376
60 73
60 91
60 1
60 1080
60 1042
60 504
60 1271
60 1263
60 151
60 1228
60 61
60 1147
60 572
60 223
60 181
60 341
60 814
60 1320
60 1238
60 381
60 1367
60 334
60 557
60 1076
60 413
60 303
60 1279
60 291
60 256
60 294
60 1068
60 1082
60 269
60 965
60 912
60 17
60 1194
60 647
60 63
60 84
60 456
60 346
60 1393
60 916
60 1198
60 625
60 308
60 285
60 555
60 394
60 343
60 983
60 740
60 50
60 525
60 473
60 179
60 1154
60 1289
60 633
60 191
60 923
60 244
60 1155
60 629
60 29
60 771
60 836
60 841
60 176
60 172
60 601
60 1368
60 1241
60 738
60 211
60 347
60 997
60 818
60 588
60 467
60 852
60 1381
60 1283
60 362
60 513
60 85
60 416
60 952
60 480
60 1255
60 630
60 1079
60 1161
60 988
60 654
60 974
60 1366
60 373
60 99
60 1181
60 1379
60 929
60 766
60 1364
60 188
60 140
60 165
60 979
60 1199
60 272
60 1297
60 1266
60 577
60 1387
60 830
60 1294
60 16
60 331
60 1105
60 655
60 122
60 1321
60 1032
60 486
60 209
60 1059
60 1190
60 1362
60 220
60 1140
60 892
60 835
60 444
60 640
60 477
60 866
60 103
60 788
60 237
60 12
60 33
60 317
60 1040
60 593
60 645
60 120
60 401
60 429
60 554
60 521
60 1193
60 325
60 1295
60 1309
60 43
60 1188
60 769
60 311
60 574
60 258
60 186
60 523
60 901
60 351
60 298
60 896
60 1340
60 787
60 578
60 794
60 1008
60 498
60 38
60 397
60 448
60 937
60 707
60 1189
60 438
60 1006
60 851
60 470
60 908
60 135
60 682
60 1031
60 118
60 792
60 326
60 573
60 667
60 1030
60 123
60 28
60 1015
60 45
60 1231
60 509
60 962
60 1088
60 335
60 982
60 1027
60 267
60 1346
60 503
60 1226
60 81
60 958
60 105
60 1394
60 715
60 1195
60 665
60 1302
60 985
60 1348
60 433
60 22
60 869
60 724
60 193
60 545
60 1211
60 845
60 660
60 234
60 925
60 972
60 1173
60 680
60 613
60 358
60 565
60 727
60 277
60 1342
60 663
60 858
60 880
60 526
60 26
60 13
60 664
60 996
60 1395
60 391
60 495
60 190
60 481
60 1136
60 861
60 125
60 864
60 535
60 27
60 1310
60 62
60 68
60 1014
60 1036
60 627
60 782
60 441
60 219
60 556
60 773
60 390
60 1293
60 1268
60 702
60 1332
60 1099
60 1217
60 280
60 563
60 811
60 309
60 148
60 439
60 784
60 333
60 1221
60 218
60 959
60 133
60 917
60 758
60 564
60 1317
60 1322
60 182
60 51
60 1097
60 353
60 297
60 195
60 127
60 1306
60 1078
60 686
60 1239
60 262
60 653
60 938
60 685
60 101
60 705
60 1330
60 1002
60 246
60 872
60 465
60 271
60 1089
60 1035
60 909
60 1258
60 1319
60 590
60 207
60 202
60 1304
60 144
60 1354
60 496
60 947
60 158
60 624
60 393
60 1026
60 192
60 759
60 757
60 790
60 450
60 288
60 721
60 1163
60 1127
60 80
60 39
60 221
60 78
60 161
60 71
60 1351
60 289
60 547
60 1398
60 651
60 301
60 21
60 180
60 483
60 781
60 79
60 631
60 515
60 233
60 1024
60 874
60 775
60 185
60 690
60 313
60 973
60 783
60 552
60 306
60 886
60 355
60 810
60 701
60 1292
60 596
60 130
60 910
60 222
60 1355
60 948
60 691
60 170
60 489
60 942
60 1274
60 1353
60 205
60 1039
60 1175
60 254
60 863
60 824
60 382
60 1343
60 546
60 106
60 661
60 1324
60 1334
60 1150
60 46
60 1066
60 1247
60 295
60 687
60 873
60 719
60 1162
60 466
60 514
60 1220
60 744
60 903
60 539
60 848
60 1046
60 887
60 951
60 1063
60 163
60 675
60 1325
60 348
60 259
60 286
60 1009
60 299
60 18
60 1065
60 1134
60 728
60 840
60 1305
60 659
60 1092
60 698
60 549
60 706
60 1010
60 583
60 65
60 500
60 569
60 991
60 1380
60 1278
60 268
60 162
60 930
60 1069
60 224
60 710
60 1037
60 541
60 178
60 610
60 512
60 75
60 1300
60 1119
60 146
60 726
60 1106
60 1313
60 885
60 372
60 287
60 469
60 1064
60 1077
60 643
60 678
60 750
60 1318
60 1018
60 9
60 229
60 110
60 53
60 1205
60 1100
60 108
60 799
60 316
60 1052
60 212
60 437
60 522
60 332
60 823
60 1123
60 825
60 327
60 752
60 88
60 1153
60 247
60 1019
60 1339
60 924
60 379
60 524
60 1307
60 594
60 76
60 32
60 217
60 1145
60 260
60 1084
60 1344
60 520
60 1013
60 278
60 1396
60 517
60 888
60 1033
60 173
60 1207
60 119
60 870
60 462
60 1174
60 876
60 936
60 1345
60 484
60 568
60 1204
60 319
60 699
60 966
60 612
60 1131
60 414
60 932
60 1356
60 762
60 1074
60 1237
60 786
60 819
60 822
60 618
60 614
60 167
60 1327
60 907
60 1230
60 198
60 1347
60 802
60 189
60 528
60 1110
60 1070
60 360
60 902
60 619
60 1020
60 1264
60 447
60 922
60 7
60 697
60 755
60 492
60 617
60 276
60 1044
60 1257
60 567
60 490
60 1003
60 399
60 166
60 628
60 1369
60 1104
60 367
60 1252
60 497
60 571
60 1158
60 230
60 829
60 1213
60 1169
60 143
60 1269
60 502
60 1391
60 8
60 203
60 52
60 261
60 739
60 693
60 208
60 599
60 754
60 859
60 64
60 1142
60 1051
60 1151
60 646
60 735
60 589
60 58
60 867
60 856
60 1122
60 531
60 1287
60 310
60 692
60 428
60 378
60 113
60 516
60 116
60 1282
60 881
60 1373
60 40
60 1125
60 1336
60 1303
60 340
60 816
60 548
60 400
60 74
60 592
60 124
60 878
60 530
60 1316
60 796
60 164
60 860
60 420
60 109
60 1275
60 1349
60 70
60 868
60 1397
60 1107
60 857
60 265
60 597
60 529
60 1296
60 1139
60 1166
60 919
60 20
60 1057
60 550
60 623
60 1286
60 1234
60 742
60 228
60 884
60 1352
60 357
60 30
60 797
60 423
60 1229
60 505
60 622
60 743
60 768
60 86
60 999
60 386
60 48
60 560
60 519
60 827
60 1012
60 649
60 747
60 803
60 566
60 770
60 780
60 1312
60 695
60 96
60 635
60 586
60 1288
60 468
60 673
60 543
60 1315
60 290
60 1183
60 753
60 939
60 104
60 1223
60 1167
60 199
60 809
60 604
60 1115
60 1335
60 415
60 767
60 608
60 806
60 748
60 1178
60 1323
60 69
60 865
60 1075
60 1298
60 994
60 463
60 883
60 602
60 152
60 488
60 616
60 225
60 813
60 421
60 808
60 1117
60 1284
60 914
60 1034
60 679
60 112
60 338
60 805
60 1242
60 56
60 595
60 1157
60 114
60 213
60 964
60 1095
60 216
60 1214
60 844
60 1113
60 1290
60 282
60 1212
60 720
60 894
60 434
60 453
60 210
60 620
60 174
60 427
60 1144
60 168
60 717
60 100
60 696
60 712
60 25
60 976
60 169
60 214
60 10
60 1328
60 77
60 1357
60 1341
60 83
60 153
60 154
60 132
60 156
60 129
60 5
60 238
60 1331
60 239
60 90
60 204
60 197
60 1358
60 215
60 138
60 226
60 171
60 141
60 139
60 42
60 41
60 1350
60 102
60 57
60 183
60 1363
60 1378
60 1338
60 175
60 1337
60 31
60 66
60 67
60 137
60 194
60 1359
60 95
60 184
60 136
60 19
60 1326
60 200
60 1186
60 1314
60 850
60 1116
60 1114
60 832
60 834
60 1112
60 838
60 839
60 842
60 1111
60 846
60 847
60 849
60 853
60 820
60 862
60 871
60 875
60 877
60 879
60 882
60 890
60 891
60 893
60 895
60 897
60 898
60 821
60 817
60 904
60 774
60 1126
60 737
60 741
60 1124
60 749
60 751
60 760
60 761
60 763
60 764
60 765
60 772
60 776
60 815
60 1121
60 1120
60 779
60 1118
60 791
60 793
60 795
60 800
60 801
60 804
60 807
60 812
60 900
60 905
60 1130
60 1021
60 1090
60 993
60 995
60 998
60 1000
60 1001
60 1004
60 1005
60 1007
60 1011
60 1016
60 1017
60 1022
60 975
60 1023
60 1025
60 1028
60 1038
60 1045
60 1048
60 1049
60 1050
60 1067
60 1058
60 1060
60 1062
60 1091
60 971
60 906
60 1098
60 911
60 913
60 915
60 918
60 920
60 926
60 1103
60 1102
60 931
60 1101
60 935
60 941
60 1096
60 970
60 946
60 949
60 950
60 953
60 954
60 955
60 956
60 1094
60 1093
60 967
60 968
60 969
60 1128
60 729
60 250
60 426
60 1243
60 396
60 402
60 403
60 405
60 407
60 408
60 411
60 412
60 418
60 419
60 1232
60 430
60 1244
60 431
60 436
60 440
60 442
60 443
60 1227
60 446
60 1218
60 464
60 471
60 1208
60 1203
60 392
60 387
60 1196
60 1291
60 251
60 252
60 253
60 257
60 263
60 270
60 275
60 279
60 1299
60 296
60 302
60 312
60 1285
60 1249
60 330
60 1277
60 1276
60 354
60 1272
60 361
60 1270
60 1267
60 371
60 1256
60 380
60 384
60 485
60 491
60 725
60 688
60 638
60 1156
60 642
60 1152
60 657
60 1146
60 669
60 670
60 1143
60 674
60 1141
60 683
60 1135
60 634
60 694
60 1399
60 1132
60 708
60 709
60 711
60 713
60 714
60 716
60 718
60 722
60 723
60 636
60 632
60 506
60 1170
60 507
60 508
60 510
60 511
60 534
60 536
60 1177
60 1176
60 544
60 558
60 1172
60 1171
60 1168
60 621
60 581
60 1165
60 1164
60 591
60 598
60 600
60 603
60 605
60 1160
60 609
60 1159
60 615
60 1400
