62 381
62 105
62 785
62 1383
62 459
62 148
62 382
62 789
62 787
62 483
62 788
62 659
62 452
62 116
62 1370
62 457
62 1149
62 255
62 1182
62 977
62 784
62 4
62 802
62 754
62 629
62 689
62 23
62 3
62 1076
62 562
62 803
62 1268
62 1154
62 565
62 1210
62 664
62 485
62 478
62 1283
62 666
62 1368
62 965
62 1045
62 150
62 72
62 967
62 134
62 261
62 563
62 94
62 1215
62 646
62 1084
62 155
62 1046
62 375
62 1302
62 272
62 912
62 145
62 364
62 18
62 1382
62 458
62 940
62 1365
62 1245
62 1222
62 776
62 191
62 1261
62 731
62 117
62 1260
62 547
62 1141
62 1220
62 352
62 533
62 943
62 439
62 1319
62 37
62 428
62 25
62 1274
62 308
62 435
62 855
62 564
62 1381
62 2
62 326
62 149
62 981
62 304
62 363
62 1254
62 527
62 1351
62 474
62 1301
62 843
62 1384
62 475
62 1225
62 573
62 328
62 306
62 1241
62 1176
62 329
62 316
62 376
62 1146
62 959
62 322
62 690
62 1216
62 335
62 1359
62 569
62 973
62 1263
62 325
62 157
62 406
62 339
62 1258
62 50
62 1278
62 1250
62 1240
62 460
62 978
62 1116
62 461
62 1262
62 888
62 393
62 1273
62 321
62 300
62 192
62 1080
62 74
62 256
62 567
62 107
62 538
62 515
62 1055
62 891
62 383
62 16
62 1191
62 800
62 504
62 611
62 1394
62 133
62 1155
62 366
62 570
62 1256
62 763
62 1385
62 333
62 979
62 389
62 812
62 1081
62 377
62 786
62 889
62 481
62 358
62 135
62 128
62 479
62 539
62 1022
62 1159
62 1047
62 1072
62 62
62 240
62 954
62 359
62 798
62 652
62 899
62 540
62 526
62 365
62 1235
62 340
62 53
62 1281
62 845
62 180
62 1078
62 9
62 1145
62 1395
62 1364
62 1198
62 36
62 1041
62 961
62 771
62 566
62 774
62 839
62 59
62 671
62 1375
62 34
62 349
62 71
62 1251
62 476
62 109
62 344
62 662
62 1112
62 348
62 642
62 601
62 556
62 160
62 854
62 721
62 336
62 1109
62 413
62 73
62 8
62 228
62 111
62 76
62 944
62 625
62 1106
62 89
62 1386
62 1330
62 1234
62 54
62 47
62 1100
62 1205
62 341
62 808
62 379
62 21
62 1253
62 1309
62 305
62 1118
62 451
62 309
62 655
62 493
62 962
62 327
62 494
62 131
62 1061
62 1282
62 734
62 1293
62 1343
62 84
62 104
62 560
62 484
62 477
62 1178
62 1126
62 1139
62 818
62 188
62 63
62 1209
62 1044
62 949
62 992
62 1083
62 292
62 249
62 1228
62 278
62 260
62 217
62 1021
62 151
62 386
62 801
62 661
62 241
62 1038
62 1130
62 706
62 667
62 1105
62 57
62 310
62 1264
62 1069
62 384
62 351
62 1181
62 395
62 1067
62 1321
62 635
62 623
62 630
62 216
62 1158
62 1366
62 257
62 751
62 314
62 445
62 267
62 872
62 966
62 378
62 651
62 572
62 242
62 610
62 22
62 97
62 1270
62 1165
62 45
62 123
62 522
62 17
62 1107
62 189
62 990
62 470
62 1284
62 35
62 266
62 842
62 271
62 315
62 186
62 126
62 1177
62 1300
62 115
62 1051
62 369
62 584
62 170
62 1137
62 43
62 298
62 24
62 1242
62 207
62 1171
62 345
62 236
62 162
62 521
62 838
62 932
62 657
62 179
62 626
62 653
62 112
62 108
62 55
62 1257
62 744
62 1121
62 844
62 468
62 660
62 417
62 7
62 663
62 337
62 773
62 1187
62 323
62 701
62 299
62 1376
62 705
62 576
62 541
62 1211
62 1157
62 370
62 432
62 182
62 1007
62 206
62 1104
62 920
62 167
62 851
62 702
62 121
62 56
62 320
62 1372
62 537
62 847
62 96
62 974
62 303
62 956
62 372
62 1311
62 355
62 269
62 608
62 343
62 928
62 1122
62 101
62 276
62 401
62 1322
62 668
62 530
62 1183
62 846
62 1355
62 1184
62 1082
62 1275
62 574
62 422
62 397
62 187
62 152
62 334
62 814
62 342
62 822
62 1117
62 1226
62 933
62 1390
62 166
62 823
62 472
62 61
62 254
62 218
62 1142
62 1192
62 605
62 1123
62 794
62 1391
62 277
62 1265
62 231
62 125
62 394
62 1119
62 347
62 294
62 1190
62 672
62 684
62 1354
62 263
62 1054
62 1180
62 955
62 248
62 927
62 553
62 1236
62 892
62 1280
62 291
62 1310
62 770
62 972
62 710
62 489
62 1196
62 550
62 1377
62 1140
62 307
62 178
62 488
62 1200
62 346
62 1039
62 175
62 1238
62 487
62 171
62 15
62 1151
62 324
62 80
62 633
62 456
62 1324
62 177
62 559
62 682
62 81
62 505
62 740
62 1307
62 1040
62 410
62 165
62 221
62 140
62 987
62 535
62 1267
62 587
62 1323
62 1237
62 99
62 5
62 1224
62 761
62 1161
62 124
62 158
62 831
62 465
62 1292
62 989
62 1247
62 77
62 499
62 759
62 1327
62 183
62 528
62 219
62 265
62 49
62 781
62 1173
62 1353
62 190
62 549
62 176
62 937
62 1212
62 318
62 900
62 495
62 654
62 1204
62 1313
62 960
62 427
62 1194
62 203
62 525
62 952
62 404
62 1213
62 79
62 1
62 450
62 864
62 551
62 1185
62 745
62 1074
62 273
62 618
62 742
62 289
62 388
62 1266
62 290
62 1371
62 777
62 677
62 765
62 656
62 683
62 1255
62 1233
62 1201
62 916
62 604
62 222
62 579
62 1348
62 817
62 1214
62 811
62 168
62 996
62 447
62 1199
62 416
62 779
62 548
62 998
62 696
62 373
62 1108
62 964
62 501
62 169
62 852
62 699
62 1325
62 775
62 496
62 1179
62 425
62 583
62 469
62 529
62 142
62 568
62 698
62 1352
62 848
62 1335
62 969
62 1347
62 490
62 39
62 1393
62 534
62 850
62 1189
62 976
62 681
62 607
62 407
62 617
62 205
62 247
62 1248
62 1244
62 1259
62 296
62 934
62 106
62 213
62 58
62 237
62 719
62 1050
62 293
62 645
62 418
62 227
62 498
62 491
62 380
62 986
62 1246
62 1243
62 1153
62 922
62 1062
62 1295
62 448
62 243
62 1133
62 963
62 901
62 593
62 680
62 1027
62 921
62 1010
62 317
62 1276
62 984
62 925
62 454
62 1156
62 830
62 426
62 91
62 885
62 1303
62 1288
62 502
62 295
62 819
62 1320
62 1208
62 1332
62 991
62 209
62 244
62 1227
62 757
62 542
62 198
62 939
62 1271
62 741
62 903
62 665
62 27
62 194
62 1297
62 455
62 353
62 585
62 119
62 1294
62 715
62 596
62 60
62 1002
62 164
62 736
62 813
62 906
62 523
62 311
62 356
62 434
62 837
62 224
62 1143
62 1056
62 1287
62 40
62 223
62 233
62 230
62 1132
62 631
62 1231
62 367
62 945
62 1362
62 796
62 557
62 545
62 1289
62 268
62 232
62 575
62 894
62 1356
62 1230
62 918
62 704
62 86
62 1195
62 88
62 1009
62 873
62 988
62 1059
62 882
62 163
62 87
62 518
62 799
62 732
62 424
62 580
62 1036
62 1163
62 154
62 196
62 1135
62 138
62 913
62 78
62 797
62 70
62 750
62 571
62 941
62 253
62 1269
62 828
62 1085
62 824
62 1389
62 558
62 280
62 627
62 173
62 1239
62 1333
62 153
62 1064
62 444
62 531
62 861
62 1374
62 935
62 931
62 948
62 739
62 790
62 331
62 251
62 32
62 212
62 1304
62 288
62 1296
62 210
62 1349
62 1053
62 1193
62 938
62 172
62 917
62 1162
62 833
62 1279
62 44
62 51
62 620
62 440
62 1291
62 615
62 1339
62 1328
62 1315
62 286
62 130
62 118
62 692
62 1252
62 753
62 33
62 156
62 767
62 863
62 919
62 942
62 283
62 1136
62 752
62 332
62 449
62 415
62 730
62 700
62 146
62 19
62 674
62 1092
62 1175
62 48
62 197
62 1341
62 727
62 868
62 1229
62 6
62 174
62 144
62 398
62 453
62 624
62 856
62 994
62 1006
62 536
62 12
62 385
62 643
62 1071
62 613
62 766
62 1079
62 880
62 1144
62 507
62 669
62 616
62 85
62 908
62 673
62 132
62 849
62 826
62 679
62 1131
62 195
62 857
62 313
62 430
62 1065
62 26
62 1232
62 1392
62 438
62 733
62 338
62 758
62 1188
62 792
62 98
62 1388
62 594
62 716
62 220
62 225
62 95
62 555
62 554
62 648
62 391
62 67
62 90
62 509
62 520
62 1249
62 446
62 390
62 793
62 985
62 637
62 1367
62 1166
62 876
62 577
62 512
62 1068
62 193
62 28
62 602
62 827
62 270
62 930
62 127
62 371
62 399
62 1344
62 514
62 590
62 14
62 1202
62 258
62 1020
62 628
62 282
62 387
62 264
62 1129
62 926
62 1298
62 1387
62 1134
62 463
62 592
62 420
62 302
62 524
62 467
62 614
62 552
62 436
62 1369
62 38
62 975
62 1110
62 143
62 360
62 500
62 1373
62 890
62 199
62 859
62 738
62 503
62 211
62 246
62 658
62 907
62 695
62 215
62 462
62 1299
62 1203
62 11
62 544
62 612
62 929
62 297
62 510
62 1148
62 516
62 1272
62 982
62 362
62 717
62 466
62 772
62 869
62 103
62 1088
62 902
62 433
62 686
62 820
62 1186
62 1329
62 29
62 905
62 675
62 139
62 1221
62 860
62 1073
62 234
62 1035
62 274
62 464
62 1306
62 319
62 600
62 1223
62 795
62 1097
62 1286
62 546
62 895
62 858
62 755
62 1066
62 161
62 599
62 1380
62 30
62 743
62 1008
62 519
62 1012
62 836
62 1003
62 747
62 245
62 1014
62 632
62 1197
62 208
62 312
62 374
62 1345
62 414
62 511
62 691
62 443
62 275
62 1115
62 687
62 591
62 970
62 588
62 685
62 865
62 102
62 423
62 1075
62 1086
62 1124
62 915
62 641
62 980
62 201
62 93
62 983
62 122
62 589
62 993
62 1043
62 597
62 914
62 1034
62 1318
62 707
62 159
62 1219
62 361
62 561
62 805
62 120
62 714
62 578
62 688
62 595
62 782
62 262
62 997
62 644
62 1095
62 92
62 1379
62 748
62 402
62 69
62 606
62 214
62 110
62 1167
62 1093
62 749
62 287
62 508
62 634
62 421
62 52
62 1334
62 1128
62 184
62 64
62 697
62 82
62 259
62 204
62 1207
62 147
62 1336
62 442
62 693
62 1326
62 1024
62 229
62 825
62 252
62 486
62 603
62 1164
62 1277
62 947
62 185
62 1360
62 1096
62 1361
62 10
62 1308
62 1174
62 1305
62 1094
62 1172
62 1098
62 1099
62 1290
62 65
62 1340
62 1363
62 75
62 1070
62 13
62 1217
62 1077
62 1218
62 1206
62 1087
62 1378
62 1398
62 1285
62 68
62 66
62 100
62 1090
62 20
62 1091
62 1089
62 1357
62 1312
62 1120
62 31
62 1331
62 114
62 46
62 1350
62 1346
62 1396
62 1147
62 129
62 1358
62 1337
62 1138
62 1125
62 1127
62 83
62 42
62 41
62 1342
62 113
62 1114
62 1113
62 1397
62 1101
62 1170
62 1338
62 1314
62 1316
62 1317
62 1169
62 1168
62 1102
62 141
62 1103
62 1160
62 137
62 1152
62 1150
62 136
62 1111
62 543
62 923
62 1063
62 724
62 737
62 735
62 729
62 728
62 392
62 726
62 725
62 396
62 400
62 412
62 723
62 403
62 722
62 405
62 720
62 718
62 408
62 409
62 746
62 756
62 760
62 762
62 815
62 810
62 809
62 807
62 806
62 804
62 350
62 354
62 791
62 783
62 357
62 780
62 778
62 769
62 768
62 368
62 764
62 411
62 713
62 1060
62 492
62 638
62 636
62 480
62 482
62 622
62 621
62 619
62 609
62 497
62 712
62 598
62 506
62 513
62 517
62 586
62 582
62 581
62 532
62 473
62 639
62 471
62 640
62 711
62 419
62 709
62 708
62 703
62 1399
62 429
62 431
62 694
62 437
62 441
62 678
62 676
62 670
62 650
62 649
62 647
62 816
62 821
62 829
62 1001
62 1017
62 1016
62 1015
62 1013
62 1011
62 1005
62 226
62 1004
62 1000
62 832
62 999
62 235
62 995
62 238
62 239
62 971
62 250
62 968
62 1018
62 1019
62 1023
62 1025
62 1058
62 1057
62 1052
62 1049
62 1048
62 181
62 1042
62 1037
62 1033
62 1032
62 1031
62 1030
62 1029
62 1028
62 1026
62 200
62 202
62 958
62 957
62 953
62 883
62 301
62 879
62 878
62 877
62 875
62 874
62 871
62 870
62 867
62 866
62 862
62 853
62 841
62 840
62 330
62 835
62 834
62 881
62 884
62 951
62 886
62 950
62 946
62 936
62 924
62 911
62 910
62 909
62 279
62 281
62 284
62 285
62 904
62 898
62 897
62 896
62 893
62 887
62 1400
