63 1045
63 839
63 843
63 891
63 738
63 1135
63 491
63 1118
63 1106
63 1051
63 566
63 204
63 629
63 954
63 1171
63 678
63 1381
63 605
63 971
63 1046
63 763
63 1121
63 889
63 158
63 812
63 794
63 1116
63 287
63 242
63 1336
63 1192
63 420
63 435
63 25
63 411
63 1130
63 492
63 556
63 1191
63 676
63 567
63 382
63 1081
63 1256
63 472
63 689
63 1145
63 186
63 838
63 1311
63 1039
63 932
63 635
63 1119
63 525
63 784
63 900
63 879
63 79
63 415
63 1176
63 1146
63 638
63 955
63 1227
63 1246
63 1359
63 795
63 57
63 846
63 347
63 564
63 1237
63 783
63 514
63 176
63 428
63 1104
63 1021
63 1339
63 133
63 785
63 888
63 800
63 1198
63 655
63 1258
63 1182
63 56
63 1234
63 721
63 745
63 659
63 272
63 1280
63 626
63 1166
63 979
63 1133
63 1231
63 786
63 173
63 1337
63 1283
63 787
63 692
63 116
63 1084
63 1022
63 1334
63 483
63 282
63 147
63 1355
63 1151
63 793
63 311
63 381
63 1281
63 1100
63 847
63 1382
63 370
63 642
63 1310
63 1313
63 63
63 1122
63 687
63 39
63 852
63 675
63 305
63 498
63 907
63 855
63 776
63 1126
63 19
63 37
63 693
63 1229
63 1307
63 956
63 224
63 198
63 1263
63 978
63 512
63 1156
63 845
63 230
63 782
63 690
63 1293
63 801
63 1117
63 973
63 222
63 96
63 1395
63 789
63 1262
63 1178
63 757
63 503
63 205
63 1351
63 688
63 120
63 316
63 58
63 912
63 765
63 91
63 1159
63 1038
63 1338
63 922
63 40
63 1069
63 384
63 1386
63 247
63 1343
63 636
63 23
63 1356
63 1078
63 1366
63 584
63 62
63 866
63 993
63 697
63 612
63 539
63 1387
63 802
63 754
63 295
63 522
63 1200
63 174
63 842
63 771
63 1173
63 105
63 1177
63 379
63 520
63 805
63 810
63 848
63 569
63 983
63 1378
63 809
63 279
63 543
63 470
63 1187
63 1011
63 574
63 663
63 1067
63 808
63 1300
63 1385
63 345
63 121
63 565
63 35
63 844
63 1103
63 1091
63 1230
63 1212
63 680
63 97
63 1267
63 1132
63 1216
63 952
63 1062
63 294
63 791
63 1043
63 1076
63 292
63 467
63 598
63 1188
63 1185
63 124
63 1074
63 694
63 748
63 788
63 101
63 1225
63 945
63 673
63 1264
63 452
63 670
63 487
63 196
63 1235
63 372
63 854
63 248
63 49
63 165
63 346
63 823
63 851
63 1123
63 329
63 1205
63 10
63 190
63 695
63 115
63 310
63 928
63 375
63 1290
63 504
63 1292
63 533
63 443
63 252
63 80
63 519
63 1394
63 423
63 1105
63 712
63 857
63 391
63 657
63 94
63 1287
63 334
63 624
63 373
63 1098
63 353
63 1271
63 1250
63 509
63 74
63 352
63 48
63 1006
63 1044
63 646
63 977
63 1136
63 1093
63 797
63 1204
63 1183
63 992
63 856
63 758
63 140
63 406
63 704
63 122
63 1002
63 641
63 232
63 142
63 68
63 484
63 1303
63 662
63 961
63 364
63 1196
63 72
63 344
63 930
63 563
63 304
63 724
63 947
63 240
63 1309
63 864
63 751
63 553
63 798
63 341
63 75
63 331
63 937
63 671
63 822
63 1352
63 293
63 1349
63 261
63 265
63 211
63 1248
63 300
63 1107
63 3
63 337
63 1109
63 710
63 212
63 1364
63 753
63 257
63 110
63 464
63 70
63 315
63 1124
63 770
63 1285
63 536
63 1190
63 171
63 307
63 1257
63 557
63 708
63 792
63 950
63 27
63 1321
63 38
63 1211
63 1322
63 622
63 369
63 17
63 502
63 413
63 157
63 187
63 8
63 813
63 386
63 665
63 508
63 441
63 994
63 197
63 1241
63 438
63 1232
63 927
63 454
63 850
63 761
63 1040
63 1254
63 92
63 254
63 409
63 906
63 1114
63 1390
63 513
63 485
63 312
63 1050
63 740
63 1125
63 1324
63 221
63 572
63 76
63 1304
63 595
63 990
63 53
63 1070
63 988
63 628
63 148
63 250
63 774
63 1218
63 547
63 11
63 1158
63 1134
63 942
63 601
63 696
63 974
63 904
63 972
63 722
63 585
63 506
63 229
63 189
63 766
63 274
63 970
63 590
63 1004
63 193
63 1253
63 759
63 1003
63 291
63 949
63 90
63 996
63 501
63 938
63 885
63 965
63 894
63 1071
63 421
63 192
63 209
63 652
63 948
63 328
63 729
63 431
63 55
63 989
63 280
63 984
63 206
63 251
63 84
63 1371
63 741
63 258
63 139
63 134
63 976
63 1315
63 447
63 473
63 540
63 1269
63 524
63 188
63 357
63 1090
63 439
63 458
63 399
63 145
63 773
63 1077
63 126
63 276
63 951
63 149
63 273
63 1102
63 20
63 1209
63 5
63 991
63 884
63 335
63 987
63 1206
63 1168
63 179
63 1328
63 1367
63 863
63 233
63 1392
63 213
63 33
63 277
63 790
63 818
63 1056
63 1150
63 388
63 290
63 580
63 114
63 308
63 465
63 558
63 1068
63 1161
63 661
63 245
63 1236
63 1042
63 378
63 723
63 1137
63 135
63 106
63 432
63 962
63 1144
63 440
63 831
63 1019
63 780
63 1274
63 1186
63 742
63 1112
63 1167
63 495
63 637
63 1165
63 1010
63 876
63 1147
63 1384
63 1396
63 1228
63 568
63 1319
63 183
63 1195
63 781
63 64
63 873
63 933
63 1276
63 545
63 1027
63 1033
63 860
63 865
63 354
63 1233
63 877
63 14
63 1240
63 1308
63 651
63 182
63 931
63 975
63 744
63 1335
63 1101
63 720
63 939
63 494
63 583
63 234
63 811
63 1306
63 89
63 640
63 589
63 1099
63 326
63 1376
63 360
63 150
63 946
63 69
63 461
63 486
63 466
63 50
63 410
63 395
63 542
63 1298
63 175
63 528
63 266
63 883
63 1326
63 54
63 1374
63 836
63 616
63 1350
63 1340
63 1289
63 621
63 707
63 1129
63 926
63 967
63 159
63 981
63 1111
63 743
63 1047
63 1284
63 430
63 934
63 226
63 959
63 1009
63 1277
63 1162
63 169
63 260
63 194
63 416
63 1018
63 123
63 480
63 653
63 1331
63 667
63 664
63 459
63 1210
63 1143
63 82
63 462
63 103
63 1007
63 285
63 587
63 241
63 1214
63 929
63 677
63 73
63 481
63 1082
63 160
63 881
63 1327
63 127
63 650
63 371
63 573
63 815
63 591
63 1222
63 283
63 138
63 631
63 958
63 414
63 546
63 672
63 330
63 1163
63 262
63 434
63 239
63 1157
63 1053
63 541
63 997
63 358
63 1075
63 733
63 1373
63 268
63 830
63 446
63 709
63 592
63 349
63 746
63 1242
63 915
63 552
63 455
63 1092
63 627
63 686
63 529
63 1213
63 109
63 654
63 1065
63 52
63 1202
63 1217
63 1201
63 966
63 1184
63 924
63 531
63 47
63 1128
63 1268
63 633
63 59
63 936
63 225
63 1149
63 383
63 643
63 1363
63 356
63 88
63 1008
63 576
63 518
63 1080
63 321
63 645
63 941
63 1064
63 1249
63 456
63 215
63 982
63 555
63 363
63 681
63 1054
63 1199
63 1261
63 772
63 727
63 714
63 807
63 578
63 535
63 600
63 1155
63 1164
63 957
63 1312
63 156
63 980
63 603
63 897
63 468
63 51
63 141
63 427
63 168
63 1031
63 216
63 296
63 571
63 905
63 767
63 1391
63 1365
63 614
63 15
63 1169
63 1001
63 36
63 1131
63 1139
63 1055
63 1097
63 1059
63 16
63 902
63 1108
63 496
63 1208
63 1323
63 610
63 403
63 560
63 901
63 620
63 453
63 893
63 1052
63 302
63 602
63 263
63 24
63 489
63 1238
63 986
63 348
63 309
63 588
63 1239
63 943
63 1259
63 297
63 683
63 9
63 1270
63 679
63 1342
63 227
63 112
63 1193
63 236
63 100
63 259
63 1296
63 691
63 985
63 1172
63 814
63 593
63 220
63 685
63 1207
63 921
63 426
63 202
63 128
63 1247
63 903
63 1370
63 191
63 804
63 964
63 562
63 332
63 152
63 166
63 1000
63 1154
63 858
63 155
63 177
63 869
63 717
63 599
63 1034
63 1325
63 1072
63 289
63 1224
63 44
63 85
63 917
63 1175
63 1066
63 806
63 859
63 1226
63 625
63 210
63 827
63 185
63 77
63 200
63 325
63 320
63 324
63 31
63 338
63 339
63 340
63 30
63 217
63 214
63 203
63 34
63 350
63 223
63 323
63 184
63 181
63 322
63 180
63 199
63 29
63 12
63 2
63 336
63 208
63 7
63 13
63 26
63 32
63 351
63 333
63 41
63 218
63 22
63 21
63 18
63 219
63 343
63 6
63 42
63 207
63 201
63 43
63 28
63 327
63 195
63 355
63 45
63 4
63 46
63 342
63 125
63 228
63 284
63 131
63 99
63 281
63 98
63 132
63 249
63 136
63 246
63 253
63 95
63 93
63 286
63 137
63 288
63 244
63 87
63 130
63 278
63 178
63 111
63 264
63 269
63 119
63 118
63 270
63 117
63 113
63 271
63 102
63 108
63 107
63 129
63 256
63 275
63 104
63 255
63 86
63 143
63 243
63 313
63 267
63 163
63 164
63 66
63 65
63 167
63 170
63 314
63 83
63 61
63 60
63 172
63 231
63 317
63 318
63 319
63 67
63 162
63 306
63 161
63 144
63 146
63 81
63 78
63 238
63 151
63 153
63 298
63 237
63 299
63 235
63 71
63 301
63 154
63 303
63 1400
63 700
63 359
63 953
63 1028
63 1026
63 1025
63 1024
63 1023
63 1020
63 1017
63 1016
63 1015
63 1014
63 1013
63 1012
63 1005
63 999
63 998
63 995
63 969
63 968
63 963
63 1029
63 1030
63 1032
63 1063
63 1089
63 1088
63 1087
63 1086
63 1085
63 1083
63 1079
63 1073
63 1061
63 1035
63 1060
63 1058
63 1057
63 1049
63 1048
63 1041
63 1037
63 1036
63 960
63 944
63 1095
63 940
63 880
63 878
63 875
63 874
63 872
63 871
63 870
63 868
63 867
63 862
63 861
63 853
63 849
63 841
63 840
63 837
63 835
63 834
63 833
63 882
63 886
63 887
63 913
63 935
63 925
63 923
63 920
63 919
63 918
63 916
63 914
63 911
63 890
63 910
63 909
63 908
63 899
63 898
63 896
63 895
63 892
63 1094
63 1096
63 361
63 1291
63 1346
63 1345
63 1344
63 1341
63 1333
63 1332
63 1330
63 1329
63 1320
63 1318
63 1317
63 1316
63 1314
63 1305
63 1302
63 1301
63 1299
63 1297
63 1295
63 1347
63 1348
63 1353
63 1377
63 1398
63 1397
63 1393
63 1389
63 1388
63 1383
63 1380
63 1379
63 1375
63 1354
63 1372
63 1369
63 1368
63 1362
63 1361
63 1360
63 1358
63 1357
63 1294
63 1288
63 1110
63 1286
63 1194
63 1189
63 1181
63 1180
63 1179
63 1174
63 1170
63 1160
63 1153
63 1152
63 1148
63 1142
63 1141
63 1140
63 1138
63 1127
63 1120
63 1115
63 1113
63 1197
63 1203
63 1215
63 1260
63 1282
63 1279
63 1278
63 1275
63 1273
63 1272
63 1266
63 1265
63 1255
63 1219
63 1252
63 1251
63 1245
63 1244
63 1243
63 1223
63 1221
63 1220
63 832
63 829
63 828
63 451
63 507
63 505
63 500
63 499
63 497
63 493
63 490
63 488
63 482
63 479
63 478
63 477
63 476
63 475
63 474
63 471
63 469
63 463
63 460
63 510
63 511
63 515
63 538
63 561
63 559
63 554
63 551
63 550
63 549
63 548
63 544
63 537
63 516
63 534
63 532
63 530
63 527
63 526
63 523
63 521
63 517
63 457
63 450
63 826
63 449
63 398
63 397
63 396
63 394
63 393
63 392
63 390
63 389
63 387
63 385
63 380
63 377
63 376
63 374
63 368
63 367
63 366
63 365
63 362
63 400
63 401
63 402
63 425
63 448
63 445
63 444
63 442
63 437
63 436
63 433
63 429
63 424
63 404
63 422
63 419
63 418
63 417
63 412
63 408
63 407
63 405
63 570
63 575
63 577
63 579
63 750
63 749
63 747
63 739
63 737
63 736
63 735
63 734
63 732
63 731
63 730
63 728
63 726
63 725
63 719
63 718
63 716
63 715
63 713
63 752
63 755
63 756
63 799
63 825
63 824
63 821
63 820
63 819
63 817
63 816
63 803
63 796
63 760
63 779
63 778
63 777
63 775
63 769
63 768
63 764
63 762
63 711
63 706
63 705
63 608
63 623
63 619
63 618
63 617
63 615
63 613
63 611
63 609
63 607
63 632
63 606
63 604
63 597
63 596
63 594
63 586
63 582
63 581
63 630
63 634
63 703
63 669
63 702
63 701
63 1399
63 699
63 698
63 684
63 682
63 674
63 668
63 639
63 666
63 660
63 658
63 656
63 649
63 648
63 647
63 644
63 1
