66 128
66 305
66 191
66 664
66 1182
66 629
66 389
66 366
66 306
66 1251
66 590
66 310
66 458
66 4
66 1206
66 1370
66 329
66 2
66 375
66 393
66 97
66 1081
66 1083
66 1253
66 98
66 418
66 537
66 73
66 133
66 131
66 475
66 63
66 540
66 180
66 365
66 398
66 1198
66 116
66 3
66 659
66 1311
66 299
66 149
66 445
66 660
66 460
66 324
66 576
66 1072
66 1084
66 304
66 117
66 1086
66 388
66 1261
66 484
66 144
66 322
66 1265
66 255
66 494
66 1039
66 1375
66 1085
66 941
66 472
66 1224
66 412
66 977
66 318
66 1080
66 363
66 572
66 1250
66 62
66 1078
66 644
66 1302
66 257
66 320
66 383
66 453
66 323
66 404
66 477
66 89
66 1184
66 570
66 266
66 1235
66 832
66 50
66 394
66 231
66 298
66 625
66 525
66 1233
66 160
66 1283
66 321
66 530
66 26
66 946
66 121
66 973
66 527
66 379
66 221
66 452
66 1382
66 1245
66 59
66 1108
66 444
66 1210
66 192
66 579
66 1225
66 248
66 784
66 198
66 987
66 167
66 588
66 1281
66 1200
66 573
66 667
66 1273
66 300
66 241
66 498
66 351
66 826
66 28
66 989
66 109
66 307
66 188
66 27
66 81
66 34
66 155
66 292
66 974
66 222
66 1148
66 665
66 1393
66 297
66 663
66 504
66 574
66 1309
66 1368
66 940
66 976
66 309
66 1054
66 1270
66 395
66 916
66 179
66 1185
66 378
66 538
66 1282
66 551
66 1377
66 1294
66 1059
66 107
66 208
66 1240
66 1244
66 666
66 1392
66 1379
66 425
66 1236
66 465
66 1106
66 1119
66 45
66 1149
66 1227
66 943
66 854
66 945
66 1209
66 929
66 496
66 889
66 921
66 11
66 607
66 1105
66 700
66 461
66 1242
66 1181
66 228
66 1398
66 901
66 352
66 495
66 1366
66 1082
66 467
66 536
66 173
66 592
66 1063
66 1056
66 985
66 39
66 754
66 400
66 1246
66 264
66 734
66 583
66 455
66 54
66 675
66 206
66 1275
66 962
66 833
66 967
66 1260
66 963
66 775
66 641
66 370
66 1301
66 981
66 648
66 966
66 1376
66 372
66 556
66 539
66 1356
66 274
66 1192
66 757
66 1179
66 691
66 105
66 273
66 653
66 1390
66 1397
66 704
66 85
66 1307
66 268
66 1197
66 1383
66 491
66 342
66 349
66 135
66 6
66 1238
66 134
66 1159
66 93
66 669
66 201
66 550
66 831
66 150
66 1121
66 944
66 1109
66 476
66 23
66 922
66 417
66 87
66 680
66 569
66 469
66 308
66 487
66 559
66 920
66 1061
66 181
66 1241
66 1138
66 656
66 523
66 1293
66 332
66 387
66 1267
66 385
66 1361
66 1188
66 843
66 246
66 193
66 1107
66 1193
66 1394
66 237
66 118
66 1391
66 1073
66 1050
66 1262
66 401
66 696
66 65
66 953
66 993
66 409
66 1029
66 16
66 731
66 575
66 646
66 561
66 661
66 124
66 48
66 240
66 376
66 159
66 410
66 855
66 25
66 998
66 1143
66 980
66 1387
66 397
66 850
66 1076
66 1053
66 187
66 350
66 1100
66 773
66 229
66 14
66 927
66 1003
66 984
66 772
66 892
66 895
66 94
66 1371
66 106
66 797
66 1259
66 486
66 215
66 1002
66 965
66 439
66 1248
66 837
66 627
66 611
66 1354
66 110
66 1254
66 1006
66 542
66 970
66 682
66 738
66 483
66 386
66 153
66 33
66 1153
66 325
66 1124
66 982
66 261
66 1399
66 736
66 1337
66 997
66 112
66 139
66 1295
66 1232
66 1137
66 1123
66 849
66 662
66 1325
66 157
66 334
66 535
66 563
66 1087
66 672
66 706
66 88
66 171
66 1202
66 533
66 1222
66 459
66 371
66 1190
66 161
66 601
66 777
66 473
66 1400
66 1037
66 35
66 793
66 503
66 891
66 750
66 1396
66 762
66 1280
66 571
66 577
66 242
66 17
66 336
66 377
66 280
66 1128
66 903
66 1395
66 278
66 37
66 774
66 1289
66 267
66 917
66 905
66 285
66 652
66 630
66 138
66 1173
66 450
66 165
66 939
66 258
66 99
66 1110
66 1255
66 942
66 328
66 1313
66 172
66 532
66 1194
66 183
66 1322
66 873
66 990
66 224
66 422
66 373
66 419
66 1214
66 38
66 454
66 319
66 1351
66 341
66 730
66 1189
66 1
66 900
66 657
66 390
66 1031
66 1303
66 1389
66 406
66 420
66 10
66 770
66 1229
66 565
66 433
66 872
66 1135
66 690
66 1060
66 7
66 148
66 72
66 591
66 146
66 361
66 1014
66 786
66 358
66 526
66 586
66 211
66 934
66 1297
66 1043
66 608
66 260
66 36
66 820
66 814
66 578
66 1051
66 56
66 933
66 122
66 1237
66 803
66 457
66 1112
66 115
66 1310
66 440
66 1180
66 1018
66 994
66 1304
66 1154
66 587
66 915
66 331
66 580
66 1041
66 86
66 785
66 499
66 96
66 836
66 126
66 732
66 470
66 194
66 724
66 22
66 130
66 132
66 633
66 668
66 464
66 1208
66 828
66 317
66 1186
66 1048
66 818
66 1321
66 960
66 436
66 1362
66 70
66 800
66 1010
66 18
66 44
66 1130
66 344
66 84
66 1221
66 541
66 348
66 988
66 186
66 585
66 493
66 435
66 840
66 19
66 869
66 364
66 519
66 446
66 381
66 176
66 584
66 562
66 52
66 1134
66 326
66 992
66 61
66 369
66 1231
66 651
66 798
66 103
66 1239
66 217
66 490
66 957
66 9
66 676
66 1195
66 932
66 870
66 983
66 839
66 1074
66 1300
66 1055
66 534
66 1343
66 468
66 979
66 507
66 428
66 1228
66 311
66 853
66 478
66 335
66 480
66 236
66 792
66 123
66 1352
66 986
66 787
66 380
66 313
66 430
66 1042
66 1288
66 1129
66 1373
66 142
66 1139
66 108
66 751
66 1374
66 878
66 479
66 640
66 799
66 767
66 1187
66 1035
66 474
66 693
66 752
66 347
66 626
66 1249
66 746
66 1142
66 489
66 637
66 111
66 1367
66 1007
66 205
66 1353
66 382
66 830
66 1201
66 145
66 368
66 424
66 654
66 688
66 692
66 606
66 1052
66 658
66 407
66 602
66 270
66 147
66 327
66 1349
66 1256
66 333
66 771
66 912
66 949
66 1219
66 1327
66 899
66 1070
66 125
66 427
66 1299
66 1330
66 893
66 514
66 216
66 340
66 694
66 636
66 1093
66 596
66 604
66 74
66 616
66 862
66 779
66 823
66 462
66 456
66 391
66 549
66 269
66 1284
66 174
66 930
66 1323
66 975
66 1324
66 610
66 49
66 522
66 1071
66 1034
66 265
66 360
66 835
66 1038
66 517
66 60
66 733
66 593
66 978
66 500
66 1183
66 1207
66 557
66 1005
66 1216
66 697
66 127
66 1009
66 1204
66 314
66 429
66 277
66 92
66 1234
66 207
66 1385
66 1296
66 1203
66 189
66 234
66 20
66 1215
66 544
66 356
66 196
66 947
66 769
66 612
66 521
66 959
66 1287
66 284
66 1274
66 30
66 1272
66 1220
66 857
66 531
66 227
66 466
66 1319
66 68
66 512
66 802
66 29
66 152
66 566
66 545
66 421
66 902
66 281
66 683
66 485
66 794
66 1013
66 1024
66 1044
66 1278
66 599
66 761
66 1030
66 247
66 1258
66 515
66 918
66 936
66 605
66 24
66 232
66 689
66 1218
66 710
66 695
66 796
66 1306
66 481
66 956
66 1047
66 600
66 1223
66 972
66 677
66 825
66 1386
66 795
66 51
66 41
66 175
66 1117
66 166
66 40
66 1276
66 1320
66 1144
66 213
66 1312
66 1151
66 745
66 164
66 880
66 21
66 1165
66 553
66 624
66 678
66 864
66 1068
66 104
66 567
66 1263
66 1266
66 190
66 705
66 1217
66 632
66 90
66 639
66 684
66 312
66 1099
66 1205
66 203
66 1058
66 76
66 57
66 162
66 282
66 1016
66 1088
66 1199
66 955
66 906
66 716
66 650
66 140
66 518
66 357
66 1315
66 209
66 938
66 230
66 511
66 58
66 894
66 362
66 1141
66 202
66 101
66 1089
66 888
66 909
66 443
66 687
66 283
66 233
66 827
66 1077
66 919
66 701
66 426
66 778
66 91
66 1230
66 1381
66 5
66 829
66 719
66 501
66 102
66 47
66 423
66 765
66 720
66 1292
66 969
66 1026
66 742
66 53
66 1347
66 197
66 272
66 801
66 735
66 1020
66 655
66 1279
66 315
66 1264
66 552
66 886
66 529
66 1158
66 408
66 1277
66 589
66 1269
66 810
66 451
66 971
66 597
66 263
66 303
66 623
66 923
66 1339
66 1191
66 813
66 1046
66 77
66 1008
66 896
66 119
66 863
66 243
66 788
66 316
66 1318
66 1067
66 1150
66 200
66 1015
66 46
66 783
66 295
66 449
66 560
66 789
66 294
66 1369
66 887
66 1328
66 1363
66 120
66 817
66 212
66 1040
66 714
66 991
66 703
66 996
66 1032
66 881
66 195
66 737
66 275
66 1380
66 1079
66 547
66 253
66 1125
66 1364
66 15
66 55
66 413
66 82
66 163
66 1365
66 75
66 182
66 293
66 1126
66 741
66 582
66 713
66 726
66 13
66 528
66 415
66 1036
66 1147
66 244
66 748
66 402
66 1025
66 67
66 937
66 69
66 617
66 214
66 1372
66 12
66 749
66 1342
66 287
66 169
66 508
66 715
66 634
66 374
66 851
66 225
66 952
66 622
66 276
66 1332
66 554
66 1334
66 628
66 158
66 1345
66 346
66 702
66 184
66 928
66 1257
66 1268
66 64
66 447
66 414
66 220
66 259
66 204
66 506
66 262
66 1341
66 1247
66 448
66 1157
66 1336
66 740
66 739
66 288
66 964
66 442
66 756
66 699
66 488
66 1326
66 1252
66 1169
66 1156
66 852
66 961
66 645
66 100
66 170
66 177
66 635
66 564
66 781
66 908
66 1333
66 686
66 1213
66 1212
66 707
66 1122
66 856
66 907
66 1064
66 824
66 32
66 289
66 252
66 432
66 782
66 603
66 296
66 1164
66 1104
66 441
66 1166
66 83
66 766
66 649
66 753
66 185
66 199
66 717
66 805
66 78
66 758
66 1012
66 790
66 1348
66 954
66 763
66 95
66 950
66 1011
66 178
66 1346
66 791
66 755
66 722
66 725
66 926
66 1308
66 1001
66 924
66 71
66 925
66 723
66 8
66 1033
66 1355
66 951
66 1305
66 760
66 1388
66 1350
66 80
66 811
66 79
66 759
66 66
66 807
66 727
66 747
66 1317
66 958
66 744
66 129
66 768
66 729
66 743
66 1331
66 804
66 1329
66 999
66 156
66 1000
66 935
66 154
66 136
66 42
66 809
66 151
66 43
66 808
66 137
66 141
66 31
66 776
66 1384
66 1004
66 1357
66 948
66 1314
66 1344
66 1358
66 968
66 143
66 806
66 931
66 1359
66 995
66 721
66 113
66 114
66 168
66 764
66 1316
66 1338
66 1335
66 728
66 1360
66 1378
66 780
66 1340
66 1101
66 1298
66 620
66 1162
66 1161
66 1160
66 463
66 1021
66 471
66 1155
66 1022
66 621
66 1152
66 619
66 718
66 618
66 482
66 1146
66 615
66 1145
66 614
66 613
66 1092
66 492
66 609
66 1163
66 1091
66 1090
66 858
66 1175
66 1174
66 411
66 868
66 416
66 1172
66 1171
66 867
66 866
66 865
66 1170
66 631
66 431
66 434
66 437
66 438
66 861
66 1168
66 1167
66 860
66 859
66 1140
66 497
66 1136
66 844
66 1120
66 543
66 1098
66 546
66 548
66 581
66 1118
66 555
66 1116
66 1027
66 558
66 1115
66 1114
66 842
66 1113
66 841
66 568
66 834
66 1111
66 838
66 1103
66 1127
66 1028
66 1094
66 845
66 502
66 1023
66 505
66 598
66 509
66 510
66 513
66 595
66 594
66 516
66 1095
66 520
66 1096
66 848
66 524
66 1133
66 847
66 1132
66 1131
66 1097
66 846
66 638
66 405
66 1176
66 254
66 911
66 910
66 698
66 271
66 1271
66 812
66 279
66 1049
66 286
66 1102
66 290
66 291
66 301
66 302
66 685
66 1243
66 815
66 681
66 904
66 679
66 1017
66 256
66 251
66 898
66 250
66 210
66 218
66 219
66 1291
66 223
66 226
66 1290
66 712
66 711
66 235
66 709
66 708
66 238
66 239
66 1286
66 1285
66 914
66 245
66 1045
66 913
66 249
66 674
66 897
66 403
66 884
66 367
66 882
66 1211
66 821
66 879
66 822
66 1075
66 647
66 384
66 1196
66 877
66 876
66 392
66 875
66 643
66 874
66 396
66 642
66 399
66 1178
66 1177
66 883
66 819
66 673
66 885
66 1057
66 1226
66 330
66 671
66 670
66 1019
66 816
66 890
66 337
66 338
66 339
66 1062
66 343
66 345
66 1065
66 1066
66 353
66 354
66 355
66 359
66 1069
66 871
