68 628
68 343
68 662
68 344
68 338
68 337
68 560
68 480
68 339
68 254
68 535
68 364
68 773
68 689
68 1205
68 272
68 1237
68 365
68 322
68 1100
68 125
68 1240
68 382
68 481
68 1191
68 1200
68 559
68 661
68 1266
68 1180
68 1002
68 194
68 1104
68 635
68 974
68 1183
68 9
68 84
68 565
68 397
68 308
68 1263
68 226
68 942
68 353
68 1288
68 142
68 352
68 707
68 293
68 79
68 1056
68 433
68 81
68 690
68 123
68 774
68 1158
68 493
68 370
68 1109
68 1378
68 1185
68 127
68 60
68 1199
68 594
68 1280
68 1106
68 80
68 646
68 340
68 53
68 438
68 25
68 1248
68 387
68 214
68 85
68 366
68 1157
68 800
68 1274
68 48
68 195
68 19
68 310
68 1250
68 1319
68 374
68 609
68 745
68 1072
68 878
68 1155
68 248
68 443
68 542
68 1006
68 498
68 355
68 1147
68 529
68 1326
68 1283
68 544
68 4
68 280
68 350
68 865
68 683
68 240
68 466
68 40
68 552
68 1391
68 260
68 107
68 441
68 1195
68 869
68 62
68 29
68 349
68 556
68 780
68 887
68 1175
68 985
68 681
68 555
68 249
68 283
68 1161
68 1040
68 543
68 457
68 1336
68 472
68 637
68 1346
68 13
68 677
68 1382
68 1154
68 1214
68 111
68 59
68 1215
68 14
68 475
68 1241
68 901
68 977
68 1298
68 1063
68 90
68 49
68 185
68 561
68 943
68 1385
68 158
68 625
68 645
68 1145
68 1192
68 1061
68 1395
68 1300
68 1333
68 188
68 435
68 1375
68 325
68 954
68 553
68 1204
68 504
68 1253
68 37
68 512
68 1043
68 169
68 1097
68 1087
68 879
68 294
68 383
68 179
68 623
68 34
68 321
68 522
68 231
68 351
68 1193
68 704
68 1030
68 149
68 329
68 257
68 459
68 1343
68 465
68 143
68 113
68 1307
68 211
68 976
68 1294
68 832
68 770
68 1388
68 1233
68 845
68 595
68 1224
68 1246
68 1306
68 467
68 96
68 945
68 538
68 665
68 279
68 10
68 444
68 1327
68 1257
68 126
68 92
68 1310
68 170
68 906
68 389
68 1301
68 1005
68 796
68 395
68 581
68 243
68 274
68 291
68 266
68 101
68 205
68 1041
68 237
68 562
68 425
68 757
68 536
68 187
68 508
68 1293
68 517
68 201
68 728
68 161
68 1366
68 317
68 1039
68 775
68 328
68 593
68 292
68 227
68 154
68 907
68 476
68 1254
68 1197
68 477
68 1171
68 790
68 701
68 722
68 251
68 917
68 206
68 1028
68 265
68 1088
68 246
68 827
68 640
68 783
68 432
68 598
68 1323
68 1149
68 927
68 971
68 784
68 1023
68 1332
68 684
68 1086
68 1359
68 1390
68 336
68 216
68 996
68 222
68 1334
68 903
68 57
68 632
68 312
68 151
68 313
68 644
68 1080
68 679
68 203
68 1051
68 537
68 1012
68 250
68 877
68 368
68 621
68 447
68 456
68 1392
68 674
68 848
68 545
68 1393
68 153
68 285
68 1331
68 792
68 95
68 579
68 733
68 1174
68 762
68 767
68 1105
68 164
68 710
68 56
68 652
68 514
68 680
68 721
68 295
68 33
68 219
68 1024
68 197
68 1258
68 1126
68 93
68 1289
68 753
68 182
68 1348
68 1090
68 1159
68 909
68 809
68 590
68 510
68 1210
68 1249
68 38
68 375
68 193
68 43
68 1261
68 584
68 330
68 157
68 141
68 147
68 335
68 587
68 403
68 920
68 381
68 39
68 417
68 69
68 30
68 934
68 225
68 396
68 836
68 1328
68 1234
68 1211
68 1123
68 1269
68 616
68 17
68 8
68 1235
68 1019
68 648
68 612
68 12
68 835
68 318
68 671
68 386
68 771
68 951
68 484
68 829
68 160
68 273
68 421
68 173
68 1313
68 1281
68 262
68 359
68 1015
68 1231
68 1117
68 914
68 1071
68 1262
68 1302
68 608
68 876
68 649
68 896
68 694
68 1276
68 742
68 849
68 1271
68 602
68 1275
68 818
68 516
68 31
68 558
68 51
68 813
68 1055
68 926
68 1264
68 861
68 1325
68 110
68 979
68 16
68 1243
68 1284
68 1286
68 1206
68 1057
68 955
68 1112
68 1004
68 1216
68 744
68 1003
68 68
68 777
68 1110
68 346
68 315
68 659
68 404
68 1285
68 1143
68 1228
68 124
68 606
68 410
68 462
68 1074
68 651
68 86
68 415
68 431
68 506
68 167
68 1324
68 949
68 531
68 523
68 489
68 814
68 70
68 122
68 278
68 492
68 1339
68 128
68 235
68 479
68 430
68 1316
68 1379
68 423
68 852
68 961
68 564
68 719
68 1267
68 380
68 567
68 1217
68 748
68 810
68 667
68 35
68 150
68 1352
68 118
68 1076
68 808
68 698
68 705
68 64
68 132
68 950
68 712
68 1007
68 603
68 1009
68 746
68 1229
68 1370
68 1222
68 830
68 622
68 190
68 541
68 758
68 1372
68 580
68 735
68 407
68 224
68 717
68 212
68 872
68 647
68 571
68 573
68 687
68 478
68 138
68 631
68 362
68 184
68 990
68 45
68 732
68 980
68 277
68 900
68 1184
68 91
68 1194
68 177
68 32
68 695
68 304
68 1017
68 842
68 94
68 850
68 411
68 1399
68 929
68 1335
68 1172
68 736
68 1075
68 115
68 234
68 1383
68 994
68 1089
68 1207
68 693
68 549
68 881
68 924
68 642
68 699
68 904
68 470
68 874
68 1398
68 282
68 1368
68 655
68 1092
68 2
68 1107
68 1062
68 213
68 289
68 828
68 654
68 202
68 804
68 692
68 332
68 703
68 987
68 458
68 1342
68 730
68 636
68 1218
68 678
68 372
68 794
68 1212
68 1209
68 341
68 962
68 276
68 513
68 232
68 624
68 24
68 1225
68 844
68 788
68 563
68 789
68 65
68 782
68 582
68 156
68 981
68 1108
68 363
68 769
68 1296
68 449
68 427
68 1038
68 518
68 720
68 908
68 657
68 354
68 307
68 1322
68 922
68 1226
68 42
68 468
68 918
68 989
68 1381
68 1330
68 576
68 1032
68 860
68 675
68 905
68 1202
68 604
68 673
68 952
68 473
68 168
68 296
68 496
68 546
68 1091
68 1178
68 345
68 611
68 500
68 1356
68 1035
68 641
68 1
68 1190
68 108
68 946
68 1374
68 1047
68 589
68 566
68 497
68 1238
68 196
68 798
68 787
68 572
68 379
68 499
68 192
68 210
68 1355
68 247
68 626
68 554
68 183
68 620
68 58
68 1363
68 972
68 428
68 1303
68 220
68 982
68 314
68 464
68 89
68 1255
68 82
68 253
68 144
68 1386
68 1182
68 1329
68 288
68 574
68 369
68 83
68 54
68 244
68 601
68 155
68 781
68 1059
68 97
68 1213
68 682
68 894
68 1064
68 1244
68 252
68 991
68 131
68 163
68 696
68 416
68 209
68 811
68 928
68 378
68 87
68 306
68 426
68 309
68 311
68 316
68 319
68 429
68 78
68 77
68 76
68 75
68 74
68 73
68 72
68 71
68 361
68 320
68 67
68 434
68 66
68 323
68 424
68 305
68 245
68 88
68 116
68 414
68 114
68 112
68 300
68 109
68 301
68 106
68 105
68 104
68 103
68 102
68 418
68 419
68 100
68 99
68 98
68 302
68 420
68 303
68 422
68 63
68 436
68 61
68 437
68 22
68 357
68 21
68 20
68 450
68 18
68 333
68 451
68 15
68 452
68 11
68 356
68 7
68 334
68 342
68 453
68 6
68 454
68 455
68 5
68 3
68 23
68 26
68 27
68 47
68 324
68 439
68 55
68 360
68 326
68 327
68 52
68 440
68 50
68 46
68 28
68 442
68 358
68 44
68 41
68 445
68 446
68 36
68 331
68 448
68 117
68 299
68 119
68 180
68 373
68 207
68 263
68 204
68 264
68 200
68 267
68 388
68 199
68 390
68 198
68 391
68 392
68 393
68 371
68 268
68 394
68 191
68 189
68 186
68 269
68 208
68 261
68 259
68 229
68 377
68 376
68 242
68 241
68 239
68 238
68 236
68 233
68 230
68 228
68 385
68 255
68 223
68 221
68 256
68 218
68 217
68 384
68 215
68 258
68 181
68 178
68 120
68 176
68 408
68 146
68 409
68 286
68 145
68 287
68 290
68 140
68 139
68 412
68 137
68 297
68 136
68 135
68 134
68 133
68 298
68 130
68 129
68 121
68 413
68 148
68 152
68 284
68 401
68 270
68 175
68 398
68 174
68 399
68 400
68 172
68 171
68 271
68 402
68 159
68 166
68 275
68 165
68 347
68 281
68 405
68 367
68 406
68 162
68 348
68 1400
68 460
68 1048
68 1096
68 1095
68 1094
68 1093
68 1085
68 1084
68 1083
68 1082
68 1081
68 1079
68 1078
68 1077
68 1073
68 1070
68 1069
68 1068
68 1067
68 1066
68 1065
68 1060
68 1058
68 1054
68 1053
68 1052
68 1050
68 1098
68 1099
68 1101
68 1125
68 1137
68 1136
68 1135
68 1134
68 1133
68 1132
68 1131
68 1130
68 1129
68 1128
68 1127
68 1124
68 1102
68 1122
68 1121
68 1120
68 1119
68 1118
68 1116
68 1115
68 1114
68 1113
68 1111
68 1103
68 1049
68 1046
68 1139
68 1045
68 992
68 988
68 986
68 984
68 983
68 978
68 975
68 973
68 970
68 969
68 968
68 967
68 966
68 965
68 964
68 963
68 960
68 959
68 958
68 957
68 956
68 953
68 948
68 947
68 944
68 993
68 995
68 997
68 1022
68 1044
68 1042
68 1037
68 1036
68 1034
68 1033
68 1031
68 1029
68 1027
68 1026
68 1025
68 1021
68 998
68 1020
68 1018
68 1016
68 1014
68 1013
68 1011
68 1010
68 1008
68 1001
68 1000
68 999
68 1138
68 1140
68 940
68 1277
68 1341
68 1340
68 1338
68 1337
68 1321
68 1320
68 1318
68 1317
68 1315
68 1314
68 1312
68 1311
68 1309
68 1308
68 1305
68 1304
68 1299
68 1297
68 1295
68 1292
68 1291
68 1290
68 1287
68 1282
68 1279
68 1344
68 1345
68 1347
68 1369
68 1397
68 1396
68 1394
68 1389
68 1387
68 1384
68 1380
68 1377
68 1376
68 1373
68 1371
68 1367
68 1349
68 1365
68 1364
68 1362
68 1361
68 1360
68 1358
68 1357
68 1354
68 1353
68 1351
68 1350
68 1278
68 1273
68 1141
68 1272
68 1186
68 1181
68 1179
68 1177
68 1176
68 1173
68 1170
68 1169
68 1168
68 1167
68 1166
68 1165
68 1164
68 1163
68 1162
68 1160
68 1156
68 1153
68 1152
68 1151
68 1150
68 1148
68 1146
68 1144
68 1142
68 1187
68 1188
68 1189
68 1239
68 1270
68 1268
68 1265
68 1260
68 1259
68 1256
68 1252
68 1251
68 1247
68 1245
68 1242
68 1236
68 1196
68 1232
68 1230
68 1227
68 1223
68 1221
68 1220
68 1219
68 1208
68 1203
68 1201
68 1198
68 941
68 939
68 461
68 599
68 666
68 664
68 663
68 660
68 658
68 656
68 653
68 650
68 643
68 639
68 638
68 634
68 633
68 630
68 629
68 627
68 619
68 618
68 617
68 615
68 614
68 613
68 610
68 607
68 605
68 668
68 669
68 670
68 714
68 734
68 731
68 729
68 727
68 726
68 725
68 724
68 723
68 718
68 716
68 715
68 713
68 672
68 711
68 709
68 708
68 706
68 702
68 697
68 691
68 688
68 686
68 685
68 676
68 600
68 597
68 738
68 596
68 521
68 520
68 519
68 515
68 511
68 509
68 507
68 505
68 503
68 502
68 501
68 495
68 494
68 491
68 490
68 488
68 487
68 486
68 485
68 483
68 482
68 474
68 471
68 469
68 463
68 524
68 525
68 526
68 568
68 592
68 591
68 588
68 586
68 585
68 583
68 578
68 577
68 575
68 570
68 569
68 557
68 527
68 551
68 550
68 548
68 547
68 540
68 539
68 534
68 533
68 532
68 530
68 528
68 737
68 739
68 938
68 843
68 886
68 885
68 884
68 883
68 882
68 880
68 875
68 873
68 871
68 870
68 868
68 867
68 866
68 864
68 863
68 862
68 859
68 858
68 857
68 856
68 855
68 854
68 853
68 851
68 847
68 888
68 889
68 890
68 916
68 937
68 936
68 935
68 933
68 932
68 931
68 930
68 925
68 923
68 921
68 919
68 915
68 891
68 913
68 912
68 911
68 910
68 902
68 899
68 898
68 897
68 895
68 893
68 892
68 846
68 841
68 740
68 840
68 791
68 786
68 785
68 779
68 778
68 776
68 772
68 768
68 766
68 765
68 764
68 763
68 761
68 760
68 759
68 756
68 755
68 754
68 752
68 751
68 750
68 749
68 747
68 743
68 741
68 793
68 795
68 797
68 821
68 839
68 838
68 837
68 834
68 833
68 831
68 826
68 825
68 824
68 823
68 822
68 820
68 799
68 819
68 817
68 816
68 815
68 812
68 807
68 806
68 805
68 803
68 802
68 801
68 700
