69 264
69 111
69 664
69 4
69 527
69 393
69 322
69 540
69 3
69 1383
69 365
69 671
69 460
69 559
69 128
69 180
69 458
69 105
69 366
69 300
69 131
69 457
69 394
69 292
69 1182
69 381
69 479
69 306
69 1109
69 570
69 475
69 1149
69 310
69 1210
69 1382
69 1200
69 1043
69 376
69 307
69 383
69 459
69 1370
69 661
69 565
69 327
69 1193
69 1138
69 1375
69 255
69 1366
69 1154
69 94
69 299
69 104
69 333
69 1384
69 323
69 336
69 155
69 750
69 1222
69 24
69 1240
69 648
69 349
69 754
69 784
69 304
69 477
69 364
69 977
69 1081
69 72
69 855
69 1053
69 1235
69 62
69 1184
69 851
69 377
69 149
69 785
69 375
69 1192
69 478
69 117
69 266
69 382
69 936
69 652
69 115
69 1185
69 1044
69 118
69 1123
69 1245
69 663
69 133
69 530
69 326
69 853
69 1297
69 940
69 305
69 1073
69 1301
69 1281
69 1311
69 523
69 316
69 629
69 192
69 59
69 309
69 562
69 961
69 1197
69 461
69 1257
69 965
69 28
69 318
69 1137
69 256
69 611
69 358
69 16
69 124
69 335
69 528
69 1056
69 160
69 1322
69 150
69 966
69 355
69 135
69 1076
69 363
69 352
69 320
69 639
69 1394
69 553
69 734
69 563
69 978
69 1225
69 981
69 1236
69 1263
69 351
69 962
69 23
69 1364
69 191
69 408
69 145
69 1261
69 339
69 666
69 872
69 959
69 944
69 920
69 134
69 98
69 1260
69 260
69 1055
69 321
69 1386
69 1086
69 329
69 107
69 271
69 348
69 1273
69 325
69 899
69 630
69 435
69 22
69 1254
69 73
69 1155
69 935
69 538
69 345
69 86
69 537
69 775
69 655
69 1085
69 1063
69 34
69 1189
69 54
69 71
69 547
69 342
69 21
69 337
69 493
69 50
69 963
69 1108
69 1392
69 1198
69 1302
69 1365
69 1126
69 889
69 1385
69 645
69 274
69 281
69 454
69 17
69 341
69 1054
69 1268
69 406
69 353
69 1084
69 1107
69 343
69 410
69 476
69 1241
69 912
69 179
69 823
69 1355
69 551
69 850
69 170
69 422
69 328
69 1083
69 1389
69 667
69 346
69 254
69 662
69 499
69 47
69 417
69 404
69 273
69 359
69 573
69 992
69 397
69 489
69 291
69 1373
69 1220
69 560
69 401
69 87
69 802
69 61
69 703
69 665
69 2
69 826
69 36
69 1061
69 55
69 413
69 732
69 314
69 843
69 1271
69 112
69 945
69 507
69 980
69 1199
69 488
69 943
69 731
69 569
69 974
69 623
69 1278
69 1078
69 572
69 1206
69 705
69 1233
69 680
69 334
69 165
69 610
69 121
69 736
69 761
69 390
69 319
69 267
69 272
69 504
69 654
69 934
69 240
69 1228
69 1368
69 556
69 585
69 14
69 668
69 9
69 208
69 644
69 53
69 1205
69 1304
69 308
69 1100
69 1215
69 37
69 1259
69 6
69 164
69 201
69 412
69 101
69 425
69 1216
69 854
69 903
69 1282
69 1395
69 257
69 1251
69 987
69 789
69 582
69 246
69 347
69 1321
69 125
69 467
69 190
69 45
69 76
69 1388
69 1067
69 386
69 398
69 1320
69 439
69 672
69 1050
69 207
69 626
69 80
69 587
69 74
69 777
69 832
69 142
69 568
69 148
69 90
69 535
69 637
69 1248
69 830
69 526
69 188
69 916
69 1208
69 798
69 448
69 481
69 1294
69 261
69 1237
69 586
69 1381
69 930
69 1246
69 1213
69 414
69 484
69 89
69 939
69 737
69 1372
69 189
69 1179
69 293
69 1047
69 32
69 898
69 452
69 1264
69 1087
69 298
69 7
69 931
69 1377
69 63
69 682
69 766
69 187
69 1303
69 1148
69 159
69 646
69 269
69 1119
69 495
69 494
69 1351
69 979
69 5
69 933
69 564
69 1211
69 765
69 925
69 724
69 1071
69 344
69 388
69 502
69 989
69 1186
69 1312
69 8
69 515
69 641
69 43
69 1180
69 242
69 209
69 788
69 1391
69 1072
69 1082
69 315
69 1226
69 1214
69 241
69 1142
69 1013
69 653
69 60
69 167
69 842
69 44
69 79
69 767
69 378
69 542
69 258
69 996
69 972
69 1324
69 247
69 370
69 1041
69 1121
69 40
69 786
69 324
69 340
69 498
69 278
69 496
69 1129
69 93
69 1300
69 446
69 126
69 501
69 108
69 1323
69 625
69 796
69 651
69 20
69 1036
69 620
69 1308
69 956
69 313
69 1354
69 1280
69 892
69 1201
69 1325
69 1309
69 1253
69 1327
69 1380
69 677
69 829
69 265
69 917
69 529
69 1079
69 1333
69 356
69 1181
69 863
69 303
69 361
69 228
69 941
69 741
69 1356
69 103
69 1209
69 919
69 122
69 794
69 1033
69 852
69 505
69 424
69 1088
69 700
69 814
69 395
69 1080
69 576
69 294
69 710
69 584
69 1105
69 472
69 1353
69 205
69 157
69 248
69 669
69 861
69 948
69 96
69 49
69 771
69 730
69 1270
69 244
69 1342
69 525
69 1399
69 1288
69 1131
69 369
69 561
69 1194
69 229
69 1029
69 1116
69 1224
69 660
69 973
69 733
69 151
69 1393
69 1110
69 871
69 158
69 487
69 1310
69 182
69 604
69 35
69 656
69 1070
69 659
69 1274
69 613
69 172
69 447
69 1191
69 608
69 91
69 1187
69 416
69 506
69 451
69 1319
69 1374
69 894
69 1059
69 196
69 1332
69 521
69 575
69 960
69 119
69 1238
69 890
69 421
69 1334
69 1
69 1106
69 557
69 1244
69 831
69 445
69 738
69 681
69 518
69 1347
69 808
69 548
69 12
69 140
69 1317
69 132
69 1387
69 1276
69 839
69 1284
69 25
69 227
69 1002
69 881
69 840
69 84
69 869
69 679
69 1396
69 702
69 186
69 811
69 1255
69 338
69 1219
69 1188
69 311
69 1175
69 801
69 152
69 220
69 1250
69 555
69 1202
69 222
69 1157
69 704
69 82
69 403
69 380
69 433
69 1025
69 964
69 1298
69 844
69 474
69 127
69 367
69 1077
69 813
69 1051
69 998
69 399
69 1034
69 1060
69 276
69 627
69 689
69 455
69 379
69 1040
69 628
69 282
69 1117
69 1023
69 418
69 297
69 97
69 541
69 607
69 1212
69 1026
69 123
69 1371
69 290
69 224
69 1242
69 735
69 1307
69 512
69 591
69 985
69 799
69 846
69 701
69 990
69 848
69 590
69 174
69 1046
69 859
69 873
69 411
69 841
69 828
69 1283
69 976
69 1299
69 400
69 1296
69 1006
69 773
69 441
69 1171
69 168
69 331
69 202
69 38
69 173
69 1369
69 143
69 362
69 1037
69 373
69 696
69 763
69 614
69 837
69 1397
69 357
69 1376
69 951
69 1024
69 601
69 1134
69 827
69 350
69 465
69 231
69 849
69 1349
69 317
69 857
69 1145
69 449
69 289
69 11
69 1038
69 163
69 887
69 384
69 858
69 717
69 922
69 615
69 927
69 27
69 67
69 617
69 918
69 888
69 1221
69 1008
69 988
69 83
69 583
69 450
69 1005
69 78
69 15
69 1262
69 952
69 473
69 81
69 1286
69 1074
69 13
69 690
69 500
69 268
69 937
69 1004
69 792
69 263
69 368
69 1362
69 616
69 374
69 52
69 685
69 391
69 1217
69 57
69 1258
69 171
69 1390
69 531
69 1007
69 18
69 913
69 236
69 580
69 1363
69 691
69 1361
69 929
69 721
69 975
69 428
69 891
69 982
69 719
69 760
69 144
69 1313
69 332
69 166
69 643
69 579
69 824
69 1279
69 195
69 997
69 1352
69 1127
69 779
69 1289
69 230
69 453
69 456
69 486
69 686
69 1039
69 1167
69 1344
69 296
69 99
69 753
69 1277
69 33
69 806
69 432
69 1195
69 1292
69 110
69 198
69 522
69 928
69 262
69 1147
69 249
69 1168
69 270
69 1343
69 1162
69 1338
69 1153
69 1152
69 1151
69 1150
69 1156
69 1339
69 48
69 1158
69 1341
69 1161
69 259
69 1340
69 1163
69 1164
69 275
69 1166
69 51
69 253
69 252
69 1160
69 251
69 250
69 1159
69 1165
69 288
69 46
69 1124
69 1136
69 301
69 302
69 19
69 1135
69 1367
69 1133
69 1132
69 1130
69 1128
69 1125
69 312
69 1122
69 277
69 10
69 1120
69 1118
69 1378
69 1379
69 1115
69 1114
69 1113
69 1112
69 1111
69 1398
69 1104
69 1139
69 1140
69 1360
69 1359
69 279
69 280
69 1146
69 1345
69 1346
69 283
69 284
69 42
69 41
69 285
69 39
69 286
69 1348
69 1350
69 287
69 1357
69 1144
69 1143
69 31
69 1141
69 295
69 30
69 29
69 1358
69 26
69 1337
69 116
69 1169
69 1243
69 95
69 92
69 153
69 1305
69 1306
69 154
69 88
69 156
69 1239
69 1234
69 1232
69 1231
69 161
69 162
69 1230
69 1229
69 1227
69 85
69 169
69 1223
69 1102
69 175
69 176
69 177
69 178
69 1218
69 181
69 1314
69 183
69 1295
69 1293
69 1170
69 1247
69 114
69 120
69 1275
69 1272
69 113
69 1285
69 1269
69 1267
69 1266
69 1265
69 129
69 109
69 130
69 1287
69 106
69 1256
69 1290
69 136
69 137
69 1291
69 138
69 139
69 102
69 141
69 1252
69 100
69 146
69 147
69 1249
69 184
69 185
69 1315
69 77
69 218
69 219
69 66
69 65
69 221
69 64
69 223
69 1329
69 225
69 226
69 1330
69 1176
69 1331
69 232
69 233
69 234
69 1335
69 235
69 1336
69 58
69 237
69 238
69 239
69 1174
69 1173
69 1172
69 243
69 56
69 245
69 217
69 216
69 215
69 1326
69 1316
69 1207
69 1204
69 1203
69 75
69 1196
69 1318
69 193
69 194
69 197
69 199
69 200
69 1190
69 203
69 214
69 1328
69 204
69 70
69 206
69 1183
69 1178
69 69
69 1177
69 210
69 211
69 212
69 213
69 68
69 1103
69 797
69 1101
69 876
69 866
69 650
69 649
69 867
69 647
69 868
69 870
69 642
69 640
69 874
69 638
69 875
69 636
69 635
69 634
69 633
69 632
69 865
69 864
69 862
69 674
69 684
69 683
69 835
69 836
69 678
69 676
69 675
69 673
69 860
69 838
69 670
69 845
69 847
69 856
69 658
69 657
69 631
69 877
69 688
69 878
69 598
69 597
69 596
69 595
69 594
69 593
69 592
69 589
69 588
69 893
69 895
69 581
69 578
69 577
69 896
69 897
69 574
69 599
69 600
69 602
69 882
69 879
69 624
69 880
69 622
69 621
69 619
69 618
69 612
69 603
69 883
69 884
69 609
69 885
69 606
69 605
69 886
69 687
69 692
69 901
69 746
69 769
69 768
69 810
69 812
69 764
69 762
69 759
69 758
69 757
69 756
69 755
69 815
69 752
69 751
69 816
69 749
69 748
69 770
69 809
69 772
69 804
69 795
69 800
69 793
69 791
69 790
69 803
69 787
69 805
69 774
69 783
69 782
69 781
69 780
69 778
69 807
69 776
69 747
69 745
69 693
69 744
69 716
69 715
69 714
69 713
69 712
69 711
69 709
69 708
69 707
69 706
69 833
69 834
69 699
69 698
69 697
69 695
69 694
69 718
69 720
69 722
69 820
69 743
69 742
69 817
69 740
69 739
69 818
69 819
69 821
69 723
69 822
69 825
69 729
69 728
69 727
69 726
69 725
69 900
69 571
69 1099
69 396
69 420
69 419
69 1011
69 1012
69 415
69 1014
69 1015
69 1016
69 1017
69 409
69 1018
69 407
69 1019
69 405
69 1020
69 402
69 1021
69 1010
69 1009
69 423
69 440
69 999
69 1000
69 1001
69 1003
69 444
69 443
69 442
69 438
69 426
69 437
69 436
69 434
69 431
69 430
69 429
69 427
69 1022
69 392
69 994
69 1027
69 1064
69 1065
69 1066
69 1068
69 1069
69 1075
69 1089
69 1090
69 1091
69 1092
69 1093
69 1094
69 1095
69 1096
69 1097
69 1098
69 330
69 1062
69 354
69 1058
69 1035
69 389
69 1028
69 387
69 1030
69 385
69 1031
69 1032
69 372
69 1057
69 371
69 1042
69 1045
69 1048
69 1049
69 360
69 1052
69 995
69 993
69 902
69 517
69 544
69 543
69 923
69 539
69 924
69 926
69 536
69 534
69 533
69 532
69 932
69 938
69 942
69 524
69 946
69 947
69 520
69 545
69 546
69 921
69 909
69 904
69 905
69 567
69 566
69 906
69 907
69 908
69 910
69 549
69 911
69 558
69 914
69 554
69 915
69 552
69 550
69 519
69 516
69 462
69 949
69 970
69 971
69 485
69 483
69 482
69 480
69 983
69 984
69 986
69 471
69 470
69 469
69 468
69 991
69 466
69 464
69 463
69 490
69 491
69 492
69 953
69 514
69 513
69 511
69 510
69 509
69 508
69 950
69 503
69 969
69 954
69 955
69 957
69 958
69 497
69 967
69 968
69 1400
