70 180
70 540
70 4
70 320
70 300
70 1149
70 3
70 349
70 111
70 457
70 327
70 479
70 365
70 192
70 104
70 62
70 435
70 305
70 527
70 570
70 475
70 1311
70 1235
70 1382
70 376
70 304
70 393
70 1383
70 664
70 72
70 565
70 255
70 629
70 335
70 1236
70 333
70 1182
70 460
70 309
70 1200
70 1054
70 336
70 155
70 292
70 562
70 23
70 24
70 1240
70 107
70 1260
70 459
70 306
70 325
70 977
70 366
70 661
70 1263
70 1370
70 377
70 375
70 1192
70 478
70 502
70 394
70 117
70 382
70 573
70 458
70 1186
70 494
70 94
70 1185
70 843
70 611
70 889
70 538
70 326
70 733
70 1366
70 853
70 359
70 671
70 307
70 1154
70 322
70 1073
70 1301
70 73
70 526
70 1109
70 397
70 940
70 559
70 383
70 1375
70 461
70 965
70 256
70 358
70 16
70 1322
70 150
70 364
70 355
70 135
70 1076
70 352
70 1394
70 553
70 28
70 734
70 1222
70 264
70 978
70 1225
70 981
70 1364
70 191
70 381
70 145
70 1384
70 1261
70 339
70 666
70 872
70 959
70 944
70 134
70 663
70 477
70 308
70 260
70 1055
70 321
70 267
70 1386
70 1086
70 1210
70 645
70 329
70 160
70 271
70 105
70 348
70 899
70 630
70 22
70 131
70 937
70 90
70 1254
70 1155
70 1043
70 345
70 939
70 79
70 572
70 1193
70 495
70 537
70 655
70 1085
70 1063
70 34
70 564
70 323
70 54
70 71
70 299
70 293
70 547
70 342
70 21
70 337
70 831
70 310
70 493
70 50
70 851
70 1046
70 124
70 133
70 784
70 1198
70 1245
70 1302
70 1365
70 1184
70 1081
70 754
70 101
70 400
70 17
70 1053
70 406
70 59
70 25
70 1084
70 343
70 1241
70 912
70 1355
70 551
70 641
70 1056
70 850
70 170
70 1253
70 422
70 57
70 328
70 1083
70 667
70 346
70 1213
70 254
70 1281
70 47
70 266
70 13
70 1399
70 273
70 1309
70 1246
70 128
70 682
70 962
70 489
70 941
70 291
70 1220
70 928
70 563
70 871
70 446
70 61
70 1123
70 703
70 2
70 972
70 1061
70 201
70 55
70 413
70 917
70 314
70 115
70 112
70 507
70 1145
70 89
70 1199
70 1257
70 943
70 731
70 569
70 1181
70 652
70 974
70 1278
70 149
70 1078
70 1233
70 1044
70 334
70 855
70 665
70 610
70 121
70 736
70 586
70 118
70 761
70 319
70 272
70 785
70 504
70 654
70 140
70 934
70 240
70 936
70 1228
70 639
70 1368
70 318
70 315
70 657
70 585
70 591
70 668
70 9
70 53
70 1205
70 1100
70 1215
70 316
70 37
70 1259
70 961
70 6
70 81
70 164
70 351
70 1280
70 425
70 1216
70 854
70 903
70 677
70 1282
70 1395
70 506
70 257
70 1251
70 987
70 789
70 347
70 1321
70 1392
70 966
70 1106
70 125
70 467
70 276
70 530
70 45
70 560
70 76
70 1268
70 455
70 1067
70 386
70 486
70 976
70 439
70 672
70 1050
70 207
70 499
70 1037
70 96
70 80
70 587
70 74
70 777
70 832
70 142
70 568
70 148
70 535
70 637
70 830
70 188
70 916
70 1208
70 798
70 227
70 56
70 84
70 481
70 261
70 838
70 1237
70 1108
70 1059
70 476
70 1381
70 930
70 396
70 1310
70 484
70 737
70 1372
70 1219
70 189
70 341
70 528
70 822
70 1047
70 826
70 32
70 833
70 662
70 452
70 576
70 1264
70 179
70 1087
70 298
70 7
70 931
70 1377
70 11
70 63
70 449
70 187
70 1197
70 1148
70 159
70 1385
70 646
70 577
70 269
70 184
70 1119
70 992
70 1351
70 979
70 5
70 933
70 1211
70 765
70 454
70 925
70 27
70 344
70 195
70 388
70 1312
70 8
70 515
70 43
70 1058
70 583
70 1180
70 242
70 209
70 788
70 579
70 1391
70 147
70 448
70 1082
70 408
70 1226
70 1214
70 1189
70 241
70 1142
70 363
70 782
70 473
70 648
70 353
70 167
70 1175
70 97
70 842
70 1031
70 123
70 767
70 378
70 51
70 258
70 1183
70 996
70 1273
70 726
70 1324
70 139
70 1271
70 1242
70 1041
70 1121
70 40
70 1072
70 324
70 340
70 732
70 498
70 278
70 496
70 1129
70 739
70 93
70 1300
70 410
70 126
70 108
70 1323
70 44
70 625
70 796
70 651
70 701
70 1400
70 1036
70 956
70 750
70 1389
70 313
70 1354
70 1206
70 232
70 892
70 1201
70 1325
70 1327
70 829
70 165
70 1107
70 265
70 529
70 98
70 1079
70 356
70 626
70 173
70 558
70 1195
70 1068
70 863
70 1007
70 303
70 623
70 373
70 228
70 741
70 1356
70 103
70 1209
70 1126
70 823
70 794
70 852
70 283
70 20
70 1040
70 505
70 424
70 1088
70 1297
70 212
70 700
70 814
70 395
70 1080
70 694
70 1138
70 294
70 710
70 584
70 1105
70 472
70 1353
70 205
70 157
70 332
70 669
70 861
70 935
70 948
70 49
70 771
70 730
70 1270
70 244
70 87
70 1342
70 525
70 721
70 1288
70 1248
70 369
70 1194
70 1029
70 1116
70 1224
70 660
70 973
70 1098
70 644
70 274
70 1393
70 401
70 158
70 487
70 182
70 604
70 35
70 656
70 1070
70 659
70 581
70 36
70 243
70 1274
70 613
70 172
70 447
70 1191
70 608
70 91
70 1187
70 390
70 416
70 86
70 453
70 451
70 1319
70 1374
70 894
70 229
70 417
70 575
70 960
70 119
70 1238
70 208
70 252
70 421
70 1
70 1103
70 1244
70 445
70 738
70 681
70 518
70 523
70 1347
70 808
70 548
70 12
70 246
70 1317
70 132
70 1387
70 1276
70 1284
70 945
70 638
70 1002
70 840
70 1137
70 869
70 679
70 1101
70 1396
70 491
70 680
70 766
70 820
70 186
70 1255
70 338
70 1320
70 1188
70 311
70 1110
70 220
70 1250
70 1294
70 412
70 555
70 963
70 1202
70 222
70 1157
70 704
70 403
70 380
70 1373
70 567
70 989
70 1092
70 964
70 1298
70 844
70 698
70 474
70 1179
70 127
70 367
70 210
70 1077
70 190
70 813
70 998
70 399
70 705
70 1034
70 1060
70 404
70 627
70 689
70 379
70 628
70 282
70 1117
70 1023
70 418
70 297
70 14
70 541
70 607
70 204
70 1212
70 1026
70 1371
70 290
70 185
70 812
70 224
70 735
70 1307
70 512
70 371
70 262
70 985
70 799
70 1336
70 414
70 1303
70 990
70 620
70 848
70 590
70 174
70 859
70 873
70 411
70 841
70 904
70 828
70 1283
70 1299
70 1296
70 1006
70 773
70 1171
70 168
70 331
70 38
70 1369
70 177
70 724
70 143
70 362
70 764
70 696
70 763
70 614
70 837
70 1397
70 357
70 1376
70 951
70 1024
70 601
70 1134
70 827
70 350
70 465
70 231
70 849
70 1349
70 317
70 857
70 582
70 289
70 1038
70 802
70 1388
70 163
70 887
70 384
70 858
70 683
70 717
70 542
70 922
70 615
70 67
70 617
70 918
70 218
70 156
70 888
70 1221
70 1008
70 988
70 450
70 1380
70 1005
70 78
70 757
70 15
70 1262
70 811
70 952
70 1286
70 1074
70 690
70 500
70 1304
70 268
70 1004
70 792
70 263
70 368
70 1362
70 616
70 653
70 374
70 52
70 685
70 391
70 1217
70 1258
70 556
70 199
70 171
70 1013
70 77
70 247
70 370
70 1390
70 531
70 60
70 18
70 913
70 236
70 580
70 1363
70 691
70 1361
70 929
70 975
70 428
70 891
70 982
70 786
70 719
70 760
70 144
70 1313
70 166
70 488
70 980
70 643
70 824
70 122
70 1279
70 997
70 1352
70 1127
70 779
70 1289
70 230
70 561
70 456
70 686
70 1039
70 1167
70 1344
70 296
70 99
70 753
70 1277
70 151
70 33
70 806
70 432
70 1292
70 110
70 198
70 522
70 82
70 433
70 1147
70 743
70 740
70 1256
70 178
70 742
70 176
70 175
70 532
70 905
70 744
70 745
70 746
70 747
70 169
70 748
70 181
70 183
70 729
70 1252
70 906
70 907
70 908
70 1249
70 909
70 910
70 1247
70 911
70 193
70 194
70 1243
70 196
70 1265
70 749
70 1266
70 1267
70 770
70 136
70 137
70 138
70 1285
70 769
70 141
70 768
70 897
70 898
70 762
70 146
70 900
70 759
70 1275
70 758
70 756
70 152
70 153
70 154
70 1272
70 755
70 901
70 752
70 751
70 1269
70 161
70 162
70 902
70 197
70 728
70 772
70 1229
70 234
70 235
70 709
70 237
70 238
70 239
70 1227
70 708
70 1223
70 707
70 706
70 245
70 914
70 702
70 248
70 249
70 250
70 251
70 915
70 253
70 699
70 1218
70 697
70 695
70 1207
70 259
70 1204
70 1203
70 693
70 233
70 711
70 200
70 712
70 1239
70 202
70 203
70 727
70 725
70 206
70 723
70 722
70 1234
70 720
70 211
70 1232
70 213
70 214
70 215
70 216
70 217
70 718
70 219
70 716
70 221
70 715
70 223
70 714
70 225
70 226
70 1231
70 1230
70 713
70 1287
70 774
70 688
70 885
70 880
70 881
70 1357
70 882
70 39
70 883
70 41
70 42
70 825
70 1350
70 884
70 46
70 1348
70 48
70 821
70 775
70 1346
70 819
70 1345
70 818
70 1343
70 817
70 1341
70 58
70 1340
70 816
70 1339
70 1338
70 1337
70 64
70 1358
70 879
70 1359
70 31
70 1398
70 866
70 862
70 860
70 856
70 867
70 868
70 870
70 10
70 1379
70 874
70 1378
70 847
70 846
70 845
70 875
70 876
70 19
70 839
70 877
70 836
70 1367
70 835
70 834
70 26
70 878
70 1360
70 29
70 30
70 65
70 66
70 815
70 100
70 102
70 793
70 1308
70 791
70 106
70 1306
70 1305
70 109
70 790
70 890
70 787
70 113
70 114
70 893
70 116
70 783
70 895
70 781
70 120
70 1295
70 780
70 778
70 1293
70 896
70 1291
70 776
70 1290
70 129
70 130
70 1314
70 795
70 68
70 1315
70 69
70 70
70 810
70 1335
70 1334
70 1333
70 75
70 1332
70 809
70 807
70 1331
70 1330
70 1329
70 805
70 83
70 1328
70 85
70 804
70 803
70 88
70 1326
70 801
70 800
70 92
70 886
70 1318
70 95
70 797
70 1316
70 692
70 1196
70 533
70 574
70 864
70 434
70 1064
70 436
70 437
70 438
70 1062
70 440
70 441
70 442
70 443
70 444
70 971
70 578
70 1057
70 687
70 1052
70 983
70 984
70 1051
70 571
70 1049
70 1048
70 986
70 1045
70 1042
70 566
70 991
70 1035
70 462
70 970
70 431
70 430
70 429
70 602
70 600
70 402
70 599
70 598
70 405
70 1075
70 407
70 597
70 409
70 1071
70 596
70 595
70 594
70 593
70 415
70 592
70 968
70 589
70 419
70 420
70 588
70 1069
70 423
70 1066
70 1065
70 426
70 427
70 969
70 463
70 464
70 993
70 1018
70 545
70 501
70 1016
70 503
70 1015
70 1014
70 544
70 1012
70 508
70 509
70 510
70 511
70 543
70 513
70 514
70 1011
70 516
70 517
70 1001
70 519
70 520
70 521
70 539
70 1003
70 524
70 536
70 1010
70 1009
70 534
70 1017
70 497
70 466
70 1019
70 994
70 468
70 469
70 470
70 471
70 995
70 1033
70 557
70 1032
70 1030
70 554
70 1028
70 1027
70 480
70 552
70 482
70 483
70 1025
70 485
70 999
70 550
70 549
70 1000
70 490
70 546
70 492
70 1022
70 1021
70 1020
70 603
70 398
70 605
70 926
70 1169
70 301
70 302
70 1168
70 927
70 1166
70 1165
70 1164
70 1163
70 1162
70 1161
70 932
70 312
70 1160
70 1159
70 1158
70 938
70 658
70 1156
70 1153
70 1152
70 1151
70 1150
70 1146
70 1144
70 1143
70 1141
70 1140
70 1139
70 1170
70 924
70 942
70 923
70 684
70 919
70 1190
70 270
70 678
70 920
70 676
70 675
70 275
70 1178
70 277
70 1177
70 279
70 280
70 281
70 674
70 1176
70 284
70 285
70 286
70 287
70 288
70 673
70 921
70 1174
70 1173
70 1172
70 670
70 295
70 330
70 946
70 1089
70 1104
70 633
70 632
70 631
70 955
70 957
70 372
70 1102
70 958
70 624
70 1099
70 622
70 1097
70 621
70 619
70 1096
70 1095
70 1094
70 618
70 385
70 1093
70 387
70 612
70 389
70 967
70 609
70 392
70 1091
70 1090
70 606
70 634
70 635
70 947
70 636
70 650
70 1136
70 1135
70 649
70 949
70 1133
70 1132
70 1131
70 1130
70 1128
70 647
70 1125
70 1124
70 1122
70 1120
70 1118
70 950
70 642
70 640
70 1115
70 354
70 1114
70 1113
70 953
70 1112
70 1111
70 360
70 361
70 954
70 865
