71 540
71 305
71 26
71 573
71 63
71 525
71 1253
71 570
71 1299
71 1395
71 1076
71 310
71 572
71 537
71 1200
71 494
71 568
71 323
71 307
71 19
71 663
71 670
71 308
71 124
71 666
71 256
71 170
71 329
71 192
71 304
71 25
71 1311
71 544
71 625
71 327
71 409
71 345
71 134
71 37
71 334
71 973
71 68
71 1158
71 569
71 360
71 1364
71 1234
71 1078
71 1214
71 1310
71 496
71 455
71 98
71 35
71 1157
71 1080
71 688
71 372
71 567
71 333
71 373
71 1204
71 536
71 1209
71 630
71 371
71 1378
71 655
71 309
71 1195
71 291
71 298
71 1231
71 97
71 969
71 667
71 2
71 1279
71 1319
71 1083
71 1288
71 444
71 1081
71 121
71 1229
71 418
71 354
71 1230
71 1198
71 295
71 358
71 1228
71 359
71 153
71 941
71 903
71 208
71 84
71 335
71 421
71 935
71 556
71 967
71 85
71 708
71 939
71 222
71 1390
71 1159
71 439
71 925
71 541
71 1222
71 187
71 1248
71 1146
71 823
71 495
71 1374
71 1353
71 1218
71 1368
71 772
71 1274
71 11
71 535
71 497
71 179
71 342
71 465
71 1394
71 27
71 383
71 1046
71 401
71 932
71 413
71 123
71 326
71 927
71 632
71 1188
71 306
71 137
71 369
71 798
71 1082
71 1161
71 475
71 974
71 286
71 689
71 112
71 1379
71 14
71 1354
71 1305
71 1314
71 1213
71 1397
71 453
71 160
71 658
71 1084
71 997
71 449
71 552
71 1062
71 1002
71 891
71 133
71 20
71 503
71 530
71 347
71 294
71 1003
71 477
71 234
71 888
71 576
71 271
71 656
71 332
71 117
71 330
71 954
71 1373
71 188
71 863
71 389
71 93
71 1183
71 571
71 232
71 1272
71 1313
71 195
71 972
71 577
71 938
71 511
71 1045
71 760
71 131
71 172
71 273
71 1019
71 101
71 678
71 847
71 595
71 203
71 299
71 300
71 634
71 240
71 1008
71 1199
71 139
71 1250
71 1205
71 956
71 318
71 56
71 685
71 665
71 604
71 363
71 959
71 1069
71 1145
71 1285
71 265
71 1375
71 766
71 866
71 17
71 802
71 574
71 1391
71 1296
71 41
71 728
71 1356
71 504
71 9
71 1153
71 836
71 1097
71 501
71 1185
71 324
71 1
71 128
71 965
71 1352
71 206
71 1075
71 442
71 1006
71 1009
71 28
71 816
71 387
71 1251
71 1066
71 36
71 1086
71 549
71 257
71 508
71 712
71 394
71 411
71 704
71 1264
71 78
71 417
71 1238
71 644
71 29
71 553
71 1309
71 1179
71 1281
71 707
71 1273
71 610
71 1110
71 976
71 1302
71 57
71 522
71 984
71 443
71 557
71 1085
71 523
71 176
71 645
71 1235
71 1269
71 602
71 228
71 1363
71 263
71 788
71 950
71 1049
71 1349
71 912
71 505
71 1165
71 225
71 986
71 518
71 147
71 558
71 646
71 267
71 1118
71 1122
71 99
71 412
71 272
71 1192
71 1370
71 1262
71 1240
71 361
71 1225
71 999
71 1337
71 626
71 1016
71 887
71 517
71 416
71 955
71 197
71 679
71 1186
71 801
71 346
71 58
71 467
71 1339
71 1297
71 857
71 713
71 339
71 484
71 186
71 1317
71 983
71 1093
71 476
71 1184
71 173
71 1177
71 1237
71 167
71 1255
71 1196
71 1090
71 767
71 16
71 928
71 1263
71 115
71 355
71 191
71 1318
71 81
71 1176
71 1112
71 825
71 1322
71 488
71 740
71 264
71 1070
71 64
71 1384
71 619
71 122
71 1074
71 606
71 575
71 351
71 981
71 743
71 725
71 845
71 880
71 1359
71 287
71 635
71 30
71 629
71 245
71 686
71 829
71 653
71 1290
71 753
71 52
71 992
71 787
71 762
71 317
71 227
71 481
71 856
71 370
71 319
71 462
71 694
71 1326
71 846
71 806
71 867
71 1324
71 171
71 1149
71 441
71 687
71 946
71 897
71 212
71 1265
71 603
71 328
71 514
71 881
71 1304
71 464
71 1216
71 1039
71 168
71 207
71 600
71 786
71 1125
71 830
71 53
71 964
71 588
71 1372
71 827
71 38
71 470
71 838
71 74
71 89
71 94
71 1227
71 1220
71 154
71 1171
71 611
71 500
71 878
71 755
71 763
71 189
71 1160
71 844
71 251
71 782
71 1369
71 1028
71 353
71 1338
71 1156
71 828
71 1007
71 364
71 296
71 1295
71 1219
71 858
71 1371
71 951
71 907
71 781
71 42
71 671
71 47
71 790
71 140
71 1150
71 289
71 614
71 466
71 260
71 1292
71 563
71 211
71 996
71 1346
71 717
71 277
71 427
71 820
71 483
71 1207
71 426
71 216
71 1155
71 433
71 1031
71 675
71 1344
71 819
71 423
71 818
71 156
71 73
71 1396
71 454
71 1244
71 142
71 127
71 10
71 1041
71 963
71 1392
71 520
71 397
71 385
71 739
71 895
71 862
71 699
71 662
71 161
71 1092
71 202
71 54
71 1277
71 1114
71 1121
71 1350
71 49
71 1173
71 855
71 1020
71 776
71 493
71 276
71 1187
71 1164
71 901
71 50
71 226
71 883
71 506
71 1151
71 325
71 911
71 1077
71 69
71 843
71 498
71 1040
71 864
71 898
71 751
71 1068
71 1266
71 813
71 1298
71 489
71 1014
71 1289
71 434
71 1094
71 519
71 923
71 482
71 377
71 1259
71 297
71 241
71 250
71 1367
71 869
71 12
71 43
71 150
71 1021
71 1351
71 554
71 609
71 165
71 1138
71 647
71 676
71 538
71 691
71 184
71 631
71 183
71 1170
71 1072
71 814
71 593
71 103
71 435
71 420
71 921
71 909
71 338
71 848
71 1366
71 1104
71 961
71 850
71 283
71 791
71 1137
71 841
71 1172
71 882
71 220
71 400
71 877
71 1182
71 796
71 994
71 804
71 931
71 448
71 1341
71 1050
71 826
71 331
71 904
71 661
71 871
71 1098
71 724
71 406
71 654
71 1133
71 868
71 565
71 1099
71 460
71 303
71 601
71 729
71 76
71 1291
71 1113
71 668
71 70
71 1108
71 130
71 469
71 633
71 344
71 146
71 705
71 924
71 1348
71 779
71 896
71 282
71 1333
71 321
71 636
71 450
71 764
71 1064
71 445
71 1249
71 1212
71 516
71 769
71 1054
71 248
71 284
71 230
71 1127
71 1051
71 1224
71 720
71 252
71 803
71 1243
71 545
71 1331
71 22
71 648
71 24
71 889
71 1233
71 957
71 716
71 95
71 1246
71 615
71 422
71 1261
71 586
71 315
71 840
71 468
71 918
71 543
71 988
71 1071
71 1189
71 680
71 706
71 55
71 583
71 860
71 677
71 233
71 1215
71 1342
71 905
71 917
71 487
71 1005
71 1300
71 930
71 1232
71 1132
71 851
71 15
71 952
71 1101
71 1167
71 1131
71 809
71 639
71 1055
71 274
71 75
71 550
71 1119
71 209
71 415
71 1201
71 1286
71 546
71 479
71 726
71 1323
71 548
71 13
71 403
71 1178
71 589
71 474
71 960
71 797
71 1109
71 39
71 1129
71 214
71 613
71 110
71 235
71 268
71 1106
71 390
71 463
71 86
71 1130
71 937
71 169
71 368
71 1100
71 747
71 1134
71 8
71 808
71 404
71 627
71 723
71 1206
71 943
71 1117
71 1258
71 1270
71 1013
71 1018
71 1144
71 419
71 247
71 738
71 649
71 1315
71 290
71 580
71 916
71 870
71 365
71 116
71 236
71 697
71 643
71 1017
71 199
71 784
71 259
71 204
71 1282
71 82
71 929
71 977
71 1047
71 1335
71 1268
71 1303
71 40
71 91
71 1247
71 239
71 1320
71 948
71 144
71 733
71 651
71 693
71 980
71 152
71 1194
71 166
71 1398
71 201
71 262
71 109
71 1154
71 692
71 349
71 125
71 66
71 623
71 1169
71 966
71 357
71 1025
71 628
71 1024
71 395
71 1059
71 542
71 794
71 822
71 908
71 894
71 1307
71 1382
71 987
71 1168
71 456
71 1203
71 622
71 730
71 799
71 1056
71 1381
71 727
71 1242
71 162
71 174
71 459
71 149
71 44
71 219
71 7
71 989
71 62
71 218
71 660
71 1061
71 1166
71 837
71 1035
71 757
71 1175
71 529
71 1226
71 193
71 132
71 620
71 164
71 1239
71 1202
71 83
71 673
71 792
71 721
71 23
71 159
71 34
71 107
71 80
71 194
71 138
71 163
71 352
71 33
71 65
71 292
71 270
71 258
71 196
71 158
71 108
71 198
71 279
71 350
71 32
71 280
71 46
71 348
71 200
71 48
71 31
71 87
71 106
71 281
71 79
71 356
71 145
71 4
71 67
71 266
71 177
71 275
71 178
71 111
71 367
71 3
71 366
71 180
71 278
71 129
71 374
71 181
71 261
71 5
71 362
71 77
71 182
71 135
71 6
71 136
71 293
71 185
71 269
71 301
71 302
71 190
71 141
71 343
71 205
71 237
71 316
71 223
71 224
71 253
71 113
71 148
71 229
71 231
71 288
71 71
71 143
71 249
71 320
71 96
71 105
71 118
71 246
71 238
71 100
71 21
71 45
71 51
71 322
71 285
71 119
71 242
71 243
71 244
71 221
71 72
71 151
71 120
71 341
71 157
71 104
71 88
71 311
71 312
71 340
71 155
71 59
71 210
71 60
71 213
71 337
71 215
71 61
71 313
71 314
71 336
71 217
71 126
71 255
71 90
71 102
71 254
71 175
71 18
71 92
71 114
71 1400
71 375
71 1011
71 1032
71 1030
71 1029
71 1027
71 1026
71 1023
71 1022
71 1015
71 1012
71 1010
71 979
71 1004
71 1001
71 1000
71 998
71 995
71 993
71 991
71 990
71 985
71 1033
71 1034
71 1036
71 1037
71 1091
71 1089
71 1088
71 1087
71 1079
71 1073
71 1067
71 1065
71 1063
71 1060
71 1058
71 1057
71 1053
71 1052
71 1048
71 1044
71 1043
71 1042
71 1038
71 982
71 978
71 852
71 884
71 906
71 902
71 900
71 899
71 893
71 892
71 890
71 886
71 885
71 879
71 975
71 876
71 875
71 874
71 873
71 872
71 865
71 861
71 859
71 854
71 910
71 913
71 914
71 915
71 971
71 970
71 968
71 962
71 958
71 953
71 949
71 947
71 945
71 944
71 942
71 940
71 936
71 934
71 933
71 926
71 922
71 920
71 919
71 1095
71 1096
71 1102
71 1308
71 1332
71 1330
71 1329
71 1328
71 1327
71 1325
71 1321
71 1316
71 1312
71 1306
71 1103
71 1301
71 1294
71 1293
71 1287
71 1284
71 1283
71 1280
71 1278
71 1276
71 1334
71 1336
71 1340
71 1343
71 1393
71 1389
71 1388
71 1387
71 1386
71 1385
71 1383
71 1380
71 1377
71 1376
71 1365
71 1362
71 1361
71 1360
71 1358
71 1357
71 1355
71 1347
71 1345
71 1275
71 1271
71 1267
71 1162
71 1148
71 1147
71 1143
71 1142
71 1141
71 1140
71 1139
71 1136
71 1135
71 1128
71 1126
71 1124
71 1123
71 1120
71 1116
71 1115
71 1111
71 1107
71 1105
71 1152
71 1163
71 1260
71 1174
71 1257
71 1256
71 1254
71 1252
71 1245
71 1241
71 1236
71 1223
71 1221
71 1217
71 1211
71 1210
71 1208
71 1197
71 1193
71 1191
71 1190
71 1181
71 1180
71 853
71 849
71 376
71 524
71 547
71 539
71 534
71 533
71 532
71 531
71 528
71 527
71 526
71 521
71 490
71 515
71 513
71 512
71 510
71 509
71 507
71 502
71 499
71 492
71 551
71 555
71 559
71 560
71 599
71 598
71 597
71 596
71 594
71 592
71 591
71 590
71 587
71 585
71 584
71 582
71 581
71 579
71 578
71 566
71 564
71 562
71 561
71 491
71 486
71 842
71 393
71 414
71 410
71 408
71 407
71 405
71 402
71 399
71 398
71 396
71 392
71 485
71 391
71 388
71 386
71 384
71 382
71 381
71 380
71 379
71 378
71 424
71 425
71 428
71 429
71 480
71 478
71 473
71 472
71 471
71 461
71 458
71 457
71 452
71 451
71 447
71 446
71 440
71 438
71 437
71 436
71 432
71 431
71 430
71 605
71 607
71 608
71 759
71 777
71 775
71 774
71 773
71 771
71 770
71 768
71 765
71 761
71 758
71 612
71 756
71 754
71 752
71 750
71 749
71 748
71 746
71 745
71 744
71 778
71 780
71 783
71 785
71 839
71 835
71 834
71 833
71 832
71 831
71 824
71 821
71 817
71 815
71 812
71 811
71 810
71 807
71 805
71 800
71 795
71 793
71 789
71 742
71 741
71 737
71 683
71 681
71 674
71 672
71 669
71 664
71 659
71 657
71 652
71 650
71 642
71 641
71 640
71 638
71 637
71 624
71 621
71 618
71 617
71 616
71 682
71 684
71 736
71 690
71 735
71 734
71 732
71 731
71 722
71 719
71 718
71 715
71 714
71 711
71 710
71 709
71 703
71 702
71 701
71 1399
71 698
71 696
71 695
71 700
