74 1153
74 876
74 625
74 68
74 372
74 26
74 1143
74 1295
74 431
74 430
74 516
74 1155
74 656
74 185
74 1349
74 1161
74 493
74 809
74 1142
74 576
74 1003
74 574
74 38
74 141
74 332
74 573
74 997
74 535
74 608
74 1158
74 280
74 519
74 167
74 10
74 594
74 317
74 514
74 1351
74 1099
74 571
74 695
74 904
74 2
74 1204
74 364
74 714
74 1157
74 272
74 575
74 56
74 188
74 636
74 795
74 283
74 429
74 1263
74 25
74 1252
74 693
74 541
74 1303
74 1353
74 179
74 1286
74 1074
74 604
74 329
74 602
74 171
74 311
74 993
74 1098
74 373
74 76
74 37
74 598
74 1231
74 517
74 755
74 556
74 356
74 569
74 184
74 1230
74 544
74 327
74 1356
74 692
74 1305
74 1350
74 689
74 328
74 294
74 85
74 970
74 1336
74 406
74 1282
74 949
74 664
74 603
74 1296
74 401
74 302
74 105
74 800
74 438
74 498
74 946
74 611
74 1245
74 1238
74 122
74 1106
74 1395
74 355
74 808
74 183
74 609
74 799
74 1379
74 474
74 1378
74 1311
74 1062
74 312
74 662
74 295
74 694
74 285
74 19
74 1004
74 1009
74 1292
74 252
74 1371
74 125
74 305
74 638
74 35
74 187
74 101
74 40
74 416
74 1159
74 691
74 62
74 672
74 51
74 1354
74 140
74 310
74 169
74 123
74 176
74 1066
74 1229
74 572
74 196
74 552
74 605
74 467
74 687
74 110
74 421
74 466
74 747
74 63
74 319
74 166
74 11
74 1381
74 553
74 612
74 593
74 1391
74 121
74 174
74 1205
74 659
74 665
74 663
74 486
74 522
74 972
74 631
74 9
74 1315
74 186
74 334
74 1269
74 994
74 971
74 1002
74 1183
74 1248
74 210
74 578
74 423
74 282
74 1243
74 263
74 696
74 315
74 1309
74 915
74 878
74 1010
74 358
74 1109
74 360
74 456
74 973
74 107
74 1170
74 205
74 1147
74 812
74 529
74 1200
74 1274
74 353
74 368
74 109
74 470
74 409
74 465
74 84
74 567
74 1288
74 538
74 566
74 193
74 1319
74 27
74 763
74 1299
74 1366
74 783
74 969
74 1225
74 901
74 976
74 1279
74 439
74 525
74 606
74 1232
74 857
74 655
74 12
74 348
74 484
74 1285
74 1104
74 626
74 293
74 1318
74 667
74 1370
74 983
74 70
74 540
74 1189
74 772
74 770
74 483
74 45
74 87
74 239
74 865
74 214
74 1234
74 473
74 908
74 259
74 860
74 1180
74 623
74 939
74 1250
74 213
74 776
74 1313
74 508
74 1039
74 273
74 1218
74 1092
74 1260
74 999
74 595
74 173
74 907
74 314
74 880
74 495
74 161
74 59
74 719
74 1310
74 216
74 773
74 1154
74 537
74 236
74 1382
74 518
74 212
74 1198
74 1001
74 1386
74 709
74 215
74 241
74 1352
74 154
74 39
74 34
74 1227
74 57
74 1298
74 991
74 234
74 688
74 712
74 160
74 757
74 721
74 1390
74 304
74 810
74 1151
74 697
74 1208
74 321
74 352
74 230
74 900
74 1277
74 475
74 318
74 1236
74 1172
74 276
74 89
74 1280
74 24
74 955
74 244
74 1100
74 1306
74 476
74 722
74 139
74 1124
74 308
74 232
74 568
74 481
74 256
74 945
74 36
74 708
74 1201
74 536
74 838
74 1287
74 434
74 1373
74 296
74 1393
74 1297
74 65
74 1246
74 226
74 790
74 221
74 116
74 925
74 1012
74 943
74 870
74 1114
74 874
74 41
74 912
74 1258
74 307
74 124
74 673
74 710
74 1222
74 792
74 1364
74 916
74 245
74 1343
74 1188
74 1076
74 815
74 1281
74 682
74 1195
74 436
74 628
74 49
74 54
74 1110
74 646
74 1107
74 497
74 211
74 896
74 846
74 149
74 986
74 1323
74 182
74 488
74 1000
74 1374
74 633
74 1093
74 359
74 335
74 807
74 435
74 262
74 1111
74 1045
74 856
74 724
74 347
74 902
74 197
74 1267
74 1325
74 58
74 229
74 325
74 115
74 1071
74 996
74 570
74 33
74 670
74 143
74 629
74 680
74 1322
74 354
74 588
74 1089
74 765
74 649
74 316
74 653
74 1211
74 1042
74 634
74 1139
74 377
74 1011
74 966
74 797
74 126
74 240
74 601
74 375
74 48
74 962
74 444
74 1380
74 75
74 499
74 1061
74 69
74 637
74 647
74 933
74 420
74 192
74 99
74 492
74 97
74 1213
74 1210
74 44
74 1253
74 1365
74 1134
74 128
74 848
74 675
74 591
74 1105
74 104
74 974
74 927
74 378
74 134
74 195
74 370
74 417
74 987
74 1367
74 684
74 1006
74 1385
74 546
74 142
74 290
74 798
74 1394
74 1335
74 746
74 1063
74 1272
74 152
74 20
74 209
74 583
74 131
74 30
74 1338
74 577
74 1040
74 94
74 82
74 443
74 893
74 947
74 1239
74 309
74 114
74 1314
74 189
74 268
74 1119
74 388
74 207
74 1399
74 1163
74 83
74 975
74 644
74 827
74 764
74 50
74 720
74 1
74 243
74 1308
74 852
74 297
74 794
74 371
74 1008
74 1113
74 1007
74 920
74 1300
74 940
74 469
74 1081
74 658
74 977
74 985
74 511
74 934
74 624
74 270
74 941
74 1080
74 313
74 998
74 1347
74 745
74 1122
74 1241
74 657
74 1212
74 727
74 1145
74 96
74 554
74 825
74 700
74 477
74 1266
74 621
74 1133
74 1051
74 88
74 198
74 366
74 1255
74 1235
74 365
74 422
74 717
74 1149
74 28
74 153
74 589
74 201
74 1304
74 1244
74 78
74 23
74 690
74 713
74 79
74 1182
74 805
74 557
74 267
74 758
74 741
74 413
74 172
74 341
74 1265
74 458
74 706
74 223
74 170
74 494
74 707
74 671
74 7
74 1346
74 454
74 269
74 3
74 1254
74 523
74 1191
74 16
74 1179
74 909
74 1342
74 1226
74 590
74 839
74 391
74 1072
74 392
74 640
74 333
74 500
74 1171
74 1278
74 891
74 345
74 299
74 1270
74 599
74 349
74 1082
74 300
74 264
74 1059
74 1327
74 1207
74 323
74 1184
74 29
74 108
74 396
74 1185
74 1065
74 761
74 804
74 502
74 168
74 835
74 834
74 513
74 951
74 453
74 242
74 93
74 1337
74 1355
74 92
74 1018
74 203
74 1125
74 52
74 1392
74 1015
74 369
74 914
74 1070
74 178
74 250
74 1043
74 1140
74 979
74 441
74 849
74 728
74 715
74 1156
74 472
74 291
74 204
74 861
74 106
74 845
74 938
74 1115
74 344
74 887
74 1290
74 1216
74 982
74 73
74 652
74 948
74 981
74 55
74 504
74 1056
74 411
74 1228
74 258
74 711
74 491
74 1116
74 661
74 1307
74 1090
74 1166
74 549
74 666
74 1187
74 177
74 42
74 668
74 163
74 564
74 155
74 796
74 14
74 147
74 479
74 1316
74 703
74 505
74 380
74 460
74 748
74 424
74 351
74 277
74 950
74 756
74 292
74 558
74 1068
74 80
74 1175
74 723
74 954
74 1047
74 22
74 831
74 1224
74 190
74 1242
74 1165
74 346
74 1144
74 248
74 1262
74 718
74 64
74 260
74 1276
74 545
74 731
74 1033
74 1103
74 17
74 859
74 480
74 1215
74 47
74 1168
74 1233
74 869
74 1203
74 615
74 67
74 1005
74 922
74 218
74 1017
74 452
74 550
74 929
74 487
74 1101
74 326
74 1132
74 826
74 952
74 881
74 683
74 960
74 306
74 117
74 1219
74 447
74 175
74 1321
74 528
74 828
74 1326
74 237
74 1136
74 1020
74 200
74 793
74 1129
74 926
74 967
74 1135
74 743
74 1130
74 685
74 1341
74 1087
74 630
74 381
74 194
74 844
74 1028
74 395
74 816
74 1108
74 374
74 1284
74 342
74 643
74 754
74 702
74 1302
74 1021
74 1268
74 686
74 561
74 650
74 961
74 1330
74 784
74 133
74 138
74 919
74 414
74 459
74 448
74 1046
74 219
74 222
74 791
74 1053
74 74
74 1067
74 1251
74 1075
74 733
74 1283
74 830
74 288
74 592
74 740
74 1372
74 257
74 759
74 255
74 654
74 1035
74 1375
74 1339
74 1095
74 924
74 635
74 847
74 1118
74 225
74 1088
74 383
74 894
74 1289
74 1064
74 1249
74 1126
74 132
74 363
74 620
74 681
74 1054
74 157
74 1261
74 120
74 957
74 1312
74 766
74 897
74 468
74 427
74 1199
74 701
74 1031
74 520
74 433
74 905
74 1237
74 15
74 660
74 1131
74 100
74 1055
74 1097
74 415
74 496
74 767
74 610
74 403
74 1091
74 1173
74 1052
74 937
74 506
74 287
74 1209
74 956
74 489
74 379
74 1202
74 1259
74 1117
74 984
74 247
74 679
74 227
74 112
74 1193
74 814
74 220
74 921
74 426
74 1247
74 464
74 903
74 191
74 53
74 964
74 562
74 801
74 729
74 1264
74 565
74 858
74 781
74 206
74 1034
74 289
74 563
74 917
74 992
74 1137
74 806
74 811
74 1271
74 704
74 77
74 165
74 425
74 1256
74 135
74 136
74 137
74 698
74 862
74 863
74 864
74 1257
74 145
74 144
74 146
74 866
74 148
74 867
74 150
74 151
74 868
74 871
74 872
74 873
74 699
74 705
74 875
74 118
74 735
74 734
74 732
74 111
74 730
74 113
74 842
74 726
74 725
74 843
74 119
74 855
74 716
74 850
74 1275
74 1273
74 851
74 853
74 127
74 854
74 129
74 130
74 156
74 158
74 736
74 159
74 1217
74 648
74 898
74 645
74 899
74 1214
74 642
74 641
74 639
74 1206
74 906
74 910
74 199
74 632
74 911
74 202
74 913
74 627
74 918
74 622
74 619
74 208
74 1197
74 895
74 1220
74 1221
74 669
74 678
74 677
74 162
74 676
74 164
74 877
74 674
74 879
74 1240
74 882
74 883
74 1223
74 884
74 885
74 886
74 888
74 889
74 890
74 892
74 180
74 181
74 651
74 1291
74 1293
74 1057
74 1294
74 824
74 789
74 788
74 31
74 32
74 787
74 1369
74 1368
74 1363
74 1362
74 1361
74 1360
74 1359
74 1358
74 786
74 43
74 1357
74 785
74 46
74 782
74 1348
74 780
74 1345
74 1376
74 1377
74 1383
74 1389
74 1398
74 817
74 4
74 5
74 6
74 803
74 8
74 1397
74 1396
74 802
74 13
74 1384
74 818
74 819
74 820
74 821
74 18
74 1388
74 1387
74 21
74 822
74 823
74 1344
74 779
74 778
74 840
74 752
74 1324
74 751
74 1320
74 86
74 1317
74 750
74 749
74 90
74 91
74 841
74 753
74 744
74 95
74 742
74 739
74 98
74 738
74 737
74 1301
74 102
74 103
74 81
74 837
74 777
74 1332
74 829
74 775
74 1340
74 774
74 771
74 60
74 61
74 1334
74 1333
74 832
74 66
74 836
74 769
74 1331
74 768
74 1329
74 71
74 72
74 833
74 762
74 1328
74 760
74 1196
74 1194
74 618
74 1037
74 1024
74 1025
74 1026
74 1094
74 490
74 350
74 1027
74 485
74 1029
74 1030
74 482
74 1086
74 357
74 1085
74 1084
74 1083
74 361
74 362
74 478
74 1032
74 471
74 1036
74 367
74 1023
74 343
74 1022
74 1102
74 1014
74 320
74 1016
74 322
74 515
74 324
74 1112
74 512
74 1019
74 510
74 330
74 501
74 331
74 509
74 507
74 503
74 1096
74 336
74 337
74 338
74 339
74 340
74 1079
74 1078
74 1192
74 1077
74 398
74 399
74 400
74 442
74 402
74 440
74 404
74 405
74 813
74 407
74 408
74 1048
74 410
74 1049
74 412
74 437
74 1050
74 432
74 1060
74 428
74 418
74 419
74 1058
74 397
74 445
74 446
74 382
74 1038
74 1073
74 1041
74 463
74 376
74 462
74 1069
74 461
74 457
74 1044
74 455
74 394
74 384
74 385
74 386
74 387
74 451
74 389
74 390
74 450
74 449
74 393
74 521
74 1013
74 1120
74 1121
74 1176
74 596
74 942
74 1174
74 944
74 587
74 246
74 586
74 585
74 249
74 584
74 251
74 1169
74 253
74 254
74 582
74 581
74 580
74 579
74 1167
74 953
74 261
74 958
74 1177
74 238
74 597
74 224
74 617
74 1190
74 616
74 217
74 614
74 613
74 923
74 1186
74 607
74 928
74 930
74 1178
74 931
74 932
74 228
74 935
74 600
74 231
74 1181
74 233
74 936
74 235
74 959
74 963
74 265
74 303
74 1141
74 542
74 1138
74 539
74 988
74 298
74 989
74 990
74 301
74 534
74 533
74 980
74 532
74 531
74 530
74 995
74 527
74 1128
74 1127
74 526
74 524
74 1123
74 543
74 547
74 266
74 555
74 965
74 1164
74 560
74 1162
74 271
74 1160
74 559
74 274
74 275
74 1152
74 278
74 548
74 279
74 1150
74 281
74 968
74 1148
74 284
74 1146
74 286
74 978
74 551
74 1400
