77 1395
77 630
77 329
77 1264
77 667
77 668
77 170
77 537
77 347
77 134
77 504
77 1076
77 1228
77 345
77 1394
77 272
77 572
77 1391
77 343
77 187
77 1191
77 1215
77 670
77 315
77 1263
77 335
77 460
77 666
77 358
77 1364
77 139
77 1302
77 1149
77 291
77 1107
77 1078
77 689
77 663
77 959
77 671
77 223
77 197
77 346
77 9
77 710
77 1187
77 238
77 256
77 124
77 1151
77 569
77 1384
77 175
77 1372
77 1257
77 1359
77 798
77 4
77 334
77 53
77 309
77 179
77 564
77 714
77 1381
77 25
77 1205
77 1313
77 1274
77 439
77 1281
77 467
77 171
77 188
77 1319
77 1367
77 71
77 808
77 1231
77 438
77 1250
77 261
77 487
77 1157
77 37
77 80
77 1355
77 861
77 964
77 79
77 328
77 413
77 1299
77 556
77 903
77 318
77 757
77 1237
77 1154
77 383
77 1213
77 1158
77 688
77 570
77 794
77 373
77 1075
77 1081
77 1300
77 1241
77 568
77 1309
77 1189
77 469
77 294
77 1307
77 336
77 1356
77 43
77 1211
77 207
77 547
77 74
77 919
77 192
77 10
77 610
77 969
77 1222
77 423
77 927
77 626
77 482
77 1272
77 7
77 411
77 182
77 254
77 1198
77 212
77 165
77 327
77 965
77 180
77 1310
77 55
77 1082
77 2
77 232
77 125
77 3
77 1225
77 417
77 567
77 1235
77 234
77 1314
77 1258
77 50
77 52
77 338
77 149
77 1224
77 300
77 199
77 566
77 1159
77 979
77 126
77 255
77 189
77 1256
77 1080
77 406
77 611
77 240
77 1386
77 1140
77 371
77 133
77 54
77 912
77 974
77 1216
77 205
77 17
77 455
77 1188
77 214
77 761
77 225
77 687
77 203
77 962
77 1301
77 401
77 665
77 676
77 829
77 1040
77 672
77 593
77 483
77 530
77 801
77 1132
77 142
77 1049
77 1239
77 76
77 1195
77 694
77 1284
77 526
77 103
77 1229
77 1074
77 271
77 1351
77 484
77 364
77 1156
77 600
77 503
77 1378
77 1084
77 150
77 14
77 1218
77 360
77 110
77 352
77 1385
77 776
77 992
77 72
77 793
77 213
77 63
77 307
77 1253
77 550
77 193
77 140
77 30
77 1155
77 1007
77 115
77 308
77 1322
77 304
77 86
77 314
77 183
77 1214
77 696
77 1320
77 1226
77 369
77 178
77 89
77 397
77 365
77 1179
77 73
77 854
77 788
77 1014
77 117
77 898
77 1382
77 1208
77 265
77 823
77 35
77 519
77 940
77 1200
77 123
77 996
77 1212
77 712
77 1199
77 326
77 562
77 21
77 1268
77 628
77 322
77 186
77 1311
77 493
77 310
77 119
77 505
77 311
77 845
77 557
77 573
77 376
77 276
77 1278
77 410
77 93
77 1312
77 222
77 259
77 806
77 555
77 96
77 947
77 608
77 820
77 657
77 976
77 1315
77 160
77 632
77 337
77 132
77 899
77 40
77 1153
77 24
77 972
77 497
77 651
77 661
77 260
77 1383
77 70
77 576
77 20
77 540
77 816
77 1303
77 847
77 811
77 295
77 971
77 1104
77 209
77 516
77 933
77 1337
77 1254
77 554
77 56
77 381
77 342
77 760
77 552
77 664
77 814
77 1236
77 752
77 41
77 306
77 781
77 58
77 690
77 496
77 458
77 282
77 242
77 522
77 62
77 565
77 148
77 8
77 536
77 662
77 49
77 145
77 527
77 1373
77 652
77 339
77 491
77 370
77 333
77 490
77 172
77 135
77 228
77 1374
77 1248
77 1202
77 993
77 481
77 812
77 415
77 109
77 474
77 807
77 1238
77 624
77 344
77 874
77 796
77 1244
77 1118
77 177
77 702
77 473
77 646
77 428
77 456
77 1285
77 867
77 122
77 366
77 1295
77 1261
77 349
77 457
77 69
77 442
77 348
77 713
77 190
77 1323
77 16
77 273
77 946
77 167
77 1324
77 675
77 184
77 252
77 1181
77 975
77 299
77 891
77 393
77 629
77 441
77 64
77 1
77 384
77 655
77 403
77 45
77 1143
77 926
77 1336
77 1353
77 541
77 386
77 434
77 316
77 1318
77 625
77 924
77 686
77 323
77 1152
77 1221
77 453
77 464
77 604
77 230
77 949
77 305
77 34
77 174
77 571
77 1128
77 1365
77 461
77 200
77 944
77 932
77 1098
77 1287
77 1066
77 1325
77 988
77 257
77 375
77 1366
77 902
77 1349
77 514
77 206
77 459
77 818
77 355
77 880
77 1114
77 444
77 1276
77 1317
77 372
77 201
77 1010
77 921
77 534
77 999
77 418
77 1146
77 998
77 825
77 292
77 104
77 241
77 363
77 1234
77 810
77 23
77 560
77 94
77 961
77 1347
77 826
77 1192
77 866
77 802
77 535
77 382
77 553
77 470
77 1288
77 226
77 267
77 706
77 356
77 800
77 809
77 293
77 1354
77 797
77 805
77 1328
77 416
77 377
77 1220
77 121
77 111
77 101
77 612
77 1260
77 1012
77 935
77 803
77 1316
77 468
77 1028
77 1072
77 1245
77 943
77 1115
77 636
77 523
77 1203
77 262
77 495
77 620
77 895
77 634
77 154
77 105
77 1246
77 317
77 779
77 191
77 475
77 950
77 1169
77 917
77 1247
77 1223
77 128
77 677
77 1389
77 1088
77 340
77 892
77 1130
77 391
77 479
77 36
77 302
77 218
77 421
77 559
77 916
77 107
77 47
77 1286
77 91
77 939
77 753
77 1109
77 970
77 1390
77 402
77 301
77 435
77 1065
77 780
77 1251
77 960
77 1182
77 831
77 849
77 1100
77 656
77 1185
77 1053
77 141
77 1150
77 1252
77 1298
77 517
77 609
77 303
77 1331
77 229
77 244
77 263
77 1048
77 872
77 1126
77 784
77 1282
77 538
77 27
77 928
77 789
77 1105
77 147
77 679
77 1043
77 755
77 638
77 59
77 227
77 1375
77 563
77 792
77 719
77 388
77 155
77 1062
77 1108
77 1085
77 749
77 1209
77 1201
77 443
77 1006
77 129
77 1262
77 239
77 1077
77 501
77 918
77 466
77 645
77 1121
77 589
77 1083
77 1306
77 759
77 977
77 351
77 701
77 1370
77 169
77 99
77 1052
77 15
77 38
77 994
77 765
77 22
77 1339
77 764
77 601
77 359
77 951
77 211
77 941
77 681
77 248
77 758
77 739
77 973
77 361
77 868
77 120
77 1292
77 1240
77 90
77 1210
77 528
77 1377
77 740
77 97
77 893
77 1000
77 253
77 325
77 575
77 1186
77 204
77 1304
77 1233
77 881
77 1230
77 815
77 1106
77 48
77 269
77 33
77 65
77 312
77 709
77 433
77 925
77 733
77 399
77 1161
77 319
77 683
77 502
77 1045
77 195
77 680
77 330
77 5
77 533
77 233
77 477
77 720
77 819
77 754
77 1142
77 1393
77 1122
77 1204
77 332
77 353
77 194
77 1097
77 274
77 837
77 112
77 631
77 266
77 590
77 678
77 1039
77 378
77 865
77 1171
77 445
77 1335
77 478
77 84
77 250
77 296
77 173
77 693
77 324
77 297
77 524
77 390
77 208
77 437
77 750
77 704
77 472
77 878
77 1174
77 799
77 1294
77 685
77 595
77 394
77 692
77 412
77 721
77 708
77 957
77 1267
77 462
77 1031
77 1119
77 1368
77 1259
77 863
77 1396
77 987
77 77
77 674
77 529
77 202
77 1388
77 1330
77 247
77 649
77 856
77 283
77 1341
77 1380
77 623
77 1145
77 922
77 151
77 486
77 1051
77 748
77 476
77 285
77 198
77 1112
77 465
77 1061
77 136
77 1120
77 1269
77 920
77 1338
77 321
77 1243
77 703
77 770
77 578
77 395
77 743
77 1371
77 451
77 419
77 635
77 185
77 219
77 131
77 525
77 639
77 521
77 1003
77 1095
77 75
77 901
77 599
77 791
77 146
77 520
77 1015
77 804
77 6
77 168
77 380
77 137
77 785
77 695
77 1352
77 734
77 498
77 983
77 61
77 726
77 654
77 659
77 280
77 1055
77 836
77 840
77 368
77 1242
77 152
77 39
77 597
77 605
77 446
77 494
77 210
77 1136
77 930
77 287
77 766
77 499
77 966
77 896
77 1321
77 588
77 431
77 830
77 1342
77 773
77 489
77 1178
77 12
77 166
77 113
77 278
77 313
77 420
77 26
77 531
77 82
77 367
77 580
77 1068
77 1266
77 1387
77 627
77 1060
77 1089
77 1327
77 237
77 980
77 827
77 997
77 488
77 398
77 1023
77 127
77 220
77 1013
77 1001
77 1197
77 1021
77 1147
77 288
77 224
77 389
77 546
77 161
77 532
77 1141
77 904
77 722
77 264
77 894
77 1289
77 1180
77 1357
77 848
77 430
77 603
77 1009
77 953
77 746
77 1025
77 1024
77 873
77 1137
77 98
77 1067
77 1124
77 1308
77 1329
77 718
77 931
77 1184
77 1050
77 1277
77 968
77 251
77 783
77 57
77 1019
77 622
77 684
77 910
77 846
77 1271
77 1273
77 511
77 614
77 913
77 697
77 1297
77 88
77 408
77 176
77 414
77 42
77 786
77 231
77 1333
77 1399
77 948
77 454
77 156
77 1167
77 221
77 289
77 1227
77 1166
77 821
77 915
77 1326
77 887
77 1369
77 1360
77 857
77 617
77 143
77 1071
77 1134
77 888
77 1196
77 858
77 986
77 1005
77 243
77 1290
77 249
77 851
77 518
77 884
77 1131
77 705
77 513
77 1139
77 1008
77 700
77 1249
77 730
77 13
77 46
77 769
77 577
77 449
77 1020
77 1036
77 967
77 545
77 991
77 641
77 613
77 440
77 235
77 354
77 889
77 640
77 108
77 771
77 1044
77 28
77 744
77 422
77 923
77 956
77 669
77 698
77 404
77 723
77 860
77 379
77 1183
77 1270
77 1018
77 673
77 81
77 246
77 936
77 852
77 1265
77 1096
77 985
77 1400
77 606
77 268
77 60
77 1004
77 843
77 644
77 196
77 51
77 729
77 876
77 738
77 357
77 1047
77 682
77 1002
77 990
77 822
77 1127
77 908
77 1343
77 711
77 828
77 432
77 756
77 934
77 1113
77 542
77 660
77 1175
77 790
77 548
77 78
77 427
77 1280
77 1392
77 859
77 164
77 1144
77 83
77 1064
77 1059
77 425
77 1063
77 1069
77 543
77 1087
77 106
77 1070
77 1073
77 1079
77 102
77 1086
77 100
77 1090
77 1091
77 1092
77 95
77 1093
77 1094
77 92
77 424
77 1058
77 1046
77 1057
77 1027
77 1022
77 429
77 138
77 362
77 1017
77 1016
77 1011
77 144
77 995
77 989
77 436
77 984
77 982
77 153
77 981
77 1026
77 1029
77 114
77 1030
77 1056
77 116
77 1054
77 118
77 1101
77 426
77 1042
77 1041
77 1038
77 1037
77 1035
77 1034
77 1033
77 130
77 1032
77 1099
77 1116
77 1102
77 1283
77 1332
77 1305
77 1296
77 1293
77 1291
77 392
77 29
77 31
77 1219
77 32
77 1279
77 1275
77 396
77 374
77 1255
77 400
77 1334
77 1340
77 19
77 18
77 1398
77 1397
77 1379
77 1376
77 1363
77 1362
77 1361
77 1358
77 11
77 1350
77 387
77 1348
77 1346
77 1345
77 1344
77 1232
77 1217
77 87
77 1125
77 66
77 67
77 68
77 1138
77 1135
77 1133
77 1129
77 1123
77 1207
77 1117
77 447
77 409
77 1111
77 1110
77 85
77 1103
77 1148
77 1160
77 1162
77 1163
77 44
77 1206
77 405
77 1194
77 1193
77 1190
77 407
77 1177
77 1176
77 1173
77 1172
77 1170
77 1168
77 1165
77 1164
77 978
77 954
77 157
77 279
77 715
77 707
77 699
77 275
77 508
77 277
77 691
77 281
77 648
77 341
77 509
77 284
77 286
77 658
77 653
77 650
77 270
77 716
77 717
77 507
77 745
77 500
77 742
77 741
77 737
77 736
77 735
77 732
77 258
77 731
77 506
77 728
77 727
77 725
77 724
77 290
77 647
77 751
77 581
77 587
77 586
77 585
77 584
77 583
77 320
77 582
77 579
77 643
77 539
77 574
77 561
77 558
77 551
77 549
77 331
77 591
77 592
77 594
77 596
77 642
77 510
77 512
77 298
77 637
77 633
77 621
77 619
77 618
77 616
77 615
77 515
77 607
77 602
77 598
77 747
77 492
77 158
77 886
77 907
77 906
77 905
77 900
77 897
77 890
77 452
77 385
77 864
77 883
77 882
77 879
77 877
77 875
77 871
77 870
77 181
77 909
77 911
77 914
77 159
77 963
77 958
77 162
77 163
77 955
77 544
77 952
77 945
77 942
77 938
77 937
77 448
77 929
77 450
77 869
77 862
77 245
77 471
77 795
77 787
77 782
77 778
77 777
77 775
77 774
77 236
77 463
77 772
77 480
77 485
77 768
77 767
77 763
77 762
77 813
77 817
77 824
77 832
77 855
77 853
77 350
77 850
77 844
77 842
77 841
77 839
77 838
77 215
77 216
77 217
77 835
77 834
77 833
77 885
