79 544
79 748
79 567
79 1066
79 708
79 19
79 604
79 413
79 597
79 755
79 56
79 199
79 347
79 689
79 1272
79 430
79 52
79 307
79 1229
79 670
79 372
79 360
79 1076
79 1310
79 1007
79 814
79 516
79 203
79 546
79 608
79 572
79 197
79 466
79 1074
79 1353
79 1395
79 294
79 124
79 571
79 714
79 196
79 1335
79 327
79 1378
79 205
79 391
79 791
79 556
79 662
79 564
79 1115
79 1355
79 781
79 594
79 808
79 809
79 570
79 287
79 1062
79 204
79 812
79 141
79 359
79 806
79 63
79 1107
79 202
79 1104
79 346
79 1354
79 593
79 688
79 694
79 663
79 35
79 997
79 1075
79 1352
79 800
79 1009
79 794
79 1146
79 188
79 9
79 179
79 861
79 370
79 1158
79 1336
79 1246
79 371
79 431
79 671
79 813
79 57
79 566
79 606
79 815
79 1046
79 345
79 925
79 354
79 947
79 53
79 434
79 1274
79 1285
79 123
79 1082
79 568
79 1191
79 753
79 1314
79 1319
79 1002
79 1021
79 759
79 1264
79 749
79 145
79 959
79 1231
79 200
79 352
79 1257
79 668
79 790
79 746
79 805
79 1351
79 122
79 1188
79 343
79 1343
79 1381
79 28
79 139
79 438
79 1008
79 1155
79 537
79 415
79 84
79 125
79 1281
79 171
79 599
79 342
79 80
79 1230
79 1367
79 49
79 1258
79 251
79 1337
79 474
79 776
79 10
79 1394
79 513
79 14
79 860
79 927
79 225
79 443
79 1305
79 971
79 917
79 1160
79 573
79 600
79 687
79 999
79 175
79 634
79 625
79 1145
79 441
79 1157
79 672
79 519
79 970
79 1234
79 421
79 807
79 220
79 1379
79 1318
79 1307
79 577
79 569
79 783
79 212
79 1151
79 1213
79 1237
79 312
79 685
79 1320
79 657
79 898
79 373
79 99
79 632
79 26
79 1290
79 1200
79 1374
79 575
79 1197
79 598
79 605
79 1179
79 719
79 237
79 497
79 70
79 187
79 1204
79 29
79 536
79 1333
79 189
79 701
79 39
79 1116
79 946
79 1313
79 76
79 36
79 1004
79 103
79 201
79 1065
79 1339
79 847
79 1198
79 1239
79 545
79 1114
79 602
79 234
79 996
79 896
79 314
79 676
79 1098
79 609
79 557
79 232
79 186
79 793
79 295
79 1005
79 656
79 316
79 178
79 799
79 1306
79 318
79 697
79 1341
79 305
79 1001
79 1159
79 137
79 1311
79 328
79 272
79 129
79 1284
79 147
79 713
79 329
79 1292
79 525
79 1315
79 1156
79 134
79 55
79 505
79 41
79 285
79 1186
79 780
79 60
79 68
79 165
79 330
79 1222
79 476
79 972
79 400
79 37
79 337
79 182
79 74
79 1338
79 770
79 1256
79 740
79 652
79 636
79 760
79 1000
79 120
79 1386
79 262
79 245
79 949
79 686
79 514
79 1300
79 730
79 218
79 464
79 1302
79 1279
79 335
79 261
79 297
79 919
79 369
79 227
79 334
79 1349
79 690
79 494
79 254
79 503
79 504
79 1390
79 27
79 1228
79 1211
79 243
79 184
79 214
79 45
79 78
79 1384
79 174
79 453
79 1317
79 709
79 470
79 73
79 950
79 1118
79 95
79 48
79 1058
79 612
79 750
79 1250
79 1309
79 50
79 1212
79 282
79 1216
79 635
79 903
79 160
79 1373
79 1183
79 238
79 574
79 1331
79 1003
79 85
79 491
79 308
79 20
79 151
79 863
79 406
79 981
79 289
79 711
79 666
79 1096
79 38
79 1248
79 222
79 110
79 816
79 540
79 823
79 1380
79 797
79 58
79 54
79 801
79 859
79 355
79 757
79 1342
79 530
79 30
79 707
79 25
79 733
79 341
79 798
79 792
79 173
79 423
79 1039
79 939
79 339
79 1010
79 1299
79 725
79 1113
79 829
79 565
79 148
79 579
79 11
79 467
79 1233
79 481
79 640
79 712
79 716
79 101
79 1360
79 705
79 126
79 1105
79 1328
79 975
79 228
79 639
79 1225
79 338
79 1218
79 638
79 483
79 240
79 678
79 40
79 469
79 845
79 877
79 193
79 239
79 655
79 1263
79 901
79 1391
79 167
79 33
79 499
79 1080
79 319
79 69
79 460
79 1077
79 17
79 1040
79 142
79 1385
79 1047
79 496
79 710
79 361
79 1019
79 649
79 127
79 498
79 994
79 348
79 310
79 1033
79 1253
79 93
79 1382
79 300
79 1271
79 1161
79 161
79 304
79 742
79 696
79 198
79 610
79 332
79 264
79 851
79 607
79 213
79 149
79 1088
79 226
79 51
79 558
79 1078
79 495
79 889
79 880
79 13
79 715
79 1153
79 210
79 211
79 631
79 1083
79 1128
79 993
79 1068
79 397
79 1
79 79
79 143
79 976
79 900
79 428
79 535
79 242
79 1006
79 1366
79 1247
79 1369
79 66
79 207
79 550
79 1121
79 726
79 414
79 379
79 482
79 1101
79 486
79 1215
79 881
79 891
79 1090
79 1100
79 522
79 4
79 1020
79 59
79 1125
79 667
79 1140
79 702
79 1132
79 1035
79 1397
79 488
79 511
79 665
79 911
79 773
79 956
79 658
79 376
79 1303
79 244
79 1162
79 439
79 630
79 1356
79 465
79 677
79 1014
79 409
79 452
79 968
79 954
79 1316
79 340
79 894
79 1289
79 1164
79 717
79 487
79 411
79 945
79 363
79 964
79 948
79 170
79 146
79 1112
79 155
79 473
79 1205
79 185
79 1227
79 417
79 915
79 693
79 1214
79 1150
79 720
79 1206
79 508
79 1017
79 603
79 390
79 1195
79 857
79 442
79 109
79 1154
79 1238
79 722
79 1322
79 336
79 1163
79 1241
79 692
79 349
79 303
79 833
79 89
79 88
79 192
79 858
79 541
79 782
79 177
79 552
79 5
79 1332
79 451
79 675
79 962
79 523
79 47
79 1334
79 433
79 180
79 256
79 1171
79 333
79 427
79 271
79 905
79 255
79 661
79 700
79 1249
79 1400
79 1345
79 1199
79 650
79 524
79 1054
79 844
79 248
79 190
79 1262
79 323
79 1364
79 817
79 44
79 978
79 674
79 704
79 827
79 991
79 646
79 440
79 1294
79 1064
79 1210
79 843
79 811
79 172
79 771
79 2
79 1312
79 509
79 766
79 922
79 1296
79 682
79 960
79 973
79 7
79 899
79 1347
79 8
79 669
79 183
79 1051
79 767
79 224
79 592
79 983
79 622
79 277
79 992
79 892
79 784
79 1144
79 512
79 241
79 924
79 478
79 457
79 624
79 796
79 1187
79 1286
79 538
79 94
79 886
79 872
79 258
79 357
79 150
79 1067
79 1268
79 828
79 1324
79 988
79 128
79 856
79 1011
79 1190
79 132
79 135
79 356
79 166
79 1022
79 818
79 942
79 1061
79 401
79 515
79 1119
79 1372
79 728
79 209
79 168
79 998
79 107
79 75
79 1143
79 629
79 284
79 1209
79 309
79 1050
79 642
79 965
79 838
79 380
79 1024
79 695
79 1013
79 581
79 876
79 444
79 633
79 1079
79 246
79 293
79 620
79 64
79 1099
79 904
79 870
79 822
79 534
79 97
79 1097
79 1092
79 1226
79 837
79 1350
79 1012
79 1359
79 836
79 1377
79 273
79 1282
79 163
79 1269
79 159
79 768
79 761
79 368
79 637
79 618
79 623
79 683
79 560
79 217
79 825
79 62
79 344
79 1304
79 615
79 869
79 1122
79 1081
79 617
79 840
79 1383
79 918
79 785
79 82
79 680
79 1243
79 1043
79 955
79 263
79 1072
79 1275
79 1291
79 930
79 252
79 113
79 772
79 928
79 1396
79 921
79 1340
79 1196
79 895
79 698
79 1392
79 627
79 233
79 223
79 628
79 1175
79 1152
79 1221
79 626
79 1370
79 353
79 34
79 1259
79 1277
79 952
79 206
79 1371
79 914
79 1202
79 1129
79 980
79 278
79 641
79 613
79 721
79 235
79 164
79 398
79 1295
79 1219
79 456
79 553
79 1297
79 315
79 117
79 121
79 1139
79 621
79 389
79 77
79 16
79 404
79 723
79 982
79 1255
79 810
79 1089
79 787
79 743
79 108
79 374
79 351
79 1052
79 1130
79 21
79 1245
79 529
79 1357
79 138
79 926
79 1018
79 984
79 1362
79 747
79 1280
79 230
79 290
79 580
79 302
79 916
79 112
79 520
79 521
79 936
79 236
79 98
79 169
79 1363
79 1361
79 377
79 32
79 660
79 1265
79 43
79 985
79 1224
79 1057
79 366
79 974
79 826
79 576
79 416
79 365
79 684
79 910
79 846
79 1393
79 1273
79 1270
79 912
79 839
79 679
79 96
79 283
79 902
79 913
79 1236
79 1235
79 762
79 1149
79 1244
79 867
79 408
79 317
79 1325
79 311
79 195
79 645
79 1170
79 786
79 830
79 1182
79 288
79 448
79 1399
79 614
79 275
79 221
79 559
79 454
79 729
79 115
79 1108
79 191
79 804
79 455
79 731
79 1025
79 216
79 296
79 1085
79 561
79 1134
79 1165
79 1220
79 1056
79 933
79 1106
79 986
79 1330
79 375
79 1127
79 162
79 1028
79 518
79 266
79 119
79 884
79 383
79 941
79 46
79 769
79 484
79 364
79 131
79 681
79 449
79 432
79 1388
79 22
79 727
79 874
79 274
79 459
79 563
79 595
79 23
79 422
79 548
79 299
79 739
79 306
79 81
79 269
79 1321
79 1252
79 611
79 268
79 979
79 1147
79 208
79 140
79 738
79 1201
79 554
79 133
79 990
79 555
79 267
79 562
79 257
79 1278
79 756
79 934
79 395
79 542
79 325
79 779
79 987
79 1242
79 24
79 83
79 882
79 879
79 601
79 1267
79 878
79 1266
79 875
79 1041
79 1261
79 883
79 873
79 885
79 1260
79 130
79 596
79 887
79 591
79 590
79 118
79 114
79 116
79 871
79 643
79 853
79 854
79 855
79 100
79 1276
79 102
79 862
79 104
79 105
79 106
79 864
79 865
79 866
79 868
79 111
79 619
79 616
79 136
79 589
79 586
79 588
79 587
79 907
79 908
79 909
79 551
79 549
79 1223
79 547
79 920
79 543
79 923
79 539
79 1217
79 929
79 176
79 533
79 1208
79 1207
79 1203
79 181
79 906
79 1232
79 897
79 888
79 1254
79 647
79 585
79 1251
79 584
79 144
79 583
79 582
79 1240
79 158
79 578
79 890
79 152
79 153
79 154
79 893
79 156
79 157
79 644
79 91
79 648
79 734
79 732
79 724
79 774
79 1368
79 1365
79 31
79 775
79 777
79 718
79 778
79 788
79 789
79 1358
79 795
79 802
79 42
79 706
79 803
79 1348
79 1375
79 735
79 92
79 736
79 754
79 3
79 1398
79 752
79 6
79 751
79 763
79 764
79 765
79 1389
79 12
79 745
79 1387
79 15
79 744
79 741
79 18
79 737
79 1376
79 703
79 699
79 1346
79 819
79 72
79 841
79 842
79 659
79 848
79 849
79 1293
79 654
79 1288
79 653
79 850
79 1287
79 651
79 86
79 87
79 1283
79 852
79 90
79 531
79 71
79 664
79 1298
79 1323
79 1344
79 820
79 691
79 1329
79 1327
79 1326
79 821
79 824
79 831
79 1301
79 832
79 61
79 673
79 1308
79 834
79 65
79 835
79 67
79 532
79 526
79 528
79 301
79 1103
79 1102
79 419
79 418
79 1023
79 1095
79 412
79 1094
79 1026
79 1093
79 313
79 410
79 1027
79 1091
79 407
79 405
79 1087
79 320
79 321
79 420
79 1016
79 403
79 424
79 280
79 281
79 1120
79 437
79 436
79 435
79 286
79 1117
79 995
79 1111
79 429
79 291
79 292
79 1015
79 1110
79 1109
79 426
79 425
79 298
79 322
79 324
79 989
79 1053
79 388
79 387
79 386
79 385
79 384
79 382
79 381
79 358
79 1049
79 1048
79 1045
79 362
79 1044
79 1034
79 758
79 1036
79 367
79 1037
79 1038
79 350
79 1032
79 326
79 1055
79 1086
79 402
79 1084
79 1029
79 331
79 399
79 1073
79 1030
79 1071
79 1070
79 1069
79 396
79 1063
79 394
79 1060
79 1059
79 393
79 392
79 1031
79 279
79 445
79 527
79 940
79 1173
79 1172
79 506
79 1169
79 1168
79 215
79 943
79 502
79 1167
79 219
79 1166
79 501
79 500
79 944
79 951
79 953
79 957
79 1148
79 493
79 507
79 1174
79 492
79 510
79 1042
79 1194
79 1193
79 1192
79 931
79 932
79 1189
79 194
79 517
79 935
79 1185
79 1184
79 937
79 1181
79 1180
79 1178
79 1177
79 1176
79 938
79 229
79 231
79 276
79 1131
79 475
79 472
79 471
79 259
79 260
79 977
79 1126
79 468
79 1124
79 265
79 463
79 462
79 461
79 458
79 270
79 1123
79 450
79 447
79 446
79 969
79 253
79 958
79 477
79 490
79 489
79 961
79 963
79 1142
79 1141
79 485
79 1138
79 966
79 1137
79 1136
79 1135
79 967
79 480
79 247
79 479
79 249
79 250
79 1133
79 378
