80 544
80 546
80 1335
80 301
80 604
80 878
80 251
80 1336
80 1019
80 602
80 441
80 1020
80 813
80 790
80 781
80 917
80 1066
80 597
80 1333
80 945
80 748
80 733
80 107
80 594
80 1378
80 814
80 287
80 755
80 1024
80 704
80 875
80 622
80 158
80 879
80 168
80 202
80 354
80 1113
80 54
80 671
80 595
80 1175
80 1108
80 606
80 1156
80 815
80 753
80 599
80 999
80 19
80 1204
80 809
80 1317
80 749
80 536
80 947
80 120
80 654
80 203
80 1197
80 792
80 981
80 1342
80 390
80 1313
80 159
80 36
80 1022
80 399
80 640
80 613
80 1310
80 876
80 1018
80 199
80 234
80 433
80 244
80 307
80 1290
80 1162
80 906
80 734
80 592
80 30
80 911
80 1192
80 52
80 982
80 579
80 1318
80 892
80 379
80 1040
80 1116
80 598
80 209
80 14
80 899
80 461
80 413
80 1115
80 1306
80 730
80 482
80 149
80 5
80 1354
80 728
80 32
80 1298
80 637
80 869
80 1352
80 616
80 141
80 1005
80 805
80 783
80 1000
80 1272
80 137
80 768
80 1061
80 1021
80 1320
80 69
80 48
80 985
80 1141
80 1098
80 668
80 1057
80 548
80 200
80 330
80 1274
80 51
80 701
80 1386
80 1294
80 237
80 1117
80 697
80 1148
80 1064
80 1331
80 1319
80 1112
80 1261
80 122
80 586
80 1145
80 676
80 717
80 765
80 125
80 1222
80 719
80 314
80 516
80 521
80 111
80 928
80 1214
80 851
80 346
80 1379
80 927
80 1104
80 274
80 459
80 1314
80 476
80 1185
80 13
80 652
80 236
80 925
80 337
80 1224
80 593
80 585
80 1023
80 746
80 182
80 196
80 950
80 169
80 600
80 1046
80 905
80 29
80 608
80 552
80 1246
80 545
80 1360
80 1332
80 1191
80 195
80 60
80 980
80 759
80 507
80 638
80 205
80 1339
80 1088
80 1316
80 63
80 267
80 1009
80 451
80 277
80 1382
80 812
80 292
80 773
80 1380
80 1392
80 95
80 614
80 633
80 329
80 1015
80 791
80 1211
80 415
80 509
80 214
80 1345
80 1260
80 861
80 702
80 978
80 1285
80 454
80 1079
80 1105
80 678
80 1032
80 1028
80 615
80 889
80 1008
80 829
80 625
80 648
80 1025
80 91
80 165
80 860
80 716
80 498
80 204
80 145
80 727
80 1340
80 478
80 8
80 662
80 217
80 776
80 150
80 1325
80 1275
80 868
80 127
80 1034
80 1007
80 605
80 877
80 1248
80 58
80 75
80 1077
80 452
80 902
80 785
80 801
80 166
80 470
80 395
80 352
80 359
80 1295
80 297
80 44
80 1334
80 391
80 1002
80 254
80 806
80 513
80 135
80 1366
80 172
80 185
80 1368
80 53
80 438
80 1033
80 360
80 1242
80 264
80 609
80 1167
80 984
80 582
80 1082
80 291
80 720
80 916
80 124
80 639
80 1110
80 782
80 1006
80 807
80 1375
80 453
80 767
80 745
80 874
80 1016
80 266
80 896
80 300
80 397
80 1155
80 12
80 1004
80 341
80 621
80 689
80 485
80 1391
80 167
80 558
80 421
80 723
80 193
80 715
80 808
80 641
80 1121
80 235
80 787
80 631
80 374
80 1343
80 151
80 6
80 284
80 59
80 636
80 843
80 231
80 900
80 434
80 431
80 1094
80 66
80 575
80 1171
80 1206
80 780
80 726
80 1355
80 1087
80 681
80 794
80 99
80 762
80 1101
80 289
80 113
80 1096
80 845
80 952
80 1119
80 743
80 164
80 265
80 1090
80 1100
80 56
80 866
80 39
80 486
80 262
80 443
80 958
80 525
80 1205
80 466
80 580
80 658
80 422
80 73
80 76
80 280
80 68
80 1047
80 1359
80 1225
80 538
80 33
80 201
80 1095
80 784
80 283
80 1073
80 473
80 603
80 1089
80 1303
80 923
80 1289
80 432
80 1347
80 665
80 1395
80 1051
80 1164
80 1262
80 969
80 198
80 1186
80 837
80 155
80 1143
80 311
80 343
80 85
80 852
80 103
80 872
80 1107
80 708
80 96
80 1216
80 1150
80 1281
80 1174
80 1133
80 822
80 1271
80 1013
80 1026
80 435
80 946
80 1273
80 89
80 567
80 698
80 318
80 522
80 1129
80 129
80 1163
80 634
80 275
80 1323
80 225
80 1149
80 305
80 273
80 990
80 15
80 1017
80 272
80 163
80 836
80 632
80 259
80 368
80 1268
80 687
80 1083
80 775
80 375
80 317
80 238
80 404
80 180
80 1209
80 108
80 294
80 271
80 1384
80 968
80 798
80 1245
80 751
80 688
80 50
80 410
80 998
80 685
80 416
80 246
80 1014
80 370
80 650
80 308
80 206
80 403
80 227
80 190
80 499
80 365
80 540
80 175
80 1250
80 532
80 537
80 647
80 1252
80 712
80 564
80 1361
80 1278
80 1297
80 1127
80 1265
80 1035
80 682
80 366
80 336
80 960
80 539
80 17
80 1063
80 711
80 183
80 725
80 224
80 501
80 1305
80 369
80 1086
80 542
80 78
80 212
80 49
80 986
80 207
80 114
80 512
80 1324
80 342
80 1302
80 590
80 848
80 756
80 518
80 859
80 563
80 261
80 411
80 1065
80 677
80 92
80 102
80 882
80 886
80 1258
80 1308
80 577
80 258
80 357
80 173
80 1067
80 460
80 1159
80 833
80 811
80 642
80 517
80 934
80 1103
80 657
80 894
80 656
80 1256
80 1218
80 1210
80 1011
80 844
80 644
80 232
80 80
80 356
80 38
80 1362
80 1321
80 942
80 1147
80 9
80 587
80 220
80 41
80 1376
80 143
80 110
80 651
80 11
80 987
80 907
80 731
80 239
80 777
80 222
80 752
80 74
80 156
80 247
80 584
80 1054
80 210
80 1118
80 322
80 581
80 924
80 940
80 444
80 551
80 1179
80 535
80 321
80 467
80 620
80 904
80 142
80 1084
80 530
80 188
80 327
80 1219
80 1385
80 1092
80 939
80 223
80 810
80 1114
80 1269
80 1137
80 335
80 481
80 1207
80 480
80 47
80 34
80 750
80 510
80 623
80 1058
80 1012
80 398
80 263
80 847
80 897
80 372
80 1240
80 179
80 100
80 653
80 1182
80 710
80 541
80 425
80 1055
80 617
80 1301
80 505
80 385
80 840
80 583
80 612
80 918
80 572
80 556
80 1307
80 680
80 61
80 347
80 1229
80 619
80 363
80 1
80 1144
80 646
80 319
80 171
80 412
80 381
80 1161
80 1291
80 930
80 252
80 492
80 772
80 557
80 714
80 870
80 126
80 373
80 867
80 895
80 627
80 912
80 367
80 1266
80 1172
80 1076
80 500
80 230
80 1259
80 187
80 893
80 979
80 786
80 278
80 1153
80 943
80 285
80 675
80 83
80 241
80 1367
80 139
80 28
80 218
80 1140
80 626
80 401
80 491
80 1001
80 523
80 1329
80 208
80 972
80 1139
80 735
80 956
80 1074
80 77
80 16
80 140
80 699
80 132
80 1138
80 1043
80 348
80 919
80 376
80 724
80 1284
80 1188
80 428
80 82
80 529
80 189
80 554
80 1257
80 464
80 1128
80 1169
80 290
80 112
80 961
80 841
80 1346
80 936
80 1029
80 442
80 400
80 553
80 1363
80 1003
80 736
80 618
80 475
80 377
80 211
80 914
80 800
80 245
80 527
80 566
80 406
80 881
80 959
80 655
80 974
80 709
80 93
80 997
80 1394
80 1247
80 1370
80 109
80 1270
80 1010
80 796
80 70
80 903
80 635
80 1372
80 84
80 1397
80 679
80 45
80 828
80 703
80 458
80 661
80 694
80 1244
80 1349
80 1377
80 503
80 338
80 1234
80 364
80 88
80 1136
80 465
80 884
80 970
80 565
80 645
80 255
80 707
80 1170
80 349
80 601
80 424
80 788
80 1328
80 1230
80 1279
80 1080
80 789
80 371
80 472
80 1353
80 248
80 449
80 696
80 1075
80 191
80 804
80 1097
80 1387
80 779
80 803
80 1388
80 1195
80 770
80 146
80 739
80 705
80 1233
80 1160
80 1312
80 666
80 1264
80 799
80 315
80 216
80 296
80 571
80 468
80 1221
80 624
80 989
80 543
80 988
80 148
80 561
80 1165
80 1235
80 1220
80 1056
80 933
80 55
80 493
80 170
80 299
80 1330
80 722
80 1183
80 162
80 766
80 1365
80 105
80 1039
80 1223
80 25
80 249
80 660
80 659
80 721
80 683
80 820
80 1254
80 293
80 479
80 569
80 695
80 484
80 1178
80 35
80 345
80 1304
80 474
80 1356
80 1106
80 463
80 883
80 1389
80 1292
80 758
80 213
80 962
80 43
80 309
80 494
80 1351
80 1134
80 423
80 1231
80 1200
80 738
80 118
80 1390
80 186
80 929
80 977
80 94
80 797
80 921
80 128
80 873
80 1053
80 1180
80 288
80 1239
80 276
80 455
80 1184
80 628
80 304
80 97
80 1371
80 72
80 732
80 976
80 229
80 1201
80 991
80 24
80 131
80 1199
80 427
80 344
80 520
80 1300
80 160
80 826
80 101
80 1373
80 417
80 260
80 161
80 177
80 243
80 316
80 242
80 57
80 130
80 119
80 240
80 121
80 46
80 123
80 174
80 42
80 176
80 20
80 133
80 320
80 328
80 147
80 326
80 40
80 256
80 2
80 144
80 325
80 324
80 253
80 152
80 3
80 257
80 153
80 154
80 138
80 136
80 323
80 157
80 4
80 134
80 250
80 178
80 62
80 233
80 268
80 219
80 197
80 10
80 295
80 228
80 279
80 71
80 98
80 226
80 221
80 90
80 281
80 313
80 282
80 23
80 87
80 22
80 86
80 21
80 215
80 18
80 79
80 81
80 298
80 104
80 26
80 67
80 312
80 181
80 184
80 310
80 286
80 7
80 269
80 306
80 270
80 192
80 117
80 64
80 116
80 115
80 303
80 31
80 65
80 302
80 194
80 27
80 106
80 37
80 1400
80 331
80 1059
80 1050
80 1049
80 1048
80 1045
80 1044
80 1042
80 1041
80 1038
80 1037
80 1036
80 1031
80 1030
80 1027
80 996
80 995
80 994
80 993
80 1052
80 1060
80 864
80 1062
80 1123
80 1122
80 1120
80 1111
80 1109
80 1102
80 1099
80 1093
80 1091
80 1085
80 1081
80 1078
80 1072
80 1071
80 1070
80 1069
80 1068
80 992
80 983
80 975
80 973
80 926
80 922
80 920
80 915
80 913
80 910
80 909
80 908
80 901
80 898
80 891
80 890
80 888
80 887
80 885
80 880
80 871
80 931
80 932
80 935
80 955
80 971
80 967
80 966
80 965
80 964
80 963
80 957
80 954
80 937
80 953
80 951
80 949
80 948
80 944
80 941
80 938
80 1124
80 1125
80 1126
80 1249
80 1311
80 1309
80 1299
80 1296
80 1293
80 1288
80 1287
80 1286
80 1283
80 1282
80 1280
80 1277
80 1276
80 1267
80 1263
80 1255
80 1253
80 1315
80 1322
80 1326
80 1364
80 1398
80 1396
80 1393
80 1383
80 1381
80 1374
80 1369
80 1358
80 1327
80 1357
80 1350
80 1348
80 1344
80 1341
80 1338
80 1337
80 1251
80 1243
80 1130
80 1241
80 1187
80 1181
80 1177
80 1176
80 1173
80 1168
80 1166
80 1158
80 1157
80 1154
80 1152
80 1151
80 1146
80 1142
80 1135
80 1132
80 1131
80 1189
80 1190
80 1193
80 1217
80 1238
80 1237
80 1236
80 1232
80 1228
80 1227
80 1226
80 1215
80 1194
80 1213
80 1212
80 1208
80 1203
80 1202
80 1198
80 1196
80 865
80 863
80 332
80 502
80 496
80 495
80 490
80 489
80 488
80 487
80 483
80 477
80 471
80 469
80 462
80 457
80 456
80 450
80 448
80 447
80 446
80 497
80 504
80 862
80 506
80 560
80 559
80 555
80 550
80 549
80 547
80 534
80 533
80 531
80 528
80 526
80 524
80 519
80 515
80 514
80 511
80 508
80 445
80 440
80 439
80 437
80 386
80 384
80 383
80 382
80 380
80 378
80 362
80 361
80 358
80 355
80 353
80 351
80 350
80 340
80 339
80 334
80 333
80 387
80 388
80 389
80 414
80 436
80 430
80 429
80 426
80 420
80 419
80 418
80 409
80 392
80 408
80 407
80 405
80 402
80 396
80 394
80 393
80 562
80 568
80 570
80 754
80 823
80 821
80 819
80 818
80 817
80 816
80 802
80 795
80 793
80 778
80 774
80 771
80 769
80 764
80 763
80 761
80 760
80 824
80 825
80 827
80 849
80 858
80 857
80 856
80 855
80 854
80 853
80 850
80 846
80 830
80 842
80 839
80 838
80 835
80 834
80 832
80 831
80 757
80 747
80 573
80 744
80 667
80 664
80 663
80 649
80 643
80 630
80 629
80 611
80 610
80 607
80 596
80 591
80 589
80 588
80 578
80 576
80 574
80 669
80 670
80 672
80 706
80 742
80 741
80 740
80 737
80 729
80 718
80 713
80 1399
80 673
80 693
80 692
80 691
80 690
80 686
80 684
80 674
80 700
