81 714
81 631
81 203
81 672
81 799
81 755
81 594
81 1153
81 652
81 904
81 795
81 140
81 256
81 516
81 430
81 598
81 544
81 372
81 1142
81 809
81 876
81 1155
81 1074
81 431
81 535
81 752
81 1287
81 280
81 206
81 1354
81 312
81 249
81 608
81 185
81 609
81 468
81 1353
81 597
81 1336
81 602
81 634
81 1154
81 429
81 141
81 604
81 1290
81 671
81 245
81 679
81 78
81 264
81 470
81 1286
81 314
81 445
81 676
81 808
81 772
81 1163
81 247
81 603
81 196
81 1211
81 1158
81 171
81 265
81 230
81 184
81 76
81 182
81 575
81 311
81 553
81 42
81 514
81 1188
81 710
81 719
81 221
81 188
81 1066
81 252
81 1106
81 1305
81 154
81 38
81 800
81 1143
81 1062
81 109
81 382
81 316
81 179
81 1157
81 656
81 1204
81 899
81 530
81 612
81 295
81 434
81 65
81 790
81 1323
81 373
81 9
81 7
81 239
81 1243
81 278
81 1288
81 529
81 226
81 68
81 466
81 969
81 1318
81 1325
81 874
81 757
81 467
81 907
81 1001
81 215
81 856
81 293
81 1151
81 933
81 1350
81 722
81 991
81 1306
81 1229
81 377
81 37
81 205
81 596
81 1150
81 80
81 595
81 783
81 911
81 1231
81 776
81 84
81 1276
81 183
81 315
81 1351
81 747
81 1170
81 812
81 1303
81 700
81 1281
81 40
81 272
81 100
81 662
81 244
81 869
81 999
81 49
81 212
81 428
81 364
81 725
81 709
81 8
81 1297
81 628
81 775
81 751
81 1076
81 1341
81 1212
81 242
81 283
81 1378
81 1162
81 569
81 903
81 1269
81 1086
81 701
81 1248
81 1274
81 689
81 924
81 442
81 1220
81 1395
81 1313
81 1246
81 486
81 201
81 1250
81 362
81 746
81 1319
81 148
81 798
81 1206
81 94
81 107
81 1104
81 1342
81 1380
81 99
81 987
81 1301
81 469
81 198
81 1368
81 655
81 416
81 1309
81 1092
81 1272
81 750
81 663
81 1324
81 625
81 1186
81 998
81 1218
81 941
81 199
81 548
81 1215
81 131
81 665
81 284
81 440
81 81
81 567
81 1004
81 944
81 927
81 474
81 583
81 25
81 487
81 1333
81 1223
81 1356
81 1270
81 673
81 287
81 1087
81 1003
81 963
81 511
81 698
81 126
81 158
81 787
81 792
81 298
81 443
81 754
81 1259
81 4
81 960
81 1002
81 419
81 301
81 86
81 1230
81 134
81 749
81 368
81 1083
81 259
81 197
81 894
81 5
81 814
81 418
81 693
81 1349
81 1328
81 1302
81 1338
81 275
81 571
81 202
81 760
81 1007
81 1149
81 291
81 687
81 975
81 1213
81 794
81 336
81 123
81 1235
81 381
81 842
81 1299
81 458
81 559
81 2
81 660
81 304
81 1006
81 527
81 174
81 1382
81 213
81 363
81 1339
81 1184
81 1095
81 1253
81 228
81 1179
81 721
81 638
81 162
81 667
81 1108
81 409
81 1081
81 705
81 940
81 1296
81 292
81 207
81 981
81 637
81 1192
81 472
81 577
81 859
81 1261
81 797
81 1331
81 563
81 217
81 1201
81 1105
81 1195
81 826
81 6
81 277
81 526
81 413
81 484
81 572
81 167
81 1232
81 15
81 695
81 210
81 962
81 496
81 620
81 380
81 610
81 748
81 1304
81 30
81 522
81 60
81 18
81 1181
81 1100
81 499
81 404
81 52
81 1245
81 1241
81 702
81 118
81 916
81 186
81 1393
81 872
81 972
81 204
81 961
81 1072
81 573
81 977
81 970
81 133
81 1115
81 433
81 990
81 593
81 982
81 20
81 1207
81 426
81 504
81 91
81 128
81 1366
81 1370
81 830
81 1182
81 651
81 1329
81 1244
81 801
81 980
81 574
81 51
81 1160
81 579
81 406
81 601
81 170
81 455
81 177
81 300
81 395
81 542
81 97
81 59
81 779
81 453
81 1344
81 1224
81 1381
81 1082
81 1225
81 1310
81 427
81 624
81 73
81 173
81 753
81 160
81 1277
81 696
81 1061
81 33
81 1291
81 773
81 14
81 417
81 89
81 10
81 11
81 465
81 452
81 64
81 457
81 66
81 16
81 454
81 12
81 460
81 463
81 63
81 462
81 461
81 552
81 13
81 62
81 459
81 464
81 555
81 61
81 554
81 451
81 456
81 515
81 450
81 82
81 561
81 562
81 432
81 75
81 77
81 564
81 79
81 83
81 556
81 565
81 566
81 85
81 568
81 3
81 87
81 88
81 74
81 560
81 558
81 435
81 557
81 449
81 448
81 447
81 446
81 444
81 69
81 441
81 70
81 71
81 72
81 439
81 438
81 437
81 436
81 67
81 551
81 58
81 27
81 531
81 508
81 532
81 533
81 534
81 507
81 24
81 506
81 90
81 43
81 536
81 503
81 502
81 501
81 537
81 500
81 23
81 498
81 497
81 26
81 41
81 57
81 528
81 32
81 517
81 29
81 34
81 518
81 513
81 35
81 512
81 519
81 28
81 520
81 36
81 521
81 510
81 523
81 524
81 509
81 525
81 39
81 538
81 44
81 539
81 22
81 483
81 482
81 481
81 480
81 19
81 479
81 478
81 550
81 477
81 17
81 53
81 476
81 475
81 54
81 55
81 473
81 31
81 471
81 56
81 549
81 547
81 50
81 491
81 495
81 494
81 45
81 540
81 493
81 541
81 492
81 46
81 490
81 48
81 543
81 489
81 488
81 21
81 545
81 47
81 546
81 485
81 505
81 181
81 425
81 135
81 137
81 270
81 269
81 268
81 267
81 266
81 138
81 139
81 263
81 262
81 261
81 260
81 142
81 258
81 257
81 143
81 255
81 254
81 253
81 144
81 251
81 250
81 145
81 248
81 146
81 136
81 271
81 305
81 132
81 302
81 119
81 299
81 120
81 297
81 296
81 121
81 122
81 294
81 290
81 124
81 289
81 288
81 286
81 285
81 125
81 127
81 282
81 570
81 129
81 279
81 130
81 276
81 274
81 273
81 246
81 147
81 243
81 149
81 211
81 209
81 208
81 159
81 161
81 163
81 164
81 165
81 166
81 200
81 168
81 169
81 172
81 195
81 194
81 193
81 192
81 191
81 190
81 189
81 175
81 176
81 187
81 178
81 180
81 157
81 156
81 214
81 229
81 241
81 240
81 238
81 237
81 236
81 235
81 234
81 233
81 232
81 231
81 150
81 227
81 155
81 151
81 225
81 224
81 223
81 222
81 152
81 220
81 219
81 218
81 153
81 216
81 303
81 306
81 424
81 390
81 388
81 387
81 386
81 385
81 384
81 383
81 96
81 379
81 378
81 376
81 375
81 374
81 98
81 371
81 370
81 369
81 101
81 102
81 367
81 366
81 365
81 103
81 104
81 105
81 361
81 389
81 391
81 307
81 392
81 423
81 422
81 421
81 420
81 92
81 93
81 95
81 415
81 414
81 412
81 411
81 410
81 408
81 407
81 405
81 403
81 402
81 401
81 400
81 399
81 398
81 397
81 396
81 394
81 393
81 360
81 359
81 358
81 357
81 331
81 330
81 329
81 328
81 327
81 326
81 325
81 324
81 323
81 112
81 322
81 321
81 320
81 319
81 318
81 113
81 317
81 114
81 115
81 313
81 116
81 117
81 310
81 309
81 308
81 332
81 333
81 334
81 345
81 356
81 355
81 354
81 353
81 352
81 351
81 350
81 349
81 348
81 347
81 346
81 344
81 335
81 343
81 342
81 341
81 106
81 108
81 340
81 339
81 110
81 338
81 337
81 111
81 281
81 1400
81 576
81 1107
81 1097
81 1098
81 1099
81 1101
81 1102
81 1103
81 1109
81 1094
81 1110
81 1111
81 1112
81 1113
81 1114
81 1116
81 1096
81 1093
81 1118
81 1078
81 1069
81 1070
81 1071
81 1073
81 1075
81 1077
81 1079
81 1091
81 1080
81 1084
81 1085
81 1088
81 1089
81 1090
81 1117
81 1119
81 979
81 1147
81 1139
81 1140
81 1141
81 1144
81 1145
81 1146
81 1148
81 1137
81 1152
81 1156
81 1159
81 1161
81 1164
81 1165
81 1138
81 1136
81 1120
81 1127
81 1121
81 1122
81 1123
81 1124
81 1125
81 1126
81 1128
81 1135
81 1129
81 1130
81 1131
81 1132
81 1133
81 1134
81 1068
81 1067
81 1065
81 1019
81 1013
81 1014
81 1015
81 1016
81 1017
81 1018
81 1020
81 1011
81 1021
81 1022
81 1023
81 1024
81 1025
81 1026
81 1012
81 1010
81 1064
81 993
81 984
81 985
81 986
81 988
81 989
81 992
81 994
81 1009
81 995
81 996
81 997
81 1000
81 1005
81 1008
81 1027
81 1028
81 1029
81 1054
81 1048
81 1049
81 1050
81 1051
81 1052
81 1053
81 1055
81 1030
81 1056
81 1057
81 1058
81 1059
81 1060
81 1063
81 1047
81 1046
81 1045
81 1044
81 1043
81 1042
81 1041
81 1040
81 1039
81 1038
81 1037
81 1036
81 1035
81 1034
81 1033
81 1032
81 1031
81 1166
81 1167
81 1168
81 1335
81 1322
81 1326
81 1327
81 1330
81 1332
81 1334
81 1337
81 1320
81 1340
81 1343
81 1345
81 1346
81 1347
81 1348
81 1321
81 1317
81 1283
81 1298
81 1285
81 1289
81 1292
81 1293
81 1294
81 1295
81 1300
81 1316
81 1307
81 1308
81 1311
81 1312
81 1314
81 1315
81 1352
81 1355
81 1357
81 1389
81 1383
81 1384
81 1385
81 1386
81 1387
81 1388
81 1390
81 1358
81 1391
81 1392
81 1394
81 1396
81 1397
81 1398
81 1379
81 1377
81 1376
81 1375
81 1374
81 1373
81 1372
81 1371
81 1369
81 1367
81 1365
81 1364
81 1363
81 1362
81 1361
81 1360
81 1359
81 1284
81 1282
81 1169
81 1205
81 1197
81 1198
81 1199
81 1200
81 1202
81 1203
81 1208
81 1194
81 1209
81 1210
81 1214
81 1216
81 1217
81 1219
81 1196
81 1193
81 1280
81 1177
81 1171
81 1172
81 1173
81 1174
81 1175
81 1176
81 1178
81 1191
81 1180
81 1183
81 1185
81 1187
81 1189
81 1190
81 1221
81 1222
81 1226
81 1266
81 1258
81 1260
81 1262
81 1263
81 1264
81 1265
81 1267
81 1227
81 1268
81 1271
81 1273
81 1275
81 1278
81 1279
81 1257
81 1256
81 1255
81 1254
81 1252
81 1251
81 1249
81 1247
81 1242
81 1240
81 1239
81 1238
81 1237
81 1236
81 1234
81 1233
81 1228
81 983
81 978
81 578
81 728
81 718
81 720
81 723
81 724
81 726
81 727
81 729
81 716
81 730
81 731
81 732
81 733
81 734
81 735
81 717
81 715
81 737
81 1399
81 690
81 691
81 692
81 694
81 697
81 699
81 703
81 713
81 704
81 706
81 707
81 708
81 711
81 712
81 736
81 738
81 976
81 781
81 770
81 771
81 774
81 777
81 778
81 780
81 782
81 768
81 784
81 785
81 786
81 788
81 789
81 791
81 769
81 767
81 739
81 756
81 740
81 741
81 742
81 743
81 744
81 745
81 758
81 766
81 759
81 761
81 762
81 763
81 764
81 765
81 688
81 686
81 685
81 619
81 613
81 614
81 615
81 616
81 617
81 618
81 621
81 607
81 622
81 623
81 626
81 627
81 629
81 630
81 611
81 606
81 684
81 587
81 580
81 581
81 582
81 584
81 585
81 586
81 588
81 605
81 589
81 590
81 591
81 592
81 599
81 600
81 632
81 633
81 635
81 674
81 661
81 664
81 666
81 668
81 669
81 670
81 675
81 636
81 677
81 678
81 680
81 681
81 682
81 683
81 659
81 658
81 657
81 654
81 653
81 650
81 649
81 648
81 647
81 646
81 645
81 644
81 643
81 642
81 641
81 640
81 639
81 793
81 796
81 802
81 919
81 912
81 913
81 914
81 915
81 917
81 918
81 920
81 909
81 921
81 922
81 923
81 925
81 926
81 928
81 910
81 908
81 886
81 895
81 888
81 889
81 890
81 891
81 892
81 893
81 896
81 906
81 897
81 898
81 900
81 901
81 902
81 905
81 929
81 930
81 931
81 964
81 954
81 955
81 956
81 957
81 958
81 959
81 965
81 932
81 966
81 967
81 968
81 971
81 973
81 974
81 953
81 952
81 951
81 950
81 949
81 948
81 947
81 946
81 945
81 943
81 942
81 939
81 938
81 937
81 936
81 935
81 934
81 887
81 885
81 803
81 834
81 827
81 828
81 829
81 831
81 832
81 833
81 835
81 824
81 836
81 837
81 838
81 839
81 840
81 841
81 825
81 823
81 884
81 813
81 804
81 805
81 806
81 807
81 810
81 811
81 815
81 822
81 816
81 817
81 818
81 819
81 820
81 821
81 843
81 844
81 845
81 875
81 866
81 867
81 868
81 870
81 871
81 873
81 877
81 846
81 878
81 879
81 880
81 881
81 882
81 883
81 865
81 864
81 863
81 862
81 861
81 860
81 858
81 857
81 855
81 854
81 853
81 852
81 851
81 850
81 849
81 848
81 847
81 1
