82 678
82 1334
82 676
82 1339
82 465
82 247
82 632
82 1332
82 250
82 1289
82 206
82 698
82 781
82 674
82 1343
82 677
82 1075
82 924
82 203
82 637
82 420
82 783
82 1062
82 680
82 204
82 699
82 683
82 470
82 803
82 1246
82 671
82 503
82 1074
82 704
82 920
82 1
82 811
82 288
82 712
82 1306
82 638
82 794
82 1229
82 779
82 652
82 775
82 279
82 1337
82 1266
82 498
82 752
82 433
82 52
82 923
82 226
82 415
82 287
82 901
82 793
82 147
82 921
82 1006
82 700
82 797
82 200
82 701
82 1280
82 1080
82 918
82 252
82 1243
82 1084
82 1188
82 231
82 1262
82 235
82 315
82 792
82 1336
82 1390
82 225
82 545
82 748
82 757
82 360
82 705
82 681
82 633
82 791
82 1331
82 795
82 246
82 1384
82 311
82 435
82 1333
82 273
82 379
82 1290
82 227
82 900
82 927
82 222
82 95
82 601
82 879
82 467
82 205
82 38
82 243
82 443
82 917
82 679
82 1234
82 600
82 230
82 187
82 702
82 234
82 289
82 146
82 468
82 336
82 464
82 292
82 1385
82 445
82 535
82 395
82 1328
82 561
82 1239
82 916
82 801
82 1382
82 1261
82 39
82 798
82 1009
82 809
82 682
82 612
82 977
82 675
82 669
82 513
82 784
82 373
82 1231
82 782
82 990
82 369
82 1218
82 1222
82 1256
82 1248
82 60
82 1092
82 1186
82 58
82 547
82 97
82 919
82 770
82 1352
82 316
82 1073
82 194
82 264
82 318
82 312
82 431
82 335
82 708
82 56
82 898
82 69
82 877
82 1380
82 780
82 1386
82 484
82 266
82 1192
82 1224
82 1090
82 1076
82 232
82 307
82 213
82 193
82 1393
82 409
82 31
82 249
82 514
82 774
82 86
82 711
82 248
82 692
82 109
82 668
82 685
82 49
82 1151
82 1301
82 1362
82 427
82 466
82 749
82 1340
82 626
82 1108
82 74
82 1338
82 455
82 295
82 647
82 459
82 971
82 673
82 1225
82 1367
82 512
82 525
82 229
82 261
82 13
82 472
82 860
82 789
82 624
82 1341
82 370
82 1182
82 413
82 1207
82 695
82 363
82 814
82 703
82 1287
82 432
82 1124
82 686
82 458
82 1377
82 497
82 1342
82 539
82 567
82 557
82 1271
82 672
82 709
82 1106
82 574
82 211
82 1233
82 556
82 796
82 1281
82 745
82 183
82 1219
82 492
82 192
82 469
82 696
82 1199
82 381
82 358
82 54
82 209
82 173
82 1183
82 1348
82 520
82 1164
82 1303
82 694
82 217
82 903
82 30
82 1083
82 63
82 1197
82 407
82 453
82 1366
82 411
82 943
82 1089
82 501
82 974
82 1274
82 428
82 989
82 333
82 1158
82 762
82 1255
82 278
82 372
82 324
82 1216
82 546
82 442
82 1155
82 1373
82 1285
82 706
82 35
82 85
82 224
82 452
82 1213
82 758
82 202
82 562
82 176
82 662
82 987
82 1205
82 579
82 543
82 341
82 1195
82 449
82 1276
82 283
82 1105
82 1325
82 929
82 91
82 687
82 651
82 154
82 1265
82 404
82 1091
82 375
82 37
82 659
82 347
82 284
82 352
82 693
82 1305
82 922
82 48
82 902
82 122
82 808
82 980
82 440
82 1107
82 564
82 1288
82 836
82 959
82 970
82 537
82 314
82 785
82 188
82 195
82 15
82 306
82 739
82 1319
82 1198
82 1329
82 1064
82 4
82 386
82 1375
82 1324
82 665
82 105
82 1344
82 593
82 94
82 461
82 313
82 111
82 416
82 747
82 1220
82 1291
82 175
82 1310
82 294
82 277
82 1154
82 644
82 179
82 494
82 991
82 70
82 599
82 1237
82 590
82 586
82 19
82 631
82 1374
82 1193
82 473
82 829
82 345
82 1259
82 1179
82 771
82 984
82 540
82 755
82 768
82 1359
82 1112
82 1003
82 602
82 475
82 57
82 1295
82 191
82 1010
82 41
82 474
82 660
82 689
82 434
82 410
82 216
82 799
82 1347
82 1184
82 378
82 77
82 572
82 816
82 1258
82 1368
82 655
82 1221
82 257
82 1383
82 423
82 23
82 240
82 80
82 398
82 538
82 1150
82 657
82 115
82 569
82 1169
82 137
82 1238
82 628
82 430
82 516
82 895
82 1128
82 362
82 131
82 441
82 773
82 1267
82 385
82 905
82 163
82 78
82 945
82 1277
82 1360
82 189
82 59
82 1330
82 1302
82 487
82 1294
82 1208
82 530
82 1137
82 50
82 1162
82 1190
82 654
82 896
82 258
82 767
82 1054
82 197
82 985
82 880
82 753
82 1297
82 1304
82 399
82 1138
82 148
82 874
82 165
82 319
82 76
82 845
82 265
82 17
82 643
82 300
82 160
82 1159
82 872
82 170
82 1132
82 772
82 610
82 1170
82 33
82 527
82 245
82 310
82 1230
82 340
82 1253
82 1245
82 89
82 274
82 581
82 101
82 634
82 159
82 1235
82 894
82 164
82 861
82 489
82 1157
82 3
82 322
82 14
82 636
82 1144
82 1355
82 383
82 1365
82 1110
82 950
82 1086
82 580
82 544
82 1283
82 207
82 1185
82 1272
82 735
82 376
82 1345
82 118
82 962
82 595
82 1250
82 656
82 666
82 1200
82 304
82 25
82 155
82 904
82 571
82 549
82 1398
82 975
82 351
82 713
82 444
82 377
82 1371
82 478
82 907
82 1354
82 251
82 1032
82 280
82 812
82 802
82 536
82 460
82 262
82 1087
82 103
82 899
82 521
82 575
82 346
82 456
82 305
82 1353
82 1298
82 843
82 123
82 1273
82 592
82 1307
82 736
82 276
82 364
82 371
82 688
82 1318
82 604
82 1163
82 36
82 815
82 1040
82 421
82 325
82 1175
82 309
82 486
82 818
82 426
82 691
82 893
82 1388
82 1269
82 641
82 1066
82 869
82 806
82 299
82 522
82 267
82 120
82 938
82 1263
82 145
82 182
82 1019
82 933
82 531
82 790
82 447
82 500
82 259
82 1242
82 135
82 242
82 438
82 887
82 608
82 690
82 1260
82 338
82 1202
82 241
82 1320
82 1148
82 1115
82 559
82 788
82 1133
82 327
82 553
82 504
82 611
82 820
82 523
82 1217
82 1094
82 1081
82 582
82 714
82 196
82 983
82 994
82 625
82 301
82 754
82 1312
82 219
82 291
82 393
82 958
82 941
82 853
82 966
82 750
82 1043
82 210
82 889
82 650
82 883
82 566
82 630
82 138
82 253
82 734
82 308
82 1346
82 988
82 1093
82 1082
82 1378
82 613
82 1264
82 454
82 635
82 1072
82 1061
82 1284
82 112
82 606
82 297
82 1223
82 1095
82 275
82 1122
82 1299
82 1241
82 1381
82 1372
82 1254
82 1111
82 526
82 99
82 1180
82 361
82 952
82 42
82 532
82 1268
82 208
82 7
82 1296
82 186
82 93
82 1275
82 1191
82 986
82 132
82 563
82 981
82 982
82 928
82 597
82 1125
82 1315
82 629
82 1063
82 317
82 1178
82 339
82 1168
82 128
82 960
82 998
82 150
82 554
82 616
82 1313
82 873
82 710
82 1160
82 329
82 417
82 212
82 996
82 1209
82 529
82 43
82 439
82 343
82 972
82 1149
82 756
82 169
82 1147
82 260
82 964
82 18
82 720
82 1356
82 831
82 849
82 199
82 167
82 84
82 565
82 332
82 254
82 125
82 1053
82 491
82 658
82 1181
82 296
82 82
82 337
82 550
82 9
82 114
82 965
82 326
82 833
82 457
82 394
82 365
82 178
82 1212
82 121
82 144
82 807
82 451
82 496
82 490
82 1077
82 126
82 384
82 892
82 969
82 389
82 935
82 947
82 6
82 1024
82 534
82 45
82 576
82 979
82 507
82 90
82 1228
82 272
82 55
82 926
82 298
82 607
82 1391
82 180
82 805
82 141
82 236
82 397
82 583
82 844
82 1039
82 777
82 139
82 719
82 133
82 584
82 26
82 1232
82 244
82 508
82 551
82 866
82 1139
82 800
82 237
82 98
82 331
82 648
82 751
82 181
82 32
82 733
82 1187
82 726
82 401
82 201
82 477
82 2
82 418
82 1088
82 223
82 910
82 1249
82 134
82 1021
82 342
82 256
82 1142
82 1104
82 1007
82 47
82 717
82 577
82 382
82 730
82 967
82 609
82 951
82 1011
82 1211
82 646
82 29
82 1118
82 28
82 73
82 270
82 1236
82 1210
82 934
82 1240
82 949
82 96
82 106
82 653
82 1098
82 425
82 1055
82 27
82 542
82 1002
82 1143
82 1166
82 1189
82 721
82 1204
82 1394
82 388
82 1161
82 619
82 573
82 34
82 488
82 387
82 162
82 1194
82 1326
82 1252
82 1314
82 955
82 716
82 1000
82 117
82 766
82 925
82 842
82 912
82 269
82 541
82 850
82 1399
82 88
82 359
82 1282
82 367
82 1323
82 174
82 1196
82 40
82 233
82 881
82 344
82 285
82 642
82 482
82 509
82 930
82 761
82 268
82 228
82 1153
82 1140
82 124
82 1097
82 1309
82 136
82 740
82 1203
82 330
82 356
82 1257
82 978
82 450
82 113
82 495
82 157
82 743
82 663
82 725
82 480
82 1130
82 302
82 510
82 321
82 841
82 1029
82 65
82 22
82 116
82 1068
82 400
82 485
82 533
82 769
82 1145
82 290
82 218
82 392
82 72
82 142
82 568
82 718
82 1051
82 1078
82 1392
82 878
82 374
82 1038
82 1316
82 483
82 1215
82 765
82 129
82 354
82 151
82 62
82 87
82 481
82 868
82 61
82 1397
82 24
82 1244
82 667
82 81
82 963
82 1005
82 166
82 1172
82 1321
82 661
82 161
82 884
82 1327
82 1400
82 911
82 424
82 21
82 1165
82 622
82 1004
82 992
82 744
82 263
82 558
82 1387
82 824
82 190
82 185
82 1014
82 108
82 68
82 1047
82 422
82 1270
82 357
82 493
82 906
82 1028
82 585
82 787
82 867
82 366
82 511
82 852
82 961
82 839
82 127
82 851
82 1141
82 518
82 591
82 942
82 293
82 328
82 479
82 588
82 239
82 1363
82 323
82 1351
82 102
82 1129
82 968
82 220
82 1370
82 570
82 390
82 463
82 640
82 53
82 746
82 1227
82 92
82 915
82 221
82 368
82 1389
82 1136
82 813
82 1349
82 168
82 12
82 589
82 993
82 722
82 1085
82 349
82 303
82 623
82 1117
82 738
82 837
82 119
82 1127
82 1361
82 940
82 1059
82 560
82 817
82 707
82 578
82 149
82 1056
82 587
82 944
82 939
82 1113
82 16
82 1119
82 528
82 1379
82 391
82 380
82 822
82 402
82 732
82 731
82 214
82 110
82 827
82 627
82 348
82 198
82 171
82 184
82 64
82 1300
82 697
82 100
82 1035
82 826
82 976
82 1247
82 1251
82 152
82 51
82 1278
82 406
82 140
82 857
82 1156
82 334
82 177
82 856
82 1322
82 825
82 44
82 603
82 1201
82 1121
82 20
82 1173
82 471
82 1120
82 909
82 931
82 932
82 823
82 1226
82 954
82 953
82 1123
82 1171
82 1174
82 1135
82 1358
82 786
82 914
82 741
82 598
82 1214
82 5
82 596
82 742
82 548
82 8
82 10
82 476
82 594
82 888
82 957
82 11
82 913
82 130
82 956
82 1177
82 1176
82 1335
82 821
82 804
82 499
82 66
82 67
82 759
82 948
82 505
82 71
82 897
82 502
82 1131
82 1146
82 760
82 79
82 946
82 83
82 763
82 1134
82 891
82 764
82 506
82 515
82 819
82 776
82 1126
82 1167
82 908
82 107
82 778
82 524
82 104
82 936
82 1364
82 1206
82 46
82 937
82 810
82 890
82 519
82 1152
82 1357
82 517
82 75
82 1100
82 462
82 854
82 1050
82 286
82 1292
82 871
82 1049
82 1048
82 855
82 1042
82 1376
82 1046
82 670
82 1008
82 1045
82 1044
82 282
82 281
82 1052
82 1293
82 552
82 848
82 1057
82 684
82 271
82 396
82 403
82 1058
82 847
82 1060
82 846
82 405
82 1350
82 870
82 1041
82 143
82 1027
82 645
82 864
82 865
82 1018
82 1279
82 649
82 1026
82 1012
82 1025
82 350
82 1023
82 353
82 1020
82 355
82 1030
82 1031
82 863
82 1017
82 862
82 859
82 1016
82 858
82 1033
82 1034
82 1015
82 320
82 664
82 1036
82 1286
82 1037
82 1013
82 1001
82 408
82 255
82 1099
82 1102
82 1101
82 729
82 1022
82 728
82 727
82 617
82 840
82 1317
82 618
82 620
82 1096
82 621
82 437
82 615
82 1103
82 172
82 446
82 614
82 448
82 973
82 1109
82 605
82 1114
82 158
82 156
82 885
82 1116
82 153
82 886
82 737
82 724
82 723
82 436
82 875
82 1065
82 838
82 1067
82 1369
82 639
82 999
82 412
82 1069
82 1070
82 238
82 414
82 835
82 1071
82 997
82 834
82 882
82 832
82 419
82 1308
82 876
82 1079
82 995
82 1311
82 830
82 828
82 215
82 715
82 429
82 1395
82 1396
82 555
