84 294
84 21
84 522
84 398
84 873
84 378
84 142
84 554
84 19
84 959
84 872
84 36
84 1281
84 55
84 120
84 1386
84 435
84 546
84 555
84 861
84 1104
84 17
84 1192
84 283
84 135
84 122
84 539
84 662
84 145
84 1185
84 606
84 337
84 1393
84 651
84 666
84 564
84 295
84 559
84 98
84 232
84 154
84 72
84 981
84 661
84 538
84 50
84 101
84 553
84 376
84 1263
84 688
84 1106
84 1310
84 343
84 633
84 348
84 1307
84 789
84 962
84 347
84 784
84 261
84 240
84 1241
84 1366
84 1214
84 1301
84 461
84 689
84 95
84 1324
84 980
84 1336
84 406
84 269
84 983
84 1213
84 1107
84 655
84 1264
84 336
84 23
84 49
84 623
84 1161
84 354
84 550
84 387
84 418
84 753
84 923
84 813
84 978
84 1070
84 369
84 1076
84 1262
84 575
84 306
84 344
84 671
84 626
84 1268
84 305
84 1222
84 45
84 44
84 1323
84 204
84 54
84 1394
84 1224
84 93
84 927
84 566
84 1182
84 370
84 186
84 1179
84 1236
84 1140
84 670
84 81
84 84
84 528
84 960
84 1112
84 1073
84 503
84 258
84 124
84 1105
84 1231
84 37
84 339
84 657
84 360
84 1002
84 342
84 254
84 96
84 137
84 329
84 509
84 131
84 489
84 754
84 1355
84 498
84 260
84 318
84 395
84 325
84 525
84 352
84 500
84 257
84 526
84 385
84 493
84 24
84 202
84 366
84 803
84 658
84 1282
84 592
84 1275
84 809
84 74
84 5
84 433
84 293
84 1207
84 333
84 1331
84 1066
84 924
84 947
84 102
84 1375
84 303
84 798
84 6
84 292
84 668
84 481
84 584
84 999
84 358
84 646
84 1197
84 1328
84 1219
84 307
84 353
84 338
84 1379
84 13
84 207
84 291
84 925
84 934
84 1259
84 1244
84 982
84 66
84 438
84 536
84 1188
84 899
84 193
84 163
84 1391
84 963
84 524
84 414
84 1200
84 1343
84 1348
84 996
84 381
84 514
84 148
84 28
84 557
84 421
84 497
84 123
84 1395
84 273
84 364
84 921
84 585
84 310
84 992
84 51
84 1040
84 410
84 1184
84 1148
84 610
84 571
84 1006
84 560
84 1311
84 423
84 94
84 1381
84 297
84 572
84 332
84 1367
84 326
84 967
84 89
84 1058
84 158
84 267
84 270
84 1368
84 71
84 1261
84 1159
84 717
84 160
84 315
84 266
84 144
84 635
84 1061
84 808
84 365
84 346
84 1287
84 558
84 966
84 579
84 537
84 1032
84 609
84 544
84 1147
84 775
84 877
84 540
84 1149
84 563
84 181
84 976
84 1228
84 16
84 1300
84 335
84 710
84 61
84 459
84 567
84 1258
84 314
84 127
84 241
84 979
84 20
84 898
84 9
84 29
84 1333
84 206
84 77
84 287
84 801
84 1108
84 189
84 375
84 535
84 690
84 523
84 1220
84 491
84 1250
84 350
84 413
84 455
84 12
84 1297
84 274
84 1260
84 234
84 628
84 759
84 441
84 508
84 860
84 530
84 231
84 268
84 62
84 656
84 396
84 73
84 1019
84 936
84 1377
84 565
84 944
84 1248
84 125
84 230
84 159
84 436
84 1215
84 680
84 248
84 1209
84 1305
84 634
84 625
84 185
84 1352
84 33
84 1174
84 467
84 1237
84 14
84 399
84 938
84 1212
84 320
84 187
84 134
84 1255
84 935
84 1274
84 756
84 475
84 494
84 165
84 69
84 242
84 490
84 1117
84 1059
84 106
84 88
84 456
84 277
84 468
84 683
84 1283
84 814
84 1319
84 629
84 1226
84 25
84 574
84 85
84 886
84 1315
84 115
84 549
84 527
84 1246
84 547
84 580
84 884
84 719
84 377
84 383
84 882
84 912
84 665
84 541
84 1083
84 386
84 237
84 773
84 869
84 373
84 300
84 382
84 203
84 420
84 170
84 1153
84 973
84 27
84 1382
84 229
84 328
84 97
84 1289
84 1124
84 372
84 715
84 371
84 1325
84 1087
84 356
84 1309
84 1195
84 119
84 59
84 272
84 486
84 247
84 485
84 501
84 1204
84 191
84 271
84 611
84 534
84 182
84 749
84 783
84 317
84 1345
84 939
84 466
84 164
84 1339
84 70
84 35
84 1304
84 432
84 937
84 91
84 452
84 1225
84 943
84 146
84 1191
84 487
84 570
84 304
84 173
84 630
84 1180
84 4
84 1332
84 1240
84 1384
84 907
84 513
84 52
84 815
84 1335
84 7
84 622
84 1053
84 151
84 196
84 469
84 407
84 161
84 113
84 1239
84 428
84 22
84 542
84 211
84 1158
84 415
84 279
84 1005
84 238
84 1245
84 942
84 1084
84 909
84 1385
84 531
84 446
84 1272
84 265
84 748
84 1099
84 458
84 906
84 1318
84 1278
84 920
84 243
84 470
84 60
84 608
84 443
84 1187
84 1074
84 1390
84 687
84 1193
84 772
84 99
84 940
84 1354
84 802
84 878
84 1004
84 712
84 1294
84 477
84 465
84 476
84 222
84 556
84 192
84 434
84 974
84 111
84 922
84 915
84 330
84 781
84 216
84 1247
84 767
84 235
84 930
84 576
84 473
84 391
84 1243
84 577
84 1217
84 916
84 1001
84 110
84 892
84 32
84 1007
84 105
84 1072
84 1302
84 141
84 334
84 1334
84 1351
84 707
84 600
84 1306
84 1221
84 990
84 47
84 197
84 811
84 1183
84 972
84 349
84 875
84 991
84 289
84 195
84 1000
84 984
84 1374
84 253
84 594
84 1216
84 133
84 868
84 652
84 685
84 225
84 933
84 153
84 1198
84 746
84 817
84 1321
84 1062
84 457
84 1254
84 80
84 179
84 121
84 1373
84 379
84 217
84 599
84 205
84 667
84 1295
84 1380
84 453
84 917
84 859
84 56
84 1016
84 437
84 184
84 816
84 341
84 788
84 492
84 993
84 1279
84 40
84 945
84 640
84 632
84 188
84 340
84 355
84 447
84 177
84 768
84 11
84 1178
84 43
84 390
84 30
84 1320
84 1340
84 367
84 582
84 2
84 1211
84 262
84 1253
84 1008
84 404
84 1312
84 1235
84 605
84 472
84 1365
84 256
84 417
84 734
84 1090
84 479
84 569
84 218
84 552
84 34
84 1199
84 562
84 586
84 1088
84 474
84 1100
84 601
84 701
84 155
84 792
84 1151
84 1298
84 362
84 1080
84 264
84 876
84 128
84 711
84 233
84 645
84 931
84 3
84 322
84 1371
84 209
84 48
84 616
84 1077
84 411
84 745
84 1362
84 63
84 1110
84 896
84 1086
84 1230
84 728
84 994
84 172
84 126
84 1141
84 1196
84 118
84 1029
84 397
84 228
84 785
84 284
84 82
84 518
84 660
84 296
84 682
84 951
84 282
84 587
84 1171
84 780
84 704
84 252
84 1364
84 460
84 251
84 604
84 521
84 244
84 384
84 1353
84 705
84 495
84 1109
84 1143
84 1341
84 1342
84 109
84 1154
84 1205
84 76
84 1392
84 1359
84 529
84 309
84 1075
84 323
84 1330
84 901
84 989
84 791
84 957
84 1097
84 174
84 156
84 918
84 1051
84 299
84 259
84 790
84 602
84 1234
84 1266
84 1361
84 1372
84 464
84 87
84 351
84 659
84 642
84 103
84 1194
84 975
84 1238
84 1369
84 1145
84 138
84 797
84 902
84 774
84 327
84 708
84 1326
84 794
84 1131
84 1133
84 603
84 894
84 401
84 136
84 68
84 1347
84 1081
84 168
84 698
84 1383
84 58
84 1208
84 1270
84 301
84 568
84 393
84 946
84 770
84 941
84 1233
84 15
84 747
84 311
84 245
84 1009
84 919
84 639
84 1098
84 985
84 987
84 308
84 988
84 1082
84 849
84 1114
84 1284
84 900
84 454
84 1003
84 1157
84 1
84 427
84 806
84 1296
84 1223
84 714
84 650
84 140
84 403
84 255
84 624
84 57
84 720
84 1242
84 227
84 532
84 1115
84 1164
84 812
84 627
84 166
84 969
84 647
84 1068
84 676
84 1360
84 857
84 986
84 463
84 638
84 845
84 598
84 597
84 440
84 1063
84 8
84 162
84 664
84 499
84 409
84 998
84 150
84 782
84 1344
84 702
84 829
84 1314
84 1177
84 1356
84 865
84 1015
84 439
84 65
84 1201
84 1010
84 18
84 677
84 167
84 1350
84 593
84 1181
84 654
84 357
84 100
84 1096
84 1111
84 965
84 1128
84 506
84 1218
84 833
84 394
84 1057
84 442
84 644
84 760
84 451
84 678
84 302
84 169
84 389
84 588
84 723
84 977
84 39
84 278
84 507
84 1156
84 669
84 298
84 431
84 607
84 180
84 706
84 236
84 583
84 777
84 199
84 313
84 752
84 430
84 26
84 1054
84 1232
84 1267
84 716
84 1047
84 551
84 1139
84 648
84 751
84 219
84 201
84 1273
84 1303
84 223
84 810
84 1064
84 1249
84 1346
84 1137
84 793
84 1142
84 637
84 363
84 730
84 480
84 695
84 321
84 1256
84 1210
84 771
84 949
84 997
84 762
84 653
84 425
84 1055
84 1189
84 1202
84 324
84 590
84 388
84 619
84 1291
84 755
84 961
84 641
84 183
84 779
84 117
84 1265
84 843
84 38
84 757
84 1206
84 239
84 1162
84 620
84 285
84 482
84 484
84 86
84 1313
84 288
84 735
84 1257
84 889
84 1203
84 874
84 1138
84 1043
84 968
84 1134
84 359
84 612
84 1089
84 478
84 450
84 445
84 663
84 888
84 1027
84 841
84 545
84 1163
84 116
84 400
84 908
84 736
84 820
84 533
84 1186
84 1101
84 1078
84 416
84 675
84 1316
84 483
84 1175
84 275
84 709
84 903
84 319
84 818
84 1397
84 703
84 795
84 175
84 895
84 1144
84 263
84 213
84 1065
84 621
84 280
84 424
84 1165
84 1190
84 681
84 449
84 1387
84 79
84 1388
84 190
84 573
84 870
84 1014
84 208
84 312
84 422
84 543
84 799
84 112
84 511
84 224
84 249
84 851
84 952
84 129
84 691
84 591
84 970
84 958
84 1271
84 672
84 426
84 504
84 92
84 345
84 1129
84 613
84 696
84 1370
84 883
84 53
84 1227
84 836
84 221
84 368
84 1389
84 718
84 758
84 1349
84 589
84 1269
84 1085
84 750
84 738
84 176
84 246
84 444
84 316
84 929
84 700
84 361
84 561
84 721
84 212
84 578
84 733
84 1288
84 149
84 114
84 1280
84 276
84 844
84 1113
84 1119
84 496
84 1290
84 380
84 822
84 402
84 732
84 731
84 214
84 1093
84 800
84 132
84 198
84 171
84 520
84 64
84 697
84 1035
84 826
84 147
84 1251
84 964
84 693
84 152
84 699
84 488
84 1252
84 692
84 1024
84 686
84 856
84 1322
84 1229
84 825
84 157
84 1277
84 1166
84 1056
84 78
84 1038
84 90
84 1052
84 1039
84 1044
84 1042
84 1050
84 1049
84 1048
84 83
84 1041
84 1045
84 1046
84 286
84 1037
84 1020
84 948
84 950
84 953
84 954
84 955
84 956
84 971
84 995
84 1011
84 1012
84 1013
84 1017
84 1018
84 108
84 1036
84 107
84 1021
84 1022
84 104
84 1023
84 1025
84 75
84 1026
84 1028
84 1030
84 1031
84 1033
84 1034
84 1060
84 1118
84 1067
84 1160
84 1168
84 1169
84 1170
84 1172
84 1173
84 31
84 1176
84 1276
84 1285
84 1286
84 1292
84 1293
84 1299
84 1308
84 1317
84 1327
84 1329
84 1337
84 10
84 1338
84 1357
84 1358
84 1363
84 1376
84 1378
84 1396
84 1398
84 1167
84 1155
84 1069
84 41
84 1071
84 1079
84 1091
84 1092
84 67
84 1094
84 1095
84 1102
84 1103
84 1116
84 928
84 1120
84 1121
84 1122
84 1123
84 1125
84 1126
84 1127
84 1130
84 1132
84 1135
84 1136
84 46
84 1146
84 1150
84 1152
84 42
84 932
84 143
84 926
84 726
84 643
84 649
84 673
84 674
84 679
84 684
84 694
84 1399
84 713
84 722
84 724
84 226
84 725
84 727
84 765
84 729
84 220
84 737
84 739
84 215
84 740
84 741
84 210
84 742
84 743
84 744
84 761
84 763
84 636
84 631
84 618
84 617
84 331
84 281
84 374
84 392
84 405
84 408
84 412
84 419
84 429
84 448
84 462
84 471
84 502
84 505
84 510
84 512
84 515
84 516
84 517
84 519
84 548
84 581
84 595
84 596
84 250
84 614
84 615
84 764
84 766
84 914
84 881
84 852
84 853
84 854
84 855
84 858
84 862
84 863
84 864
84 866
84 867
84 871
84 879
84 880
84 290
84 769
84 885
84 887
84 890
84 139
84 891
84 893
84 897
84 904
84 905
84 910
84 911
84 130
84 913
84 850
84 848
84 847
84 846
84 200
84 776
84 778
84 786
84 787
84 194
84 796
84 804
84 805
84 807
84 819
84 821
84 823
84 824
84 827
84 828
84 830
84 178
84 831
84 832
84 834
84 835
84 837
84 838
84 839
84 840
84 842
84 1400
