85 418
85 710
85 1155
85 315
85 294
85 84
85 795
85 1287
85 184
85 9
85 80
85 314
85 280
85 207
85 295
85 526
85 1153
85 272
85 516
85 1278
85 40
85 522
85 431
85 800
85 182
85 714
85 959
85 610
85 7
85 719
85 876
85 594
85 1264
85 430
85 293
85 535
85 1211
85 96
85 798
85 187
85 377
85 809
85 553
85 996
85 690
85 1074
85 625
85 123
85 1154
85 88
85 41
85 558
85 755
85 337
85 602
85 268
85 536
85 514
85 1142
85 154
85 257
85 311
85 125
85 799
85 358
85 608
85 1106
85 1350
85 199
85 196
85 486
85 1284
85 372
85 874
85 346
85 1163
85 334
85 598
85 89
85 258
85 135
85 662
85 933
85 537
85 564
85 244
85 102
85 148
85 378
85 261
85 1324
85 142
85 1325
85 171
85 904
85 1281
85 1275
85 1353
85 413
85 775
85 256
85 72
85 604
85 672
85 141
85 1336
85 1286
85 109
85 344
85 79
85 1220
85 53
85 634
85 197
85 1158
85 1205
85 1212
85 291
85 656
85 115
85 808
85 992
85 397
85 1305
85 1323
85 398
85 528
85 1391
85 333
85 43
85 395
85 252
85 99
85 572
85 1268
85 1270
85 973
85 1151
85 131
85 121
85 1170
85 312
85 529
85 960
85 999
85 774
85 443
85 1381
85 530
85 1351
85 1241
85 540
85 65
85 500
85 376
85 1162
85 1090
85 38
85 1216
85 910
85 1303
85 546
85 937
85 505
85 1228
85 16
85 335
85 147
85 185
85 140
85 128
85 1225
85 189
85 491
85 338
85 59
85 879
85 525
85 133
85 78
85 464
85 455
85 686
85 423
85 1184
85 544
85 873
85 612
85 336
85 555
85 406
85 57
85 76
85 872
85 1374
85 94
85 794
85 394
85 583
85 170
85 1001
85 1009
85 650
85 575
85 1244
85 772
85 790
85 1263
85 239
85 364
85 126
85 242
85 98
85 1332
85 643
85 1143
85 880
85 1180
85 1321
85 1368
85 1261
85 240
85 1104
85 1367
85 26
85 1204
85 37
85 45
85 382
85 1300
85 609
85 1188
85 1214
85 373
85 466
85 651
85 577
85 631
85 1222
85 429
85 709
85 748
85 350
85 271
85 534
85 927
85 1340
85 1366
85 174
85 747
85 21
85 385
85 1301
85 1288
85 8
85 188
85 783
85 120
85 183
85 458
85 623
85 539
85 861
85 706
85 254
85 487
85 23
85 618
85 391
85 4
85 1066
85 675
85 554
85 472
85 1226
85 348
85 440
85 574
85 1354
85 1076
85 306
85 494
85 151
85 1297
85 392
85 354
85 278
85 1364
85 322
85 179
85 1003
85 49
85 661
85 1062
85 1246
85 571
85 366
85 241
85 975
85 972
85 1186
85 55
85 17
85 907
85 351
85 326
85 341
85 550
85 1092
85 920
85 243
85 781
85 1231
85 859
85 63
85 456
85 751
85 1250
85 343
85 310
85 993
85 940
85 1378
85 212
85 878
85 824
85 1078
85 563
85 379
85 265
85 434
85 994
85 1395
85 901
85 459
85 292
85 508
85 569
85 11
85 1093
85 1306
85 1238
85 330
85 24
85 601
85 475
85 1318
85 628
85 1260
85 1243
85 590
85 646
85 74
85 967
85 504
85 917
85 1191
85 1290
85 439
85 442
85 68
85 969
85 1182
85 221
85 856
85 1164
85 527
85 1040
85 1237
85 1193
85 629
85 213
85 457
85 1195
85 1242
85 1064
85 1124
85 830
85 1334
85 118
85 461
85 689
85 913
85 51
85 484
85 22
85 255
85 843
85 1107
85 1192
85 1198
85 416
85 1386
85 603
85 766
85 375
85 728
85 1257
85 27
85 340
85 848
85 1213
85 352
85 668
85 789
85 1189
85 387
85 1108
85 381
85 1239
85 299
85 317
85 565
85 1308
85 97
85 1218
85 488
85 976
85 50
85 145
85 316
85 1144
85 307
85 792
85 1157
85 663
85 713
85 218
85 1072
85 562
85 305
85 270
85 1091
85 137
85 1077
85 300
85 1201
85 645
85 844
85 29
85 339
85 230
85 1331
85 62
85 3
85 991
85 983
85 66
85 921
85 232
85 538
85 1229
85 635
85 980
85 961
85 113
85 435
85 801
85 773
85 597
85 1375
85 513
85 974
85 1149
85 1141
85 1196
85 541
85 812
85 784
85 853
85 134
85 283
85 269
85 1269
85 845
85 453
85 388
85 695
85 1330
85 73
85 1089
85 902
85 365
85 165
85 1304
85 1194
85 1313
85 71
85 489
85 1221
85 757
85 1109
85 427
85 796
85 701
85 754
85 953
85 857
85 481
85 1282
85 191
85 860
85 851
85 152
85 342
85 877
85 567
85 1254
85 81
85 685
85 889
85 1199
85 939
85 1274
85 862
85 1372
85 595
85 1385
85 452
85 1255
85 1083
85 1084
85 103
85 966
85 345
85 1338
85 1319
85 947
85 1393
85 163
85 614
85 205
85 327
85 1307
85 776
85 1315
85 560
85 415
85 908
85 899
85 511
85 1081
85 1362
85 875
85 1383
85 1248
85 982
85 568
85 1202
85 85
85 723
85 393
85 941
85 404
85 593
85 1138
85 849
85 54
85 1224
85 1230
85 1371
85 667
85 1200
85 882
85 944
85 1342
85 900
85 547
85 657
85 1380
85 1061
85 144
85 480
85 815
85 797
85 479
85 421
85 1209
85 827
85 1365
85 1235
85 615
85 1245
85 897
85 1349
85 1384
85 474
85 150
85 25
85 611
85 1382
85 1289
85 173
85 1177
85 195
85 803
85 865
85 1147
85 1185
85 1329
85 1099
85 664
85 596
85 409
85 998
85 951
85 82
85 331
85 894
85 671
85 871
85 14
85 633
85 498
85 914
85 1355
85 1114
85 744
85 986
85 1002
85 1010
85 18
85 1037
85 1051
85 896
85 1296
85 984
85 863
85 613
85 386
85 167
85 1080
85 332
85 477
85 883
85 328
85 943
85 810
85 576
85 741
85 1341
85 42
85 582
85 19
85 325
85 1181
85 222
85 912
85 48
85 1056
85 1068
85 965
85 1128
85 1006
85 674
85 177
85 1103
85 132
85 217
85 693
85 490
85 660
85 892
85 666
85 389
85 1302
85 39
85 1024
85 559
85 468
85 846
85 279
85 979
85 507
85 669
85 298
85 215
85 1240
85 329
85 607
85 180
85 658
85 727
85 236
85 673
85 318
85 267
85 665
85 313
85 1253
85 753
85 209
85 1232
85 1377
85 273
85 929
85 1312
85 1267
85 95
85 309
85 1373
85 1292
85 1139
85 1055
85 1187
85 383
85 543
85 1273
85 2
85 626
85 110
85 1249
85 200
85 793
85 637
85 363
85 1173
85 1007
85 160
85 355
85 1129
85 417
85 266
85 926
85 1348
85 740
85 1295
85 579
85 155
85 225
85 1291
85 193
85 75
85 407
85 28
85 321
85 1256
85 1236
85 1210
85 858
85 771
85 949
85 946
85 106
85 987
85 653
85 1161
85 198
85 371
85 989
85 260
85 30
85 652
85 216
85 324
85 1394
85 433
85 1117
85 34
85 206
85 105
85 1277
85 111
85 659
85 779
85 599
85 1004
85 1283
85 1390
85 117
85 592
85 420
85 467
85 493
85 549
85 1183
85 839
85 1335
85 1110
85 990
85 360
85 20
85 605
85 410
85 557
85 462
85 86
85 717
85 228
85 101
85 124
85 277
85 503
85 211
85 1309
85 1234
85 308
85 465
85 469
85 1203
85 172
85 369
85 356
85 521
85 231
85 556
85 450
85 445
85 1259
85 297
85 441
85 1148
85 1272
85 495
85 1100
85 1125
85 531
85 962
85 248
85 1262
85 837
85 227
85 33
85 370
85 1392
85 1159
85 802
85 1310
85 545
85 304
85 186
85 116
85 770
85 548
85 1000
85 683
85 1233
85 729
85 485
85 820
85 533
85 945
85 1105
85 922
85 428
85 814
85 518
85 483
85 918
85 988
85 785
85 707
85 680
85 1073
85 722
85 87
85 759
85 1113
85 1356
85 903
85 61
85 319
85 600
85 818
85 636
85 1223
85 1082
85 963
85 175
85 895
85 166
85 161
85 1112
85 401
85 35
85 1165
85 624
85 1190
85 1137
85 1179
85 682
85 1266
85 190
85 146
85 705
85 1014
85 632
85 168
85 208
85 520
85 1095
85 203
85 638
85 192
85 92
85 906
85 523
85 916
85 112
85 224
85 58
85 739
85 691
85 202
85 977
85 687
85 591
85 970
85 942
85 588
85 919
85 426
85 91
85 323
85 501
85 1086
85 696
85 1370
85 570
85 1227
85 237
85 915
85 620
85 470
85 655
85 201
85 93
85 122
85 589
85 70
85 1085
85 349
85 750
85 460
85 303
85 1339
85 176
85 119
85 444
85 1347
85 700
85 347
85 159
85 981
85 361
85 561
85 1328
85 721
85 817
85 578
85 688
85 149
85 6
85 138
85 1280
85 587
85 36
85 1119
85 496
85 1379
85 380
85 402
85 69
85 606
85 214
85 1
85 60
85 749
85 287
85 169
85 630
85 627
85 52
85 247
85 702
85 64
85 697
85 259
85 204
85 1265
85 985
85 1207
85 1247
85 56
85 1251
85 288
85 964
85 699
85 1326
85 1252
85 1156
85 692
85 1322
85 1343
85 229
85 825
85 157
85 289
85 44
85 296
85 234
85 1166
85 274
85 767
85 704
85 869
85 1041
85 1035
85 1039
85 1038
85 1036
85 1042
85 139
85 1043
85 130
85 1070
85 1069
85 1067
85 1065
85 1063
85 1060
85 1059
85 1058
85 127
85 1057
85 129
85 1054
85 143
85 1053
85 1052
85 1050
85 1049
85 136
85 1048
85 1047
85 1033
85 1046
85 1045
85 1044
85 1034
85 436
85 153
85 956
85 181
85 1008
85 1005
85 997
85 995
85 978
85 971
85 968
85 958
85 957
85 194
85 1032
85 955
85 954
85 952
85 950
85 948
85 938
85 936
85 935
85 934
85 932
85 1011
85 1012
85 178
85 1013
85 1031
85 156
85 158
85 1030
85 1029
85 1028
85 1075
85 162
85 1027
85 164
85 1026
85 1025
85 1023
85 1022
85 1021
85 1020
85 1019
85 1018
85 1017
85 1016
85 1015
85 1071
85 1101
85 1079
85 1294
85 1327
85 31
85 32
85 1320
85 1317
85 1316
85 1314
85 1311
85 1299
85 1298
85 1293
85 1206
85 1285
85 1279
85 1276
85 46
85 47
85 1271
85 1258
85 1219
85 1217
85 1215
85 1333
85 1337
85 1344
85 1345
85 1398
85 1397
85 1396
85 5
85 1389
85 1388
85 1387
85 1376
85 10
85 1369
85 12
85 13
85 1363
85 15
85 1361
85 1360
85 1359
85 1358
85 1357
85 1352
85 1346
85 1208
85 1197
85 1087
85 1111
85 1127
85 1126
85 1123
85 1122
85 1121
85 1120
85 1118
85 100
85 1116
85 1115
85 104
85 1178
85 1102
85 930
85 107
85 108
85 1098
85 1097
85 1096
85 1094
85 1088
85 114
85 1130
85 1131
85 90
85 1132
85 1176
85 67
85 1175
85 1174
85 1172
85 1171
85 1169
85 1168
85 1167
85 1160
85 77
85 1152
85 1150
85 1146
85 1145
85 83
85 1140
85 1136
85 1135
85 1134
85 1133
85 931
85 893
85 928
85 367
85 357
85 676
85 359
85 670
85 654
85 362
85 649
85 648
85 647
85 644
85 368
85 678
85 642
85 641
85 640
85 639
85 374
85 622
85 621
85 619
85 617
85 616
85 677
85 679
85 585
85 718
85 735
85 734
85 733
85 732
85 731
85 730
85 726
85 725
85 724
85 720
85 716
85 353
85 715
85 712
85 711
85 708
85 703
85 1399
85 698
85 694
85 684
85 681
85 586
85 584
85 925
85 463
85 411
85 412
85 492
85 414
85 482
85 478
85 476
85 473
85 419
85 471
85 422
85 499
85 454
85 424
85 425
85 451
85 449
85 448
85 447
85 446
85 438
85 432
85 497
85 408
85 384
85 519
85 581
85 580
85 573
85 566
85 552
85 390
85 551
85 542
85 532
85 524
85 396
85 502
85 517
85 515
85 399
85 400
85 512
85 510
85 403
85 509
85 405
85 506
85 736
85 737
85 738
85 250
85 866
85 864
85 855
85 854
85 852
85 850
85 245
85 246
85 847
85 249
85 251
85 867
85 842
85 253
85 841
85 840
85 838
85 836
85 835
85 834
85 833
85 262
85 238
85 868
85 742
85 220
85 210
85 924
85 923
85 911
85 909
85 905
85 898
85 437
85 891
85 219
85 890
85 235
85 888
85 223
85 887
85 886
85 226
85 885
85 884
85 881
85 870
85 233
85 263
85 264
85 832
85 764
85 786
85 782
85 780
85 301
85 302
85 778
85 777
85 769
85 768
85 765
85 763
85 831
85 762
85 761
85 760
85 758
85 756
85 752
85 746
85 745
85 320
85 743
85 787
85 788
85 791
85 804
85 829
85 828
85 826
85 823
85 822
85 821
85 275
85 276
85 819
85 816
85 813
85 811
85 281
85 282
85 807
85 284
85 285
85 286
85 290
85 806
85 805
85 1400
