86 755
86 594
86 431
86 790
86 188
86 179
86 1155
86 516
86 280
86 1290
86 544
86 141
86 598
86 1074
86 808
86 1066
86 719
86 809
86 197
86 714
86 1272
86 430
86 795
86 876
86 879
86 1153
86 429
86 1305
86 634
86 791
86 602
86 1197
86 78
86 60
86 716
86 608
86 256
86 372
86 214
86 443
86 455
86 513
86 1158
86 600
86 800
86 227
86 1163
86 1001
86 1191
86 904
86 346
86 38
86 272
86 354
86 1151
86 42
86 1112
86 801
86 183
86 196
86 273
86 1269
86 597
86 1336
86 9
86 311
86 184
86 1306
86 599
86 878
86 874
86 799
86 294
86 76
86 466
86 314
86 251
86 295
86 171
86 631
86 1243
86 1227
86 595
86 464
86 1186
86 545
86 434
86 230
86 921
86 772
86 969
86 802
86 84
86 1310
86 1162
86 252
86 1000
86 1142
86 1353
86 1225
86 652
86 1286
86 99
86 289
86 927
86 999
86 625
86 572
86 628
86 1204
86 41
86 1020
86 553
86 814
86 815
86 918
86 725
86 359
86 19
86 1062
86 1363
86 722
86 205
86 1337
86 1150
86 496
86 1154
86 605
86 529
86 1342
86 656
86 1384
86 1228
86 1259
86 140
86 37
86 186
86 1339
86 248
86 1318
86 25
86 438
86 1090
86 67
86 710
86 1210
86 80
86 1113
86 225
86 244
86 558
86 1270
86 1229
86 813
86 792
86 575
86 717
86 1161
86 154
86 569
86 922
86 53
86 69
86 776
86 902
86 322
86 413
86 195
86 182
86 685
86 146
86 1213
86 1222
86 604
86 278
86 991
86 377
86 612
86 880
86 1378
86 794
86 222
86 494
86 207
86 856
86 1170
86 465
86 200
86 65
86 662
86 973
86 239
86 1019
86 1302
86 462
86 433
86 1218
86 1212
86 603
86 199
86 123
86 338
86 68
86 543
86 271
86 807
86 1211
86 185
86 345
86 486
86 1288
86 307
86 498
86 213
86 1192
86 212
86 1267
86 201
86 781
86 40
86 1248
86 374
86 293
86 1325
86 639
86 319
86 1159
86 312
86 820
86 74
86 1350
86 121
86 1006
86 933
86 1198
86 633
86 221
86 1096
86 1351
86 941
86 609
86 234
86 511
86 752
86 391
86 546
86 994
86 174
86 30
86 636
86 315
86 746
86 681
86 1143
86 709
86 514
86 147
86 210
86 1092
86 783
86 216
86 1257
86 1352
86 1395
86 536
86 867
86 1004
86 627
86 961
86 601
86 1284
86 32
86 689
86 748
86 265
86 423
86 107
86 916
86 1005
86 1328
86 1075
86 150
86 52
86 923
86 1216
86 658
86 175
86 1002
86 109
86 90
86 441
86 432
86 747
86 806
86 713
86 1106
86 773
86 102
86 63
86 120
86 985
86 358
86 1196
86 1101
86 122
86 49
86 675
86 1231
86 124
86 1164
86 1303
86 1121
86 58
86 997
86 159
86 860
86 901
86 920
86 694
86 1380
86 39
86 51
86 415
86 1220
86 688
86 903
86 1287
86 330
86 1338
86 1356
86 167
86 1118
86 220
86 1178
86 229
86 1324
86 1266
86 217
86 224
86 170
86 176
86 567
86 804
86 1374
86 149
86 237
86 284
86 203
86 535
86 409
86 836
86 1258
86 512
86 674
86 798
86 680
86 191
86 7
86 247
86 1157
86 577
86 701
86 1018
86 930
86 1114
86 520
86 168
86 1108
86 100
86 829
86 1144
86 683
86 187
86 587
86 1160
86 686
86 27
86 373
86 281
86 428
86 663
86 31
86 1271
86 645
86 579
86 103
86 112
86 1061
86 1285
86 14
86 1119
86 143
86 1230
86 33
86 753
86 666
86 235
86 1030
86 326
86 947
86 990
86 202
86 672
86 728
86 126
86 332
86 1125
86 206
86 1304
86 793
86 635
86 832
86 287
86 215
86 444
86 1246
86 1199
86 364
86 54
86 845
86 704
86 501
86 668
86 1343
86 169
86 193
86 508
86 4
86 1065
86 95
86 160
86 97
86 301
86 226
86 1091
86 928
86 522
86 1104
86 724
86 925
86 48
86 1012
86 1156
86 1033
86 702
86 1319
86 426
86 145
86 682
86 739
86 519
86 730
86 242
86 851
86 118
86 1116
86 617
86 1340
86 192
86 678
86 847
86 1293
86 552
86 250
86 1224
86 622
86 395
86 951
86 593
86 1145
86 667
86 1188
86 173
86 1386
86 1367
86 984
86 1393
86 1040
86 472
86 970
86 259
86 812
86 505
86 1008
86 1045
86 1077
86 1268
86 623
86 924
86 347
86 189
86 900
86 1080
86 371
86 36
86 427
86 726
86 1064
86 1320
86 1355
86 699
86 11
86 590
86 1082
86 643
86 1313
86 1262
86 1100
86 767
86 946
86 912
86 955
86 1300
86 917
86 1115
86 1078
86 721
86 805
86 29
86 305
86 822
86 1086
86 907
86 1202
86 456
86 563
86 1292
86 136
86 620
86 915
86 397
86 155
86 45
86 644
86 131
86 93
86 1375
86 369
86 348
86 862
86 1263
86 945
86 16
86 344
86 1056
86 561
86 410
86 1264
86 932
86 343
86 515
86 484
86 1354
86 1187
86 935
86 757
86 1297
86 1382
86 580
86 671
86 316
86 566
86 469
86 1107
86 911
86 243
86 1110
86 360
86 1361
86 125
86 411
86 1255
86 1265
86 875
86 231
86 743
86 1051
86 476
86 670
86 751
86 541
86 993
86 1180
86 1126
86 1314
86 245
86 782
86 1007
86 574
86 551
86 872
86 1366
86 1035
86 1247
86 88
86 870
86 1146
86 571
86 959
86 165
86 1341
86 497
86 1175
86 1280
86 1239
86 238
86 816
86 180
86 1274
86 1233
86 172
86 510
86 1072
86 869
86 950
86 1049
86 780
86 483
86 905
86 468
86 1277
86 679
86 974
86 811
86 939
86 774
86 996
86 729
86 1364
86 416
86 454
86 435
86 190
86 487
86 618
86 1098
86 253
86 467
86 954
86 1333
86 127
86 439
86 908
86 564
86 283
86 863
86 986
86 509
86 528
86 960
86 823
86 137
86 161
86 1021
86 1373
86 286
86 339
86 1317
86 749
86 967
86 331
86 708
86 576
86 824
86 871
86 557
86 676
86 745
86 1205
86 844
86 478
86 177
86 979
86 399
86 1037
86 261
86 194
86 775
86 889
86 56
86 258
86 89
86 352
86 556
86 1067
86 1028
86 733
86 760
86 1256
86 1206
86 1011
86 697
86 1140
86 442
86 110
86 329
86 968
86 866
86 135
86 166
86 777
86 1022
86 626
86 942
86 1335
86 1138
86 378
86 1214
86 1127
86 537
86 341
86 797
86 1295
86 591
86 975
86 978
86 1193
86 673
86 1
86 919
86 1346
86 1024
86 198
86 548
86 1261
86 1312
86 1207
86 113
86 581
86 340
86 59
86 1053
86 690
86 1083
86 1079
86 1076
86 128
86 1124
86 530
86 632
86 1182
86 327
86 526
86 1195
86 527
86 211
86 418
86 865
86 980
86 288
86 1392
86 768
86 637
86 335
86 796
86 750
86 1278
86 1058
86 406
86 1391
86 75
86 1069
86 525
86 703
86 458
86 966
86 615
86 766
86 1039
86 886
86 349
86 840
86 810
86 885
86 130
86 1377
86 785
86 1307
86 891
86 1201
86 542
86 356
86 1046
86 363
86 1275
86 646
86 779
86 445
86 896
86 965
86 987
86 732
86 1289
86 895
86 549
86 1171
86 1387
86 1038
86 803
86 1381
86 1388
86 1369
86 270
86 1174
86 649
86 857
86 657
86 588
86 1360
86 111
86 334
86 1129
86 1315
86 1105
86 1397
86 641
86 613
86 366
86 44
86 858
86 279
86 139
86 28
86 218
86 55
86 583
86 491
86 503
86 493
86 1209
86 819
86 481
86 1234
86 1139
86 956
86 621
86 404
86 129
86 132
86 723
86 1081
86 1316
86 425
86 518
86 13
86 787
86 1254
86 379
86 550
86 306
86 1245
86 958
86 1301
86 1122
86 144
86 1208
86 1128
86 388
86 290
86 1120
86 262
86 1009
86 936
86 500
86 1016
86 887
86 517
86 236
86 1194
86 926
86 1003
86 693
86 784
86 308
86 1135
86 18
86 8
86 1130
86 1349
86 446
86 390
86 1087
86 1396
86 142
86 367
86 1057
86 653
86 1068
86 1394
86 1181
86 998
86 1184
86 759
86 1010
86 1177
86 1237
86 521
86 297
86 828
86 1015
86 762
86 1097
86 204
86 365
86 255
86 610
86 35
86 573
86 1070
86 839
86 77
86 1279
86 1385
86 1281
86 614
86 691
86 606
86 275
86 1298
86 20
86 300
86 873
86 17
86 1185
86 705
86 12
86 827
86 43
86 1383
86 731
86 562
86 421
86 1095
86 152
86 638
86 92
86 1165
86 1330
86 370
86 342
86 162
86 1390
86 1296
86 151
86 540
86 420
86 1169
86 276
86 1172
86 266
86 1179
86 859
86 34
86 504
86 1034
86 881
86 73
86 914
86 232
86 452
86 317
86 1322
86 894
86 727
86 830
86 115
86 964
86 274
86 459
86 1372
86 740
86 257
86 157
86 24
86 695
86 70
86 219
86 85
86 328
86 1250
86 282
86 304
86 624
86 764
86 1137
86 992
86 720
86 696
86 47
86 826
86 453
86 94
86 209
86 825
86 846
86 1321
86 1347
86 499
86 82
86 1047
86 277
86 1167
86 164
86 156
86 1244
86 640
86 101
86 976
86 712
86 417
86 1147
86 106
86 240
86 2
86 15
86 81
86 208
86 233
86 91
86 83
86 309
86 310
86 104
86 303
86 98
86 105
86 181
86 87
86 3
86 5
86 6
86 86
86 313
86 241
86 10
86 178
86 269
86 296
86 246
86 79
86 153
86 117
86 64
86 318
86 260
86 62
86 61
86 119
86 148
86 223
86 46
86 50
86 263
86 264
86 133
86 57
86 267
86 138
86 268
86 158
86 66
86 254
86 298
86 302
86 108
86 114
86 21
86 22
86 23
86 249
86 299
86 72
86 285
86 134
86 71
86 292
86 291
86 26
86 163
86 228
86 116
86 96
86 1400
86 320
86 995
86 1027
86 1026
86 1025
86 1023
86 1017
86 1014
86 1013
86 989
86 1031
86 988
86 983
86 982
86 981
86 977
86 972
86 971
86 1029
86 1032
86 962
86 1055
86 1085
86 1084
86 1073
86 1071
86 1063
86 1060
86 1059
86 1054
86 1036
86 1052
86 1050
86 1048
86 1044
86 1043
86 1042
86 1041
86 963
86 957
86 842
86 864
86 890
86 888
86 884
86 883
86 882
86 877
86 868
86 861
86 893
86 855
86 854
86 853
86 852
86 850
86 849
86 848
86 892
86 897
86 953
86 937
86 952
86 949
86 948
86 944
86 943
86 940
86 938
86 934
86 898
86 931
86 929
86 913
86 910
86 909
86 906
86 899
86 1088
86 1089
86 1093
86 1291
86 1326
86 1323
86 1311
86 1309
86 1308
86 1299
86 1294
86 1283
86 1329
86 1282
86 1276
86 1273
86 1260
86 1253
86 1252
86 1251
86 1327
86 1331
86 1094
86 1365
86 1398
86 1389
86 1379
86 1376
86 1371
86 1370
86 1368
86 1362
86 1332
86 1359
86 1358
86 1357
86 1348
86 1345
86 1344
86 1334
86 1249
86 1242
86 1241
86 1132
86 1152
86 1149
86 1148
86 1141
86 1136
86 1134
86 1133
86 1131
86 1240
86 1123
86 1117
86 1111
86 1109
86 1103
86 1102
86 1099
86 1166
86 1168
86 1173
86 1176
86 1238
86 1236
86 1235
86 1232
86 1226
86 1223
86 1221
86 1219
86 1217
86 1215
86 1203
86 1200
86 1190
86 1189
86 1183
86 843
86 841
86 321
86 450
86 471
86 470
86 463
86 461
86 460
86 457
86 451
86 449
86 474
86 448
86 447
86 440
86 437
86 436
86 424
86 422
86 473
86 475
86 414
86 495
86 532
86 531
86 524
86 523
86 507
86 506
86 502
86 492
86 477
86 490
86 489
86 488
86 485
86 482
86 480
86 479
86 419
86 412
86 838
86 353
86 376
86 375
86 368
86 362
86 361
86 357
86 355
86 351
86 381
86 350
86 337
86 336
86 333
86 325
86 324
86 323
86 380
86 382
86 408
86 396
86 407
86 405
86 403
86 402
86 401
86 400
86 398
86 394
86 383
86 393
86 392
86 389
86 387
86 386
86 385
86 384
86 533
86 534
86 538
86 735
86 754
86 744
86 742
86 741
86 738
86 737
86 736
86 734
86 758
86 718
86 715
86 711
86 707
86 706
86 1399
86 698
86 756
86 761
86 539
86 817
86 837
86 835
86 834
86 833
86 831
86 821
86 818
86 789
86 763
86 788
86 786
86 778
86 771
86 770
86 769
86 765
86 692
86 687
86 684
86 578
86 596
86 592
86 589
86 586
86 585
86 584
86 582
86 570
86 677
86 568
86 565
86 560
86 559
86 555
86 554
86 547
86 607
86 611
86 616
86 619
86 669
86 665
86 664
86 661
86 660
86 659
86 655
86 654
86 651
86 650
86 648
86 647
86 642
86 630
86 629
86 700
