87 1228
87 26
87 547
87 334
87 134
87 655
87 797
87 2
87 439
87 572
87 526
87 610
87 310
87 1198
87 1309
87 304
87 666
87 569
87 327
87 1107
87 191
87 1311
87 4
87 301
87 803
87 326
87 625
87 308
87 375
87 1267
87 465
87 335
87 133
87 318
87 667
87 37
87 1157
87 1364
87 570
87 3
87 664
87 25
87 105
87 788
87 358
87 1248
87 793
87 1300
87 1274
87 345
87 1251
87 440
87 306
87 900
87 1319
87 1229
87 1236
87 1154
87 124
87 211
87 903
87 1076
87 187
87 629
87 188
87 311
87 736
87 794
87 179
87 1234
87 707
87 1260
87 193
87 256
87 798
87 660
87 671
87 612
87 496
87 540
87 74
87 1272
87 562
87 170
87 366
87 458
87 1310
87 189
87 167
87 623
87 899
87 71
87 291
87 309
87 573
87 1222
87 155
87 305
87 123
87 880
87 668
87 23
87 231
87 933
87 959
87 420
87 222
87 683
87 634
87 1220
87 443
87 1250
87 1264
87 8
87 461
87 757
87 9
87 601
87 192
87 63
87 322
87 1263
87 872
87 363
87 21
87 315
87 902
87 484
87 796
87 401
87 521
87 675
87 784
87 712
87 600
87 1235
87 54
87 1241
87 376
87 324
87 1225
87 1188
87 568
87 94
87 307
87 1142
87 544
87 337
87 504
87 901
87 1213
87 328
87 1339
87 1304
87 811
87 1370
87 242
87 393
87 1324
87 1394
87 672
87 456
87 633
87 58
87 437
87 604
87 1242
87 265
87 626
87 422
87 785
87 565
87 1083
87 377
87 72
87 316
87 121
87 1365
87 1313
87 495
87 1215
87 323
87 1191
87 1223
87 365
87 1398
87 333
87 1295
87 749
87 529
87 7
87 406
87 43
87 73
87 574
87 1395
87 514
87 1383
87 1386
87 1391
87 971
87 1301
87 261
87 571
87 1375
87 205
87 1281
87 1254
87 260
87 1080
87 527
87 171
87 145
87 556
87 857
87 661
87 792
87 766
87 180
87 190
87 686
87 329
87 125
87 272
87 975
87 1355
87 1244
87 1307
87 1276
87 1149
87 1006
87 254
87 53
87 576
87 373
87 646
87 630
87 55
87 1205
87 490
87 1100
87 273
87 355
87 142
87 62
87 415
87 998
87 644
87 563
87 754
87 1317
87 332
87 894
87 525
87 455
87 39
87 166
87 1200
87 1257
87 861
87 336
87 594
87 81
87 182
87 892
87 1343
87 685
87 460
87 382
87 1211
87 24
87 313
87 340
87 1151
87 889
87 347
87 678
87 395
87 457
87 1371
87 992
87 227
87 1245
87 520
87 481
87 924
87 266
87 48
87 317
87 299
87 1238
87 135
87 1187
87 483
87 342
87 383
87 493
87 939
87 541
87 1203
87 208
87 294
87 1302
87 665
87 97
87 632
87 16
87 503
87 255
87 410
87 1182
87 535
87 799
87 1367
87 974
87 240
87 79
87 252
87 69
87 80
87 148
87 96
87 339
87 674
87 1110
87 201
87 1297
87 1377
87 1218
87 57
87 117
87 517
87 1237
87 710
87 346
87 689
87 1059
87 763
87 416
87 1323
87 390
87 93
87 587
87 1282
87 1156
87 701
87 95
87 45
87 17
87 489
87 1390
87 528
87 917
87 802
87 513
87 353
87 349
87 1180
87 1316
87 140
87 271
87 1109
87 1381
87 146
87 965
87 1179
87 1186
87 593
87 1240
87 925
87 663
87 1155
87 276
87 1106
87 452
87 387
87 165
87 1028
87 459
87 713
87 1201
87 1366
87 1249
87 475
87 1207
87 40
87 511
87 303
87 435
87 413
87 50
87 1382
87 392
87 1239
87 1195
87 319
87 348
87 912
87 688
87 1351
87 1315
87 1262
87 977
87 120
87 200
87 557
87 269
87 807
87 1143
87 381
87 943
87 132
87 853
87 979
87 352
87 673
87 209
87 1322
87 1356
87 577
87 160
87 1396
87 59
87 397
87 86
87 1189
87 1184
87 923
87 545
87 1
87 537
87 498
87 849
87 550
87 61
87 34
87 1209
87 423
87 606
87 856
87 538
87 424
87 411
87 300
87 343
87 35
87 976
87 972
87 106
87 966
87 27
87 1278
87 344
87 293
87 267
87 662
87 479
87 680
87 973
87 1314
87 403
87 128
87 1384
87 488
87 927
87 1192
87 518
87 809
87 996
87 523
87 1212
87 394
87 789
87 494
87 364
87 651
87 559
87 258
87 174
87 372
87 1354
87 1224
87 178
87 1159
87 983
87 89
87 110
87 1158
87 735
87 111
87 362
87 44
87 1167
87 1247
87 770
87 946
87 1271
87 186
87 386
87 1312
87 282
87 36
87 487
87 652
87 38
87 150
87 232
87 244
87 1108
87 1055
87 1268
87 993
87 918
87 1261
87 560
87 1082
87 711
87 173
87 197
87 1181
87 1169
87 897
87 22
87 1320
87 645
87 865
87 948
87 1007
87 64
87 207
87 450
87 986
87 1232
87 961
87 478
87 800
87 264
87 107
87 848
87 613
87 1139
87 1072
87 941
87 292
87 314
87 131
87 241
87 1140
87 1353
87 371
87 1349
87 239
87 445
87 402
87 826
87 212
87 464
87 843
87 501
87 690
87 657
87 751
87 697
87 1273
87 1227
87 806
87 168
87 378
87 1001
87 732
87 28
87 1185
87 84
87 1387
87 656
87 1385
87 539
87 773
87 1321
87 947
87 859
87 533
87 388
87 1252
87 262
87 1221
87 149
87 1060
87 580
87 564
87 534
87 1064
87 477
87 659
87 76
87 284
87 638
87 1009
87 1153
87 143
87 444
87 531
87 693
87 1259
87 1325
87 916
87 775
87 1368
87 682
87 553
87 49
87 590
87 217
87 1077
87 278
87 175
87 647
87 1043
87 1093
87 1389
87 692
87 964
87 297
87 126
87 1341
87 112
87 298
87 370
87 607
87 1258
87 585
87 1210
87 714
87 887
87 325
87 567
87 1330
87 869
87 1372
87 1286
87 472
87 530
87 1010
87 230
87 1061
87 575
87 172
87 418
87 823
87 614
87 1299
87 962
87 1066
87 127
87 482
87 808
87 417
87 425
87 980
87 229
87 786
87 997
87 147
87 611
87 650
87 1373
87 1216
87 609
87 263
87 679
87 772
87 1204
87 1253
87 469
87 1040
87 91
87 1231
87 1337
87 1288
87 502
87 288
87 60
87 886
87 841
87 234
87 338
87 1287
87 1392
87 321
87 627
87 602
87 152
87 783
87 380
87 999
87 1177
87 944
87 1091
87 653
87 949
87 220
87 18
87 1296
87 1226
87 467
87 1000
87 1094
87 1165
87 369
87 442
87 508
87 466
87 119
87 1230
87 331
87 454
87 733
87 1126
87 102
87 1326
87 825
87 608
87 1054
87 940
87 1105
87 987
87 1058
87 1008
87 852
87 753
87 1199
87 433
87 620
87 33
87 934
87 868
87 87
87 421
87 1089
87 960
87 1202
87 296
87 177
87 771
87 1362
87 245
87 302
87 989
87 427
87 597
87 1074
87 851
87 1012
87 257
87 270
87 628
87 448
87 462
87 981
87 658
87 431
87 228
87 176
87 1265
87 497
87 1104
87 1084
87 1279
87 829
87 289
87 1114
87 595
87 1284
87 65
87 412
87 536
87 85
87 1318
87 286
87 1056
87 870
87 1289
87 774
87 1161
87 552
87 760
87 226
87 486
87 384
87 767
87 1172
87 1081
87 704
87 855
87 404
87 181
87 341
87 1030
87 505
87 1233
87 905
87 14
87 1294
87 1131
87 115
87 762
87 734
87 824
87 874
87 696
87 858
87 935
87 942
87 1208
87 1096
87 476
87 1350
87 893
87 837
87 283
87 32
87 1292
87 1173
87 919
87 320
87 1111
87 29
87 1275
87 1053
87 746
87 379
87 1193
87 104
87 1298
87 1004
87 875
87 636
87 213
87 1352
87 994
87 978
87 695
87 118
87 624
87 830
87 715
87 1399
87 1092
87 221
87 702
87 287
87 438
87 169
87 101
87 1380
87 761
87 1164
87 984
87 1069
87 522
87 805
87 1144
87 52
87 700
87 198
87 491
87 1361
87 19
87 1039
87 42
87 1128
87 6
87 398
87 184
87 1079
87 909
87 1095
87 12
87 385
87 953
87 275
87 259
87 598
87 204
87 389
87 156
87 1098
87 409
87 468
87 1075
87 1002
87 507
87 731
87 669
87 253
87 1097
87 47
87 1303
87 588
87 706
87 821
87 236
87 583
87 991
87 804
87 838
87 955
87 1378
87 430
87 1119
87 1338
87 854
87 1062
87 67
87 98
87 1038
87 1099
87 654
87 51
87 957
87 551
87 907
87 1047
87 1290
87 555
87 648
87 391
87 90
87 210
87 847
87 737
87 810
87 637
87 827
87 151
87 967
87 954
87 82
87 649
87 822
87 1333
87 896
87 164
87 579
87 434
87 407
87 781
87 474
87 1256
87 1175
87 13
87 921
87 769
87 11
87 846
87 449
87 1214
87 721
87 399
87 1243
87 1331
87 216
87 780
87 453
87 68
87 782
87 615
87 206
87 815
87 5
87 1194
87 141
87 183
87 779
87 543
87 1283
87 1196
87 1031
87 592
87 233
87 549
87 109
87 88
87 139
87 930
87 1132
87 249
87 1147
87 603
87 990
87 360
87 1327
87 920
87 500
87 473
87 129
87 546
87 890
87 268
87 548
87 1277
87 277
87 1400
87 274
87 447
87 356
87 196
87 1363
87 506
87 519
87 163
87 1148
87 956
87 566
87 248
87 103
87 116
87 1393
87 765
87 1217
87 485
87 820
87 945
87 1013
87 1018
87 876
87 922
87 756
87 1078
87 428
87 290
87 814
87 988
87 1073
87 1347
87 1025
87 867
87 694
87 873
87 1306
87 1346
87 839
87 1255
87 818
87 1115
87 618
87 1057
87 795
87 963
87 720
87 20
87 199
87 895
87 1246
87 161
87 1112
87 542
87 828
87 599
87 280
87 351
87 114
87 1127
87 1163
87 162
87 729
87 1190
87 1374
87 1003
87 78
87 727
87 584
87 1266
87 66
87 705
87 1014
87 312
87 203
87 764
87 1270
87 359
87 906
87 1051
87 224
87 1141
87 691
87 687
87 591
87 970
87 1041
87 426
87 1019
87 719
87 219
87 1134
87 1086
87 144
87 1124
87 1036
87 237
87 915
87 641
87 801
87 1342
87 470
87 100
87 122
87 589
87 1269
87 70
87 1085
87 750
87 441
87 243
87 295
87 643
87 159
87 1219
87 361
87 561
87 1328
87 817
87 578
87 195
87 138
87 1280
87 928
87 83
87 1379
87 748
87 214
87 730
87 1344
87 225
87 1332
87 432
87 1334
87 247
87 985
87 56
87 1336
87 699
87 635
87 1024
87 157
87 1166
87 185
87 1308
87 1150
87 1348
87 1138
87 863
87 113
87 862
87 1145
87 1146
87 834
87 108
87 631
87 791
87 1152
87 1357
87 778
87 790
87 1160
87 1162
87 1376
87 99
87 622
87 860
87 1168
87 1345
87 558
87 1137
87 1170
87 1136
87 777
87 137
87 1397
87 136
87 1360
87 1120
87 1121
87 1122
87 1123
87 1359
87 768
87 130
87 640
87 1125
87 864
87 639
87 1129
87 1358
87 1388
87 1130
87 752
87 532
87 1133
87 554
87 1135
87 30
87 31
87 758
87 642
87 41
87 742
87 596
87 845
87 755
87 405
87 844
87 400
87 1369
87 842
87 524
87 516
87 1329
87 509
87 515
87 1285
87 46
87 510
87 586
87 1291
87 1293
87 743
87 512
87 1305
87 15
87 419
87 499
87 1171
87 840
87 92
87 1174
87 621
87 492
87 619
87 776
87 1176
87 1178
87 1183
87 741
87 1340
87 10
87 787
87 617
87 582
87 581
87 1197
87 850
87 77
87 1335
87 1206
87 75
87 605
87 408
87 759
87 616
87 898
87 480
87 722
87 414
87 1011
87 1005
87 882
87 745
87 995
87 723
87 726
87 982
87 969
87 968
87 724
87 725
87 744
87 251
87 250
87 446
87 747
87 246
87 881
87 1015
87 1016
87 1017
87 819
87 238
87 367
87 235
87 1020
87 718
87 1021
87 1022
87 958
87 883
87 368
87 914
87 931
87 429
87 929
87 926
87 354
87 832
87 913
87 884
87 911
87 910
87 908
87 738
87 891
87 904
87 932
87 936
87 831
87 937
87 938
87 357
87 950
87 285
87 951
87 952
87 740
87 281
87 888
87 279
87 728
87 885
87 436
87 1023
87 1026
87 1118
87 813
87 677
87 681
87 1090
87 1088
87 1087
87 684
87 836
87 463
87 374
87 1071
87 1070
87 1068
87 1067
87 1065
87 676
87 812
87 330
87 350
87 158
87 739
87 471
87 670
87 154
87 153
87 1101
87 1102
87 1103
87 866
87 1113
87 1116
87 1117
87 1063
87 871
87 1027
87 451
87 709
87 1037
87 716
87 1035
87 1034
87 215
87 1033
87 816
87 218
87 1032
87 717
87 1029
87 223
87 879
87 708
87 878
87 703
87 877
87 202
87 1042
87 1044
87 396
87 1045
87 194
87 1046
87 698
87 1048
87 1049
87 1050
87 833
87 1052
87 835
