90 358
90 265
90 1364
90 1187
90 71
90 1228
90 256
90 959
90 291
90 1257
90 569
90 655
90 311
90 334
90 335
90 527
90 504
90 304
90 1106
90 134
90 457
90 1384
90 1281
90 798
90 411
90 63
90 461
90 439
90 1264
90 293
90 1216
90 345
90 393
90 53
90 3
90 406
90 1311
90 979
90 294
90 663
90 4
90 170
90 974
90 1383
90 1355
90 568
90 1276
90 55
90 316
90 630
90 2
90 72
90 124
90 1382
90 240
90 45
90 459
90 892
90 757
90 460
90 187
90 192
90 547
90 111
90 1278
90 487
90 1263
90 1225
90 996
90 793
90 1395
90 416
90 322
90 484
90 1154
90 347
90 421
90 1385
90 1367
90 415
90 16
90 526
90 150
90 899
90 254
90 272
90 326
90 572
90 671
90 651
90 388
90 570
90 667
90 794
90 376
90 308
90 1182
90 145
90 455
90 74
90 336
90 1151
90 1386
90 1198
90 972
90 562
90 1192
90 155
90 1239
90 458
90 1213
90 1351
90 1299
90 1315
90 105
90 329
90 17
90 1394
90 1076
90 292
90 664
90 797
90 190
90 260
90 37
90 563
90 1191
90 315
90 89
90 1185
90 410
90 378
90 327
90 1366
90 773
90 1274
90 205
90 903
90 961
90 339
90 1156
90 333
90 1149
90 309
90 1319
90 1093
90 977
90 623
90 276
90 435
90 1381
90 394
90 1157
90 50
90 1200
90 271
90 96
90 305
90 1301
90 890
90 965
90 1211
90 1349
90 62
90 502
90 366
90 8
90 1155
90 629
90 940
90 328
90 54
90 1107
90 710
90 38
90 1372
90 21
90 180
90 337
90 69
90 503
90 43
90 346
90 636
90 1188
90 142
90 402
90 1365
90 1237
90 1310
90 501
90 306
90 525
90 666
90 386
90 204
90 365
90 355
90 839
90 1288
90 7
90 483
90 343
90 310
90 1241
90 1114
90 173
90 24
90 479
90 784
90 418
90 456
90 300
90 1314
90 490
90 382
90 135
90 661
90 1378
90 573
90 349
90 255
90 694
90 178
90 489
90 209
90 524
90 318
90 377
90 121
90 1220
90 112
90 1260
90 1051
90 348
90 1080
90 189
90 1222
90 1312
90 413
90 1313
90 1295
90 25
90 625
90 1251
90 383
90 658
90 933
90 947
90 564
90 438
90 1209
90 344
90 475
90 1318
90 1161
90 1254
90 1300
90 478
90 1233
90 79
90 107
90 174
90 381
90 645
90 690
90 191
90 610
90 665
90 970
90 1140
90 222
90 1235
90 40
90 1160
90 1302
90 1109
90 601
90 1240
90 799
90 23
90 1317
90 110
90 90
90 1245
90 91
90 668
90 9
90 1309
90 1377
90 186
90 364
90 1205
90 1100
90 1215
90 943
90 912
90 809
90 832
90 1390
90 375
90 273
90 1121
90 1007
90 1199
90 1248
90 282
90 1261
90 811
90 59
90 789
90 373
90 1045
90 1356
90 94
90 565
90 939
90 182
90 125
90 267
90 552
90 76
90 97
90 123
90 1268
90 983
90 1298
90 1040
90 540
90 440
90 179
90 307
90 169
90 555
90 171
90 672
90 523
90 1203
90 508
90 207
90 1122
90 1158
90 133
90 64
90 1391
90 80
90 866
90 810
90 534
90 626
90 148
90 6
90 385
90 295
90 1389
90 901
90 1375
90 314
90 397
90 1143
90 481
90 261
90 464
90 352
90 1322
90 165
90 465
90 1189
90 1286
90 323
90 407
90 34
90 689
90 528
90 1371
90 28
90 160
90 1284
90 403
90 482
90 576
90 808
90 932
90 1258
90 58
90 1195
90 1280
90 1186
90 493
90 646
90 498
90 611
90 792
90 1252
90 1230
90 517
90 992
90 609
90 285
90 263
90 598
90 925
90 998
90 976
90 805
90 670
90 1303
90 371
90 321
90 244
90 242
90 401
90 1273
90 788
90 1104
90 198
90 477
90 754
90 946
90 1226
90 812
90 902
90 241
90 1142
90 363
90 369
90 140
90 574
90 47
90 22
90 1005
90 859
90 353
90 966
90 1290
90 722
90 1336
90 35
90 953
90 1236
90 975
90 872
90 495
90 537
90 1282
90 557
90 538
90 1118
90 1324
90 868
90 154
90 1204
90 652
90 1350
90 324
90 340
90 73
90 628
90 1055
90 126
90 117
90 559
90 1323
90 681
90 1212
90 796
90 1376
90 132
90 1238
90 1354
90 751
90 612
90 1325
90 662
90 1368
90 115
90 65
90 68
90 234
90 462
90 1164
90 529
90 342
90 1307
90 1316
90 1196
90 907
90 303
90 803
90 807
90 656
90 1179
90 384
90 19
90 624
90 696
90 1056
90 533
90 46
90 325
90 577
90 855
90 491
90 496
90 962
90 1193
90 505
90 857
90 480
90 641
90 230
90 193
90 955
90 156
90 1059
90 1174
90 957
90 211
90 726
90 560
90 514
90 900
90 734
90 865
90 675
90 1091
90 172
90 1353
90 911
90 620
90 1173
90 708
90 49
90 520
90 149
90 861
90 553
90 950
90 1224
90 935
90 948
90 535
90 556
90 175
90 993
90 730
90 87
90 262
90 725
90 819
90 1181
90 437
90 1208
90 320
90 1043
90 973
90 813
90 128
90 566
90 944
90 785
90 518
90 441
90 136
90 1053
90 104
90 177
90 299
90 1370
90 1267
90 61
90 1180
90 604
90 978
90 1077
90 659
90 906
90 36
90 800
90 766
90 246
90 188
90 608
90 232
90 1190
90 390
90 269
90 1052
90 1256
90 1011
90 746
90 705
90 317
90 257
90 575
90 101
90 1287
90 942
90 1068
90 688
90 761
90 1231
90 960
90 1184
90 119
90 252
90 590
90 1
90 1244
90 791
90 1013
90 370
90 12
90 1171
90 936
90 918
90 1202
90 1247
90 251
90 731
90 686
90 253
90 1269
90 919
90 84
90 1006
90 679
90 804
90 131
90 147
90 1047
90 854
90 951
90 338
90 981
90 201
90 541
90 1102
90 1074
90 806
90 1072
90 93
90 212
90 884
90 654
90 220
90 1250
90 551
90 1081
90 927
90 740
90 648
90 1210
90 904
90 1289
90 863
90 29
90 1321
90 278
90 790
90 1150
90 422
90 122
90 1234
90 108
90 756
90 469
90 587
90 964
90 474
90 1103
90 585
90 1019
90 780
90 127
90 1337
90 1214
90 815
90 48
90 399
90 425
90 1396
90 908
90 1159
90 802
90 1027
90 860
90 453
90 5
90 264
90 92
90 395
90 753
90 298
90 1105
90 913
90 607
90 1101
90 971
90 100
90 75
90 934
90 428
90 1119
90 917
90 266
90 319
90 1083
90 167
90 423
90 44
90 1218
90 360
90 1327
90 473
90 600
90 883
90 1130
90 197
90 237
90 567
90 1374
90 836
90 99
90 616
90 1340
90 32
90 621
90 42
90 168
90 196
90 614
90 783
90 1162
90 362
90 357
90 1018
90 949
90 1061
90 103
90 467
90 1201
90 443
90 894
90 1253
90 929
90 736
90 434
90 1134
90 1010
90 433
90 891
90 986
90 1347
90 881
90 1098
90 1126
90 283
90 1297
90 486
90 1163
90 20
90 858
90 228
90 683
90 729
90 542
90 1338
90 709
90 1008
90 732
90 424
90 1277
90 1339
90 693
90 450
90 221
90 700
90 635
90 1326
90 472
90 78
90 584
90 571
90 1262
90 476
90 692
90 856
90 417
90 889
90 771
90 826
90 359
90 1304
90 452
90 851
90 1041
90 522
90 869
90 685
90 391
90 595
90 213
90 1036
90 531
90 60
90 18
90 1392
90 580
90 33
90 767
90 843
90 721
90 589
90 704
90 712
90 536
90 1259
90 227
90 643
90 1219
90 1144
90 195
90 640
90 997
90 928
90 454
90 733
90 644
90 830
90 448
90 673
90 341
90 1167
90 163
90 1344
90 296
90 1387
90 1082
90 151
90 1246
90 432
90 1292
90 837
90 1271
90 1084
90 279
90 1039
90 1085
90 1086
90 1087
90 281
90 1016
90 1088
90 280
90 1017
90 194
90 1089
90 277
90 1079
90 1078
90 1075
90 1020
90 275
90 199
90 200
90 1073
90 202
90 274
90 203
90 1071
90 1015
90 184
90 1090
90 1110
90 164
90 1120
90 166
90 288
90 1117
90 1116
90 1115
90 1113
90 1112
90 287
90 286
90 1111
90 1108
90 284
90 1014
90 1099
90 176
90 1097
90 1096
90 1095
90 1094
90 181
90 1092
90 183
90 1021
90 185
90 1070
90 208
90 206
90 1048
90 231
90 1031
90 1057
90 1032
90 233
90 1054
90 235
90 236
90 1050
90 238
90 239
90 1049
90 1033
90 259
90 229
90 1046
90 258
90 243
90 1044
90 1034
90 245
90 1042
90 247
90 248
90 1035
90 249
90 1037
90 1038
90 1058
90 1030
90 1069
90 1064
90 250
90 1067
90 210
90 1066
90 1065
90 1022
90 1023
90 214
90 215
90 216
90 217
90 218
90 219
90 1063
90 1060
90 1062
90 270
90 223
90 224
90 225
90 226
90 1024
90 268
90 1025
90 1026
90 1028
90 1029
90 162
90 622
90 143
90 161
90 51
90 1296
90 57
90 56
90 1305
90 1306
90 52
90 1308
90 1293
90 1320
90 1328
90 1329
90 1330
90 1331
90 1332
90 1294
90 1291
90 41
90 1270
90 82
90 81
90 1255
90 77
90 1265
90 1266
90 1272
90 1285
90 70
90 1275
90 1279
90 67
90 66
90 1283
90 1333
90 1334
90 1249
90 11
90 1363
90 1369
90 15
90 14
90 13
90 1373
90 10
90 1361
90 1379
90 1380
90 1388
90 1393
90 1397
90 1398
90 1362
90 1360
90 39
90 30
90 1335
90 1341
90 1342
90 1343
90 1345
90 31
90 1346
90 1359
90 1348
90 27
90 26
90 1352
90 1357
90 1358
90 83
90 85
90 1123
90 1139
90 1136
90 139
90 138
90 137
90 1137
90 1138
90 1141
90 1135
90 1145
90 130
90 129
90 1146
90 1147
90 1148
90 141
90 290
90 1153
90 153
90 159
90 158
90 157
90 1124
90 1125
90 1127
90 152
90 144
90 1128
90 1129
90 1131
90 1132
90 146
90 1133
90 1152
90 1165
90 86
90 95
90 102
90 1206
90 1207
90 1217
90 98
90 1221
90 1223
90 1194
90 1227
90 1229
90 1232
90 1242
90 1243
90 88
90 1197
90 1183
90 1166
90 114
90 120
90 1168
90 118
90 1169
90 116
90 1170
90 113
90 106
90 1172
90 1175
90 1176
90 109
90 1177
90 1178
90 289
90 985
90 1012
90 795
90 511
90 510
90 509
90 737
90 507
90 506
90 738
90 739
90 741
90 742
90 743
90 500
90 499
90 744
90 497
90 512
90 513
90 735
90 720
90 716
90 532
90 530
90 717
90 718
90 719
90 723
90 515
90 724
90 521
90 727
90 519
90 728
90 516
90 745
90 747
90 494
90 776
90 470
90 772
90 468
90 774
90 466
90 775
90 463
90 770
90 777
90 778
90 779
90 781
90 782
90 786
90 471
90 769
90 748
90 758
90 492
90 749
90 750
90 752
90 488
90 755
90 485
90 768
90 759
90 760
90 762
90 763
90 764
90 765
90 715
90 714
90 713
90 591
90 647
90 597
90 596
90 594
90 593
90 592
90 649
90 602
90 588
90 650
90 586
90 653
90 583
90 582
90 599
90 603
90 579
90 633
90 631
90 619
90 618
90 617
90 632
90 615
90 613
90 642
90 634
90 637
90 638
90 639
90 606
90 605
90 581
90 578
90 539
90 548
90 554
90 701
90 702
90 703
90 550
90 549
90 546
90 699
90 545
90 544
90 543
90 706
90 707
90 711
90 1399
90 698
90 657
90 680
90 660
90 669
90 674
90 676
90 677
90 678
90 682
90 558
90 684
90 687
90 691
90 561
90 695
90 697
90 787
90 801
90 1009
90 451
90 905
90 909
90 910
90 914
90 915
90 916
90 920
90 921
90 922
90 923
90 924
90 926
90 930
90 332
90 331
90 898
90 897
90 350
90 361
90 367
90 879
90 880
90 882
90 885
90 886
90 887
90 351
90 888
90 356
90 893
90 354
90 895
90 896
90 330
90 931
90 937
90 301
90 989
90 990
90 991
90 994
90 995
90 302
90 999
90 987
90 1000
90 1001
90 297
90 1002
90 1003
90 1004
90 988
90 627
90 938
90 963
90 941
90 945
90 952
90 954
90 956
90 958
90 967
90 312
90 968
90 969
90 980
90 982
90 984
90 313
90 368
90 878
90 877
90 829
90 430
90 429
90 427
90 426
90 827
90 828
90 831
90 825
90 420
90 419
90 833
90 834
90 835
90 414
90 431
90 824
90 838
90 816
90 814
90 449
90 447
90 446
90 445
90 444
90 442
90 823
90 817
90 818
90 820
90 821
90 822
90 436
90 412
90 840
90 876
90 379
90 387
90 853
90 862
90 864
90 867
90 380
90 870
90 389
90 871
90 873
90 874
90 374
90 875
90 372
90 852
90 392
90 409
90 845
90 408
90 841
90 842
90 405
90 404
90 844
90 400
90 850
90 846
90 398
90 847
90 396
90 848
90 849
90 1400
