91 252
91 795
91 610
91 924
91 431
91 799
91 672
91 1153
91 879
91 526
91 503
91 925
91 1341
91 197
91 316
91 1062
91 1154
91 516
91 520
91 468
91 1338
91 801
91 923
91 1075
91 876
91 800
91 440
91 38
91 1074
91 496
91 780
91 315
91 141
91 313
91 919
91 469
91 1243
91 312
91 1350
91 880
91 179
91 233
91 1093
91 60
91 124
91 214
91 971
91 1362
91 188
91 993
91 335
91 129
91 94
91 991
91 1290
91 1169
91 685
91 797
91 1111
91 114
91 917
91 467
91 242
91 885
91 874
91 1079
91 489
91 976
91 803
91 1092
91 709
91 918
91 927
91 1292
91 638
91 156
91 230
91 695
91 415
91 229
91 796
91 997
91 429
91 167
91 484
91 1320
91 568
91 815
91 404
91 791
91 216
91 521
91 235
91 466
91 671
91 176
91 118
91 1212
91 658
91 41
91 433
91 238
91 1224
91 655
91 629
91 80
91 1349
91 916
91 578
91 798
91 903
91 210
91 40
91 904
91 1211
91 1006
91 649
91 52
91 297
91 929
91 334
91 430
91 226
91 442
91 96
91 1239
91 91
91 266
91 750
91 329
91 1324
91 1263
91 1114
91 593
91 100
91 588
91 239
91 696
91 606
91 711
91 211
91 792
91 600
91 33
91 166
91 12
91 870
91 1063
91 380
91 34
91 712
91 718
91 345
91 1316
91 1339
91 342
91 670
91 1279
91 1310
91 1305
91 746
91 490
91 878
91 435
91 1095
91 688
91 251
91 634
91 1385
91 513
91 1242
91 204
91 1346
91 174
91 453
91 1147
91 121
91 1274
91 324
91 217
91 970
91 666
91 288
91 757
91 1319
91 328
91 326
91 311
91 683
91 142
91 9
91 700
91 493
91 481
91 139
91 36
91 749
91 781
91 1084
91 1215
91 293
91 209
91 27
91 53
91 576
91 182
91 1303
91 26
91 774
91 1110
91 678
91 240
91 439
91 416
91 1311
91 69
91 406
91 19
91 1076
91 447
91 811
91 710
91 7
91 1285
91 519
91 193
91 287
91 1142
91 823
91 697
91 998
91 686
91 566
91 280
91 1309
91 708
91 1289
91 650
91 1064
91 172
91 23
91 362
91 679
91 624
91 1337
91 1380
91 986
91 1300
91 58
91 529
91 508
91 502
91 783
91 914
91 961
91 1282
91 1177
91 632
91 258
91 553
91 438
91 1002
91 201
91 203
91 1094
91 85
91 1227
91 79
91 550
91 1328
91 1167
91 1271
91 826
91 331
91 565
91 1321
91 296
91 623
91 675
91 2
91 1011
91 1218
91 1393
91 157
91 378
91 337
91 676
91 763
91 1219
91 25
91 51
91 631
91 814
91 982
91 1100
91 444
91 8
91 245
91 464
91 43
91 222
91 208
91 253
91 646
91 261
91 494
91 1124
91 536
91 857
91 445
91 592
91 353
91 101
91 966
91 1051
91 286
91 714
91 807
91 707
91 517
91 1317
91 589
91 1322
91 1203
91 70
91 168
91 436
91 95
91 443
91 573
91 198
91 975
91 886
91 973
91 1172
91 759
91 897
91 856
91 518
91 1221
91 24
91 465
91 1229
91 1030
91 299
91 267
91 371
91 905
91 1088
91 319
91 105
91 899
91 1223
91 1232
91 894
91 244
91 321
91 1082
91 1131
91 187
91 762
91 809
91 306
91 1139
91 81
91 981
91 637
91 663
91 681
91 766
91 248
91 660
91 1096
91 1155
91 1296
91 21
91 4
91 1173
91 945
91 274
91 125
91 67
91 1
91 441
91 1009
91 1004
91 875
91 1213
91 572
91 751
91 1352
91 1371
91 664
91 594
91 92
91 110
91 715
91 806
91 959
91 943
91 189
91 1356
91 57
91 1367
91 254
91 1355
91 1364
91 391
91 1381
91 1069
91 1151
91 291
91 1361
91 784
91 755
91 972
91 410
91 1188
91 1039
91 1265
91 42
91 979
91 133
91 44
91 645
91 302
91 701
91 14
91 1374
91 1087
91 909
91 169
91 263
91 590
91 340
91 1244
91 848
91 747
91 1247
91 953
91 173
91 275
91 598
91 992
91 82
91 102
91 933
91 74
91 309
91 559
91 865
91 421
91 1098
91 1386
91 437
91 1097
91 448
91 693
91 892
91 838
91 183
91 534
91 983
91 103
91 1007
91 1043
91 1165
91 692
91 1099
91 597
91 303
91 812
91 990
91 1395
91 375
91 282
91 304
91 921
91 262
91 847
91 737
91 633
91 355
91 123
91 195
91 1255
91 132
91 719
91 954
91 352
91 822
91 1008
91 896
91 1287
91 1307
91 434
91 1205
91 450
91 849
91 941
91 1180
91 1249
91 1126
91 347
91 769
91 11
91 846
91 699
91 1160
91 449
91 32
91 205
91 120
91 260
91 1159
91 535
91 145
91 1331
91 887
91 1313
91 657
91 667
91 1391
91 68
91 782
91 615
91 552
91 690
91 455
91 177
91 1396
91 543
91 1196
91 547
91 939
91 1031
91 55
91 1164
91 206
91 87
91 397
91 318
91 146
91 61
91 1237
91 604
91 930
91 673
91 569
91 1132
91 249
91 1001
91 987
91 292
91 790
91 117
91 1191
91 1343
91 269
91 528
91 78
91 546
91 1323
91 1066
91 946
91 548
91 476
91 403
91 1091
91 1400
91 1109
91 1246
91 486
91 39
91 613
91 1106
91 390
91 49
91 773
91 602
91 506
91 1077
91 377
91 308
91 956
91 653
91 190
91 620
91 1250
91 754
91 1259
91 765
91 1217
91 1241
91 1013
91 346
91 1018
91 531
91 1273
91 171
91 1128
91 184
91 290
91 580
91 511
91 186
91 338
91 867
91 259
91 912
91 1295
91 713
91 704
91 839
91 1373
91 942
91 1115
91 1297
91 618
91 220
91 1057
91 1207
91 974
91 417
91 364
91 147
91 1281
91 128
91 1366
91 225
91 1157
91 1251
91 760
91 828
91 994
91 964
91 562
91 1163
91 152
91 574
91 999
91 661
91 729
91 1326
91 1268
91 1264
91 1107
91 1156
91 1220
91 276
91 349
91 1325
91 614
91 66
91 601
91 344
91 170
91 858
91 1184
91 628
91 395
91 636
91 764
91 794
91 59
91 788
91 29
91 560
91 317
91 456
91 541
91 363
91 270
91 1225
91 151
91 131
91 1019
91 996
91 603
91 219
91 1235
91 1342
91 73
91 1351
91 753
91 1277
91 662
91 1375
91 859
91 625
91 1204
91 962
91 140
91 1144
91 401
91 199
91 928
91 165
91 83
91 1040
91 721
91 1201
91 163
91 64
91 158
91 348
91 1304
91 159
91 160
91 6
91 126
91 343
91 350
91 127
91 351
91 358
91 150
91 1240
91 361
91 360
91 359
91 46
91 357
91 341
91 356
91 153
91 154
91 354
91 155
91 1365
91 1245
91 63
91 84
91 323
91 1363
91 93
91 1252
91 325
91 1253
91 45
91 322
91 327
91 1254
91 320
91 10
91 1360
91 1376
91 1377
91 90
91 1336
91 339
91 164
91 161
91 365
91 62
91 162
91 336
91 1394
91 86
91 89
91 1248
91 333
91 332
91 88
91 330
91 1340
91 149
91 369
91 366
91 402
91 1234
91 138
91 1397
91 405
91 130
91 1370
91 1347
91 137
91 1368
91 71
91 400
91 399
91 398
91 72
91 407
91 3
91 367
91 413
91 419
91 418
91 134
91 1231
91 1233
91 414
91 412
91 136
91 411
91 1398
91 409
91 135
91 1369
91 408
91 1345
91 1344
91 396
91 373
91 379
91 76
91 47
91 376
91 77
91 374
91 148
91 143
91 372
91 1238
91 65
91 370
91 1378
91 368
91 1236
91 381
91 75
91 382
91 383
91 384
91 385
91 386
91 387
91 388
91 389
91 1348
91 144
91 5
91 392
91 393
91 394
91 1335
91 314
91 1256
91 250
91 1278
91 1280
91 1354
91 207
91 116
91 1312
91 107
91 106
91 108
91 1283
91 247
91 246
91 1284
91 1286
91 28
91 255
91 271
91 56
91 104
91 268
91 1275
91 265
91 264
91 200
91 1384
91 256
91 1276
91 1318
91 202
91 1315
91 1314
91 257
91 109
91 243
91 111
91 54
91 228
91 227
91 1299
91 213
91 113
91 224
91 223
91 1308
91 1301
91 1383
91 221
91 1306
91 215
91 218
91 1298
91 31
91 30
91 212
91 112
91 231
91 232
91 420
91 234
91 115
91 1294
91 236
91 237
91 1293
91 1291
91 1288
91 241
91 196
91 1382
91 1257
91 98
91 300
91 1262
91 298
91 1353
91 16
91 97
91 17
91 15
91 295
91 178
91 294
91 18
91 1266
91 99
91 301
91 1332
91 272
91 50
91 1302
91 1258
91 1334
91 1260
91 1359
91 310
91 1392
91 13
91 1333
91 175
91 307
91 1261
91 305
91 122
91 20
91 1390
91 119
91 191
91 35
91 1270
91 279
91 278
91 1327
91 277
91 192
91 180
91 194
91 1389
91 1272
91 1388
91 1387
91 273
91 281
91 1329
91 22
91 283
91 37
91 1379
91 284
91 285
91 1372
91 1269
91 185
91 1267
91 1357
91 289
91 1358
91 1330
91 181
91 48
91 1017
91 422
91 868
91 829
91 827
91 1067
91 825
91 824
91 1068
91 821
91 820
91 819
91 818
91 817
91 816
91 1070
91 813
91 1071
91 810
91 1072
91 808
91 1073
91 805
91 804
91 802
91 1078
91 830
91 831
91 832
91 851
91 864
91 863
91 862
91 861
91 860
91 1065
91 855
91 854
91 853
91 852
91 850
91 833
91 845
91 844
91 843
91 842
91 841
91 840
91 837
91 836
91 835
91 834
91 1080
91 1081
91 1083
91 738
91 752
91 748
91 1108
91 745
91 744
91 743
91 742
91 741
91 740
91 739
91 736
91 1105
91 735
91 734
91 733
91 732
91 731
91 730
91 728
91 727
91 726
91 725
91 756
91 758
91 1085
91 777
91 1086
91 793
91 1089
91 1090
91 789
91 787
91 786
91 785
91 779
91 778
91 776
91 1104
91 775
91 772
91 771
91 770
91 768
91 767
91 1101
91 1102
91 1103
91 761
91 866
91 869
91 723
91 1061
91 1033
91 969
91 968
91 967
91 1034
91 965
91 963
91 1035
91 960
91 958
91 957
91 955
91 952
91 951
91 950
91 949
91 948
91 947
91 1036
91 944
91 940
91 938
91 937
91 1032
91 1029
91 1028
91 995
91 1015
91 1014
91 1012
91 1010
91 1005
91 1003
91 1020
91 1000
91 1021
91 1022
91 1023
91 977
91 1024
91 989
91 988
91 1025
91 985
91 984
91 1026
91 1027
91 980
91 978
91 936
91 935
91 934
91 884
91 1052
91 895
91 1053
91 893
91 891
91 890
91 889
91 888
91 1054
91 1055
91 883
91 1050
91 882
91 881
91 1056
91 1058
91 877
91 1059
91 1060
91 873
91 872
91 871
91 898
91 900
91 932
91 915
91 931
91 1037
91 1038
91 926
91 1041
91 922
91 920
91 1042
91 1044
91 1045
91 1046
91 901
91 913
91 911
91 910
91 908
91 907
91 906
91 1047
91 1048
91 1049
91 902
91 724
91 722
91 423
91 564
91 522
91 1182
91 1183
91 1185
91 1186
91 1187
91 515
91 514
91 512
91 510
91 1016
91 1189
91 507
91 505
91 504
91 1190
91 501
91 500
91 499
91 498
91 497
91 1192
91 495
91 523
91 524
91 525
91 545
91 561
91 558
91 557
91 556
91 555
91 554
91 1176
91 551
91 1178
91 549
91 544
91 1181
91 542
91 540
91 539
91 538
91 537
91 1179
91 533
91 532
91 530
91 527
91 1193
91 1194
91 492
91 1214
91 458
91 457
91 454
91 1206
91 452
91 451
91 446
91 1208
91 1209
91 1210
91 1216
91 460
91 1222
91 432
91 1226
91 1228
91 1230
91 428
91 427
91 426
91 425
91 424
91 459
91 461
91 491
91 478
91 1195
91 488
91 487
91 485
91 1197
91 483
91 482
91 1198
91 480
91 479
91 477
91 462
91 475
91 474
91 473
91 472
91 471
91 470
91 1199
91 1200
91 1202
91 463
91 563
91 1175
91 720
91 1174
91 680
91 1129
91 1130
91 677
91 1133
91 674
91 1134
91 1135
91 1136
91 669
91 668
91 1137
91 665
91 1138
91 1140
91 659
91 1141
91 656
91 1143
91 654
91 652
91 651
91 1145
91 682
91 1127
91 684
91 703
91 717
91 716
91 1112
91 1113
91 1116
91 1117
91 1118
91 1119
91 706
91 705
91 702
91 1125
91 1399
91 698
91 1120
91 1121
91 1122
91 694
91 691
91 689
91 1123
91 687
91 648
91 647
91 1146
91 582
91 599
91 596
91 595
91 1162
91 591
91 587
91 586
91 585
91 584
91 583
91 581
91 605
91 579
91 1166
91 577
91 1168
91 575
91 1170
91 571
91 570
91 1171
91 567
91 1161
91 607
91 644
91 630
91 643
91 642
91 641
91 640
91 639
91 1148
91 1149
91 635
91 1150
91 1152
91 627
91 608
91 626
91 1158
91 622
91 621
91 619
91 617
91 616
91 612
91 611
91 609
91 509
