92 758
92 810
92 806
92 809
92 807
92 1247
92 804
92 1331
92 683
92 1252
92 808
92 783
92 811
92 1243
92 805
92 1219
92 1093
92 178
92 221
92 1147
92 444
92 429
92 880
92 1293
92 870
92 1124
92 945
92 1071
92 235
92 918
92 124
92 141
92 790
92 834
92 1373
92 915
92 1135
92 726
92 731
92 1086
92 1142
92 515
92 535
92 625
92 523
92 878
92 971
92 1201
92 627
92 762
92 1220
92 868
92 629
92 363
92 317
92 643
92 747
92 357
92 355
92 772
92 575
92 414
92 231
92 1380
92 753
92 741
92 127
92 164
92 836
92 552
92 378
92 1051
92 354
92 36
92 1002
92 409
92 579
92 70
92 1039
92 249
92 676
92 682
92 985
92 321
92 54
92 39
92 194
92 1246
92 198
92 1224
92 209
92 160
92 673
92 218
92 246
92 839
92 288
92 832
92 658
92 192
92 1075
92 895
92 663
92 172
92 306
92 1217
92 329
92 1033
92 27
92 1060
92 719
92 1136
92 727
92 696
92 684
92 1341
92 76
92 1222
92 77
92 833
92 1164
92 1362
92 581
92 102
92 184
92 711
92 704
92 395
92 1162
92 481
92 665
92 28
92 472
92 1056
92 893
92 435
92 1377
92 556
92 248
92 555
92 774
92 1119
92 114
92 640
92 417
92 157
92 728
92 364
92 1285
92 1270
92 1360
92 960
92 1153
92 1054
92 314
92 1207
92 1005
92 263
92 1225
92 151
92 948
92 837
92 1151
92 1074
92 230
92 85
92 326
92 1349
92 681
92 710
92 600
92 9
92 717
92 1111
92 49
92 1044
92 986
92 1259
92 514
92 1386
92 372
92 1287
92 37
92 253
92 47
92 1108
92 1272
92 1169
92 543
92 400
92 521
92 981
92 504
92 691
92 1280
92 602
92 454
92 65
92 976
92 1242
92 1192
92 1110
92 251
92 87
92 1248
92 227
92 1388
92 576
92 907
92 697
92 592
92 694
92 1210
92 530
92 415
92 528
92 596
92 302
92 972
92 830
92 1018
92 688
92 1397
92 228
92 1361
92 55
92 101
92 1343
92 1310
92 1183
92 1193
92 397
92 341
92 614
92 1309
92 90
92 588
92 860
92 1378
92 1313
92 605
92 56
92 608
92 734
92 269
92 304
92 612
92 158
92 388
92 98
92 724
92 1100
92 215
92 993
92 140
92 204
92 1384
92 613
92 244
92 957
92 309
92 1383
92 1353
92 419
92 14
92 1105
92 1200
92 292
92 1298
92 931
92 674
92 718
92 135
92 554
92 1228
92 44
92 163
92 195
92 1019
92 845
92 534
92 814
92 78
92 1062
92 777
92 966
92 997
92 94
92 924
92 448
92 15
92 272
92 932
92 941
92 603
92 1072
92 25
92 968
92 275
92 479
92 577
92 539
92 1342
92 1159
92 128
92 174
92 1393
92 1291
92 798
92 259
92 559
92 1176
92 977
92 442
92 785
92 1227
92 748
92 1303
92 262
92 468
92 495
92 212
92 891
92 1215
92 210
92 129
92 746
92 264
92 705
92 301
92 1053
92 384
92 779
92 851
92 83
92 659
92 730
92 925
92 519
92 1294
92 368
92 367
92 1202
92 536
92 223
92 1329
92 1152
92 281
92 610
92 904
92 32
92 257
92 720
92 312
92 939
92 1047
92 1347
92 234
92 928
92 947
92 540
92 1350
92 1015
92 979
92 872
92 116
92 984
92 906
92 1290
92 270
92 773
92 1092
92 456
92 168
92 458
92 849
92 1069
92 650
92 190
92 1038
92 1292
92 921
92 426
92 787
92 517
92 935
92 1284
92 712
92 1078
92 599
92 586
92 1399
92 239
92 1351
92 186
92 626
92 118
92 819
92 1390
92 1156
92 964
92 58
92 318
92 319
92 232
92 497
92 869
92 486
92 475
92 277
92 1175
92 970
92 1055
92 942
92 125
92 73
92 1268
92 40
92 903
92 638
92 80
92 110
92 1091
92 280
92 1240
92 1400
92 911
92 1320
92 1081
92 1095
92 503
92 30
92 447
92 1134
92 352
92 461
92 152
92 1344
92 801
92 544
92 826
92 256
92 769
92 896
92 584
92 202
92 987
92 484
92 349
92 821
92 1321
92 1016
92 778
92 421
92 1067
92 1040
92 716
92 217
92 927
92 1186
92 1312
92 722
92 52
92 615
92 859
92 297
92 137
92 702
92 150
92 738
92 201
92 580
92 545
92 1317
92 1007
92 213
92 143
92 165
92 1037
92 1104
92 107
92 620
92 1205
92 1250
92 799
92 1203
92 42
92 100
92 905
92 220
92 173
92 1139
92 142
92 788
92 951
92 273
92 888
92 401
92 416
92 1030
92 633
92 1131
92 873
92 356
92 1251
92 1187
92 1035
92 589
92 958
92 1370
92 795
92 1354
92 963
92 768
92 75
92 427
92 529
92 862
92 725
92 86
92 193
92 574
92 1009
92 630
92 298
92 402
92 619
92 132
92 883
92 621
92 770
92 525
92 373
92 1304
92 776
92 606
92 1012
92 572
92 379
92 969
92 33
92 743
92 745
92 226
92 374
92 685
92 564
92 1396
92 12
92 1271
92 526
92 794
92 1083
92 751
92 1239
92 1266
92 632
92 1117
92 348
92 930
92 1013
92 1337
92 876
92 344
92 1289
92 560
92 153
92 1204
92 1122
92 1265
92 453
92 511
92 1023
92 1302
92 962
92 113
92 546
92 919
92 679
92 1330
92 330
92 1261
92 1188
92 224
92 609
92 1236
92 563
92 236
92 333
92 1149
92 647
92 1036
92 1057
92 149
92 512
92 865
92 926
92 207
92 687
92 144
92 1
92 446
92 60
92 362
92 390
92 672
92 287
92 980
92 1194
92 1046
92 923
92 733
92 1160
92 881
92 598
92 411
92 1255
92 258
92 857
92 122
92 736
92 1061
92 729
92 154
92 695
92 1050
92 490
92 109
92 934
92 892
92 166
92 1369
92 655
92 84
92 1279
92 721
92 1375
92 93
92 936
92 1263
92 1113
92 335
92 628
92 282
92 565
92 1085
92 1059
92 1099
92 703
92 1382
92 133
92 844
92 1025
92 1335
92 553
92 1322
92 593
92 325
92 1089
92 737
92 243
92 316
92 1366
92 205
92 350
92 1079
92 222
92 162
92 667
92 1333
92 671
92 115
92 445
92 1229
92 1150
92 1387
92 541
92 823
92 561
92 1145
92 661
92 488
92 1058
92 252
92 820
92 861
92 817
92 1326
92 714
92 803
92 480
92 887
92 571
92 648
92 328
92 1155
92 756
92 917
92 131
92 334
92 666
92 67
92 23
92 1339
92 111
92 1319
92 6
92 155
92 433
92 375
92 587
92 542
92 547
92 706
92 413
92 233
92 123
92 1371
92 1088
92 423
92 707
92 1041
92 412
92 425
92 117
92 294
92 550
92 866
92 16
92 646
92 797
92 792
92 403
92 351
92 1020
92 874
92 611
92 901
92 755
92 278
92 996
92 410
92 782
92 967
92 641
92 937
92 649
92 616
92 1340
92 308
92 558
92 653
92 489
92 698
92 829
92 715
92 477
92 754
92 531
92 1273
92 1197
92 247
92 1364
92 767
92 1066
92 366
92 112
92 310
92 1043
92 199
92 1282
92 1346
92 443
92 573
92 975
92 1385
92 1324
92 283
92 428
92 990
92 20
92 1209
92 91
92 147
92 1230
92 225
92 1216
92 191
92 796
92 237
92 740
92 369
92 188
92 1165
92 692
92 1325
92 601
92 1184
92 179
92 206
92 1034
92 1127
92 894
92 622
92 229
92 825
92 1381
92 1082
92 96
92 459
92 595
92 138
92 701
92 677
92 675
92 92
92 452
92 660
92 99
92 1392
92 185
92 82
92 315
92 250
92 324
92 2
92 3
92 1154
92 1199
92 254
92 1198
92 327
92 1394
92 1167
92 242
92 1206
92 1214
92 1231
92 1146
92 332
92 331
92 1226
92 1223
92 1221
92 1218
92 1148
92 1213
92 17
92 1212
92 238
92 1211
92 240
92 19
92 241
92 18
92 245
92 1208
92 323
92 320
92 255
92 7
92 21
92 1178
92 1177
92 10
92 284
92 285
92 286
92 1398
92 311
92 1174
92 289
92 8
92 290
92 291
92 1173
92 293
92 295
92 296
92 1172
92 1171
92 299
92 300
92 1170
92 307
92 1166
92 1168
92 303
92 1163
92 313
92 1196
92 1179
92 322
92 1195
92 4
92 13
92 1395
92 260
92 261
92 1191
92 305
92 1157
92 1190
92 1158
92 1189
92 265
92 266
92 5
92 267
92 268
92 1185
92 271
92 11
92 1161
92 1182
92 1181
92 274
92 1180
92 276
92 279
92 1260
92 1232
92 1368
92 126
92 1318
92 48
92 121
92 120
92 119
92 1323
92 1315
92 50
92 51
92 1367
92 53
92 1365
92 108
92 1316
92 1314
92 106
92 43
92 1299
92 1300
92 1301
92 1305
92 1306
92 139
92 1307
92 130
92 136
92 1308
92 134
92 45
92 1311
92 46
92 1327
92 105
92 146
92 74
92 81
92 79
92 1348
92 1352
92 1355
92 1356
92 1357
92 64
92 72
92 1359
92 71
92 1358
92 66
92 69
92 1345
92 1338
92 104
92 1363
92 103
92 1328
92 1332
92 57
92 1334
92 97
92 95
92 88
92 59
92 61
92 62
92 1336
92 89
92 63
92 145
92 148
92 1233
92 197
92 203
92 1254
92 1389
92 200
92 1256
92 29
92 196
92 26
92 1257
92 1258
92 68
92 1262
92 31
92 189
92 1253
92 1391
92 1264
92 214
92 219
92 1234
92 1235
92 216
92 22
92 1237
92 1238
92 24
92 1241
92 211
92 1244
92 1245
92 208
92 1249
92 187
92 1267
92 1297
92 1374
92 1379
92 1376
92 161
92 1281
92 38
92 159
92 156
92 1278
92 41
92 1372
92 1286
92 1288
92 1295
92 1296
92 35
92 1277
92 183
92 175
92 182
92 181
92 180
92 1269
92 177
92 176
92 1274
92 34
92 1275
92 171
92 170
92 169
92 1276
92 167
92 1283
92 800
92 336
92 639
92 637
92 636
92 635
92 634
92 631
92 938
92 940
92 943
92 944
92 624
92 623
92 946
92 949
92 950
92 618
92 617
92 952
92 933
92 929
92 954
92 642
92 670
92 669
92 668
92 913
92 664
92 914
92 662
92 916
92 657
92 656
92 654
92 652
92 651
92 920
92 922
92 645
92 644
92 953
92 955
92 910
92 991
92 994
92 578
92 995
92 998
92 999
92 1000
92 570
92 569
92 568
92 567
92 566
92 1001
92 1003
92 562
92 1004
92 1006
92 557
92 992
92 582
92 956
92 583
92 959
92 961
92 607
92 965
92 604
92 973
92 974
92 978
92 597
92 594
92 982
92 591
92 590
92 983
92 988
92 989
92 585
92 912
92 909
92 1010
92 835
92 765
92 764
92 763
92 838
92 761
92 760
92 759
92 840
92 757
92 841
92 752
92 842
92 750
92 749
92 843
92 846
92 847
92 766
92 831
92 848
92 771
92 812
92 793
92 791
92 813
92 789
92 815
92 816
92 786
92 784
92 818
92 781
92 780
92 822
92 824
92 775
92 827
92 828
92 744
92 742
92 678
92 708
92 884
92 885
92 886
92 699
92 889
92 890
92 693
92 690
92 689
92 897
92 686
92 898
92 899
92 900
92 902
92 680
92 908
92 882
92 709
92 850
92 879
92 739
92 852
92 735
92 853
92 732
92 854
92 855
92 856
92 858
92 863
92 723
92 864
92 867
92 871
92 875
92 713
92 877
92 1008
92 1011
92 337
92 408
92 406
92 405
92 404
92 1109
92 1112
92 802
92 399
92 398
92 1114
92 396
92 1115
92 394
92 393
92 392
92 391
92 389
92 1116
92 407
92 1107
92 386
92 1106
92 436
92 1090
92 434
92 432
92 431
92 430
92 1094
92 1096
92 1097
92 424
92 422
92 1098
92 420
92 418
92 1101
92 1102
92 1103
92 387
92 385
92 438
92 359
92 1132
92 1133
92 1137
92 1138
92 353
92 1140
92 1141
92 1143
92 347
92 346
92 345
92 1144
92 343
92 342
92 340
92 339
92 338
92 358
92 360
92 1118
92 361
92 383
92 382
92 381
92 380
92 1120
92 1121
92 377
92 376
92 1123
92 1125
92 1126
92 371
92 370
92 1128
92 365
92 1129
92 1130
92 437
92 439
92 1014
92 1042
92 520
92 1045
92 518
92 516
92 1048
92 1049
92 513
92 1052
92 510
92 509
92 508
92 507
92 506
92 505
92 502
92 501
92 500
92 522
92 524
92 498
92 527
92 551
92 549
92 548
92 1017
92 1021
92 1022
92 1024
92 538
92 537
92 1026
92 1027
92 1028
92 533
92 532
92 1029
92 1031
92 1032
92 499
92 496
92 440
92 469
92 467
92 466
92 465
92 464
92 463
92 462
92 1077
92 460
92 457
92 1080
92 455
92 1084
92 451
92 450
92 449
92 1087
92 441
92 1076
92 470
92 1063
92 471
92 494
92 493
92 492
92 491
92 487
92 1064
92 485
92 1065
92 483
92 482
92 1068
92 478
92 476
92 1070
92 474
92 473
92 1073
92 700
