94 559
94 1393
94 283
94 983
94 438
94 1161
94 1104
94 1394
94 366
94 524
94 101
94 142
94 1213
94 84
94 365
94 662
94 564
94 294
94 24
94 555
94 537
94 572
94 1099
94 369
94 1348
94 1002
94 670
94 36
94 553
94 35
94 689
94 655
94 1258
94 295
94 668
94 398
94 1159
94 522
94 1040
94 1307
94 323
94 123
94 1107
94 501
94 666
94 1395
94 303
94 509
94 571
94 354
94 635
94 1253
94 55
94 44
94 959
94 387
94 269
94 273
94 5
94 1097
94 332
94 1263
94 329
94 606
94 324
94 1185
94 240
94 1065
94 1319
94 566
94 318
94 1151
94 1236
94 493
94 1204
94 539
94 347
94 1274
94 554
94 661
94 158
94 626
94 1106
94 1344
94 784
94 272
94 1318
94 1006
94 688
94 435
94 1198
94 20
94 353
94 1386
94 523
94 437
94 962
94 37
94 872
94 789
94 560
94 754
94 1300
94 61
94 816
94 717
94 979
94 1062
94 575
94 497
94 120
94 145
94 85
94 154
94 233
94 1147
94 1179
94 1381
94 1241
94 1191
94 1101
94 21
94 93
94 378
94 546
94 352
94 1264
94 1222
94 576
94 98
94 574
94 981
94 861
94 1157
94 343
94 196
94 372
94 1005
94 102
94 370
94 651
94 328
94 1215
94 421
94 211
94 1377
94 333
94 1098
94 1192
94 873
94 260
94 6
94 947
94 161
94 1279
94 544
94 82
94 364
94 645
94 582
94 348
94 623
94 146
94 49
94 976
94 181
94 625
94 552
94 628
94 349
94 1193
94 557
94 767
94 1158
94 541
94 949
94 667
94 533
94 556
94 565
94 410
94 946
94 963
94 81
94 580
94 119
94 483
94 1243
94 585
94 584
94 325
94 29
94 396
94 25
94 978
94 54
94 646
94 62
94 1226
94 1366
94 436
94 394
94 1074
94 77
94 45
94 1003
94 1238
94 1328
94 1105
94 59
94 498
94 587
94 267
94 144
94 707
94 599
94 58
94 1383
94 994
94 160
94 1188
94 1182
94 629
94 899
94 550
94 876
94 94
94 1281
94 135
94 1200
94 773
94 339
94 1224
94 1096
94 266
94 1311
94 609
94 409
94 134
94 1282
94 27
94 23
94 197
94 469
94 982
94 542
94 1207
94 1010
94 414
94 473
94 974
94 1378
94 305
94 1247
94 1061
94 1075
94 1199
94 13
94 248
94 306
94 802
94 597
94 808
94 1112
94 690
94 1259
94 89
94 97
94 307
94 168
94 922
94 401
94 1027
94 992
94 803
94 980
94 912
94 815
94 486
94 456
94 1073
94 1302
94 465
94 562
94 186
94 1004
94 395
94 51
94 1229
94 162
94 274
94 656
94 66
94 605
94 1021
94 432
94 1239
94 310
94 1255
94 110
94 997
94 593
94 1317
94 1217
94 88
94 1355
94 178
94 508
94 489
94 292
94 577
94 1268
94 1124
94 424
94 232
94 1218
94 243
94 927
94 1046
94 399
94 747
94 338
94 1000
94 11
94 488
94 480
94 527
94 1296
94 79
94 538
94 74
94 1384
94 147
94 1100
94 570
94 1140
94 1283
94 1309
94 1209
94 809
94 1009
94 549
94 106
94 989
94 988
94 176
94 630
94 164
94 447
94 355
94 966
94 1298
94 300
94 485
94 71
94 999
94 1197
94 375
94 1201
94 634
94 521
94 433
94 1391
94 50
94 487
94 923
94 973
94 397
94 1301
94 869
94 525
94 334
94 115
94 595
94 125
94 1297
94 1352
94 228
94 360
94 1305
94 383
94 766
94 151
94 47
94 603
94 126
94 320
94 1183
94 330
94 434
94 423
94 759
94 1007
94 122
94 103
94 858
94 715
94 342
94 944
94 1231
94 886
94 22
94 270
94 289
94 568
94 371
94 1082
94 714
94 192
94 657
94 1195
94 231
94 428
94 531
94 1246
94 1211
94 350
94 1001
94 1219
94 463
94 481
94 832
94 1254
94 1143
94 91
94 373
94 1149
94 344
94 234
94 1385
94 1146
94 384
94 500
94 891
94 345
94 753
94 519
94 407
94 1397
94 942
94 406
94 26
94 925
94 185
94 547
94 1087
94 1295
94 870
94 616
94 268
94 1356
94 801
94 954
94 1284
94 901
94 157
94 163
94 1250
94 30
94 321
94 1372
94 993
94 528
94 12
94 877
94 28
94 322
94 924
94 1362
94 1304
94 518
94 261
94 1017
94 1108
94 713
94 967
94 235
94 1178
94 476
94 499
94 57
94 422
94 919
94 166
94 1345
94 340
94 1306
94 520
94 1088
94 494
94 259
94 225
94 454
94 739
94 249
94 1373
94 536
94 1214
94 849
94 1114
94 10
94 991
94 814
94 579
94 596
94 314
94 756
94 247
94 1262
94 1351
94 1039
94 159
94 1310
94 610
94 128
94 1072
94 1257
94 317
94 950
94 969
94 468
94 279
94 624
94 95
94 921
94 1234
94 287
94 1374
94 744
94 586
94 660
94 19
94 898
94 229
94 56
94 665
94 206
94 1051
94 326
94 860
94 1336
94 829
94 1337
94 202
94 1177
94 865
94 241
94 1367
94 72
94 150
94 928
94 578
94 1350
94 1069
94 224
94 492
94 1292
94 939
94 512
94 443
94 1111
94 1186
94 446
94 615
94 1047
94 179
94 659
94 677
94 813
94 302
94 1342
94 230
94 139
94 222
94 1216
94 986
94 569
94 1320
94 778
94 400
94 131
94 736
94 1116
94 644
94 167
94 431
94 1308
94 297
94 466
94 1314
94 1050
94 529
94 1066
94 685
94 642
94 331
94 38
94 1160
94 838
94 251
94 1369
94 1286
94 1110
94 1390
94 189
94 452
94 460
94 1020
94 193
94 1109
94 833
94 1148
94 155
94 1361
94 336
94 1359
94 1346
94 503
94 588
94 761
94 678
94 1335
94 827
94 1029
94 800
94 2
94 940
94 612
94 124
94 695
94 327
94 863
94 1382
94 453
94 1122
94 823
94 116
94 1145
94 663
94 78
94 188
94 811
94 972
94 1273
94 640
94 1237
94 1155
94 182
94 955
94 199
94 236
94 996
94 859
94 1184
94 617
94 111
94 1396
94 1071
94 148
94 618
94 990
94 1196
94 948
94 1313
94 356
94 1137
94 1277
94 952
94 907
94 491
94 620
94 457
94 495
94 1008
94 16
94 1187
94 496
94 205
94 479
94 391
94 699
94 121
94 1121
94 1271
94 589
94 1400
94 911
94 1156
94 474
94 968
94 794
94 359
94 1
94 60
94 743
94 614
94 108
94 725
94 1052
94 918
94 1130
94 1270
94 68
94 177
94 686
94 1113
94 216
94 296
94 843
94 1205
94 902
94 87
94 956
94 173
94 105
94 888
94 540
94 1332
94 100
94 1244
94 604
94 1015
94 1334
94 293
94 622
94 171
94 275
94 14
94 1379
94 69
94 420
94 1043
94 1354
94 852
94 311
94 839
94 977
94 1153
94 220
94 1057
94 17
94 1248
94 746
94 195
94 43
94 464
94 169
94 1077
94 263
94 1125
94 1220
94 621
94 760
94 828
94 830
94 943
94 1245
94 1329
94 288
94 964
94 448
94 237
94 442
94 740
94 221
94 729
94 1392
94 916
94 548
94 1315
94 204
94 573
94 601
94 455
94 1303
94 844
94 1025
94 934
94 975
94 1290
94 719
94 798
94 1127
94 720
94 788
94 1240
94 731
94 1064
94 730
94 711
94 198
94 363
94 1194
94 799
94 262
94 825
94 1294
94 805
94 845
94 727
94 92
94 889
94 563
94 874
94 277
94 427
94 1280
94 187
94 1235
94 1212
94 304
94 675
94 80
94 718
94 99
94 1119
94 129
94 416
94 252
94 174
94 1321
94 172
94 1134
94 1380
94 73
94 212
94 1375
94 417
94 1202
94 792
94 721
94 244
94 282
94 217
94 312
94 313
94 215
94 315
94 1139
94 280
94 1086
94 223
94 218
94 1141
94 281
94 1063
94 219
94 1076
94 316
94 284
94 214
94 1154
94 291
94 1058
94 200
94 201
94 290
94 319
94 1084
94 1081
94 1152
94 203
94 1085
94 1150
94 1144
94 207
94 208
94 286
94 209
94 1059
94 210
94 1142
94 1060
94 1138
94 285
94 213
94 1089
94 1132
94 226
94 1080
94 246
94 1123
94 271
94 1093
94 1094
94 1120
94 1095
94 250
94 1118
94 1068
94 253
94 1070
94 254
94 1102
94 1103
94 255
94 256
94 1162
94 258
94 1117
94 1115
94 265
94 264
94 301
94 245
94 1083
94 309
94 227
94 278
94 1136
94 1135
94 1133
94 1131
94 1129
94 276
94 1079
94 1128
94 298
94 242
94 1090
94 1091
94 238
94 299
94 1078
94 308
94 1067
94 239
94 1092
94 1126
94 257
94 708
94 194
94 1339
94 65
94 64
94 63
94 1323
94 1324
94 1325
94 1326
94 1327
94 1330
94 1331
94 53
94 52
94 1333
94 48
94 1338
94 1322
94 67
94 70
94 86
94 1278
94 1285
94 1287
94 90
94 1288
94 1289
94 1291
94 1316
94 83
94 1293
94 1299
94 1312
94 76
94 75
94 46
94 1340
94 1276
94 42
94 1368
94 1370
94 1371
94 18
94 1376
94 15
94 1387
94 1388
94 9
94 8
94 7
94 1389
94 4
94 3
94 1398
94 1365
94 1364
94 1363
94 1349
94 41
94 40
94 39
94 1341
94 1343
94 1347
94 34
94 1360
94 33
94 32
94 31
94 1353
94 1357
94 1358
94 96
94 1275
94 1163
94 1223
94 1175
94 1176
94 165
94 1180
94 1181
94 1189
94 1190
94 1203
94 156
94 1206
94 1056
94 153
94 152
94 1210
94 149
94 1174
94 170
94 175
94 1168
94 1164
94 191
94 190
94 1165
94 1166
94 1167
94 184
94 1173
94 183
94 1169
94 1170
94 180
94 1171
94 1172
94 1221
94 1225
94 1272
94 1227
94 1256
94 118
94 117
94 1260
94 1261
94 114
94 113
94 112
94 1265
94 1266
94 109
94 107
94 1267
94 104
94 1269
94 1252
94 1251
94 1249
94 137
94 143
94 1228
94 141
94 140
94 1230
94 138
94 136
94 1242
94 1232
94 1233
94 133
94 132
94 130
94 127
94 1208
94 1019
94 1055
94 855
94 783
94 583
94 785
94 581
94 786
94 787
94 790
94 791
94 793
94 795
94 796
94 797
94 567
94 804
94 806
94 807
94 561
94 782
94 781
94 780
94 772
94 768
94 769
94 770
94 602
94 600
94 771
94 598
94 774
94 779
94 775
94 594
94 776
94 592
94 591
94 590
94 777
94 810
94 812
94 558
94 851
94 530
94 842
94 526
94 846
94 847
94 848
94 850
94 853
94 532
94 517
94 516
94 515
94 514
94 513
94 854
94 511
94 841
94 840
94 817
94 826
94 818
94 819
94 820
94 821
94 822
94 551
94 824
94 545
94 534
94 543
94 831
94 834
94 835
94 836
94 837
94 535
94 607
94 608
94 765
94 672
94 682
94 681
94 680
94 679
94 676
94 674
94 673
94 671
94 684
94 669
94 722
94 723
94 724
94 664
94 726
94 728
94 683
94 687
94 732
94 698
94 705
94 704
94 703
94 702
94 701
94 1399
94 709
94 697
94 716
94 696
94 710
94 694
94 693
94 692
94 691
94 712
94 658
94 733
94 764
94 752
94 631
94 745
94 748
94 627
94 749
94 750
94 751
94 755
94 633
94 619
94 757
94 758
94 762
94 613
94 763
94 611
94 632
94 742
94 654
94 735
94 653
94 652
94 734
94 650
94 649
94 648
94 647
94 737
94 636
94 738
94 643
94 641
94 741
94 639
94 638
94 637
94 510
94 856
94 1054
94 507
94 388
94 965
94 386
94 385
94 970
94 971
94 382
94 381
94 380
94 379
94 377
94 376
94 374
94 984
94 985
94 987
94 995
94 389
94 390
94 392
94 403
94 411
94 937
94 938
94 408
94 941
94 405
94 404
94 402
94 393
94 945
94 951
94 953
94 957
94 958
94 960
94 961
94 998
94 368
94 367
94 335
94 1033
94 341
94 1034
94 1035
94 1036
94 337
94 1037
94 1038
94 1031
94 1041
94 1042
94 1044
94 1045
94 1048
94 1049
94 1053
94 1032
94 1030
94 1011
94 1016
94 1012
94 1013
94 362
94 361
94 1014
94 358
94 357
94 1018
94 346
94 706
94 1022
94 1023
94 351
94 1024
94 1026
94 1028
94 412
94 413
94 936
94 892
94 885
94 484
94 887
94 482
94 890
94 478
94 477
94 475
94 883
94 893
94 894
94 472
94 471
94 470
94 895
94 896
94 884
94 882
94 897
94 866
94 506
94 505
94 504
94 857
94 502
94 862
94 864
94 867
94 881
94 868
94 871
94 875
94 878
94 879
94 880
94 490
94 467
94 900
94 415
94 429
94 915
94 917
94 920
94 926
94 929
94 930
94 430
94 931
94 440
94 426
94 425
94 932
94 933
94 935
94 419
94 418
94 439
94 441
94 462
94 908
94 461
94 903
94 459
94 458
94 904
94 905
94 906
94 909
94 914
94 451
94 450
94 449
94 910
94 913
94 445
94 444
94 700
