95 662
95 635
95 1002
95 564
95 689
95 1395
95 1191
95 1104
95 690
95 628
95 398
95 123
95 1213
95 101
95 1393
95 283
95 535
95 566
95 497
95 260
95 1258
95 554
95 295
95 872
95 546
95 142
95 959
95 1161
95 370
95 435
95 1192
95 1204
95 1106
95 154
95 1158
95 55
95 294
95 1107
95 559
95 120
95 29
95 553
95 145
95 1263
95 655
95 555
95 789
95 983
95 37
95 1307
95 524
95 21
95 272
95 49
95 378
95 571
95 784
95 98
95 861
95 269
95 343
95 303
95 102
95 1378
95 509
95 954
95 1366
95 981
95 347
95 962
95 873
95 572
95 354
95 144
95 666
95 1099
95 1185
95 240
95 606
95 348
95 1200
95 623
95 539
95 556
95 767
95 800
95 387
95 1274
95 661
95 670
95 963
95 81
95 1319
95 352
95 584
95 396
95 1386
95 436
95 45
95 668
95 651
95 522
95 538
95 1348
95 5
95 438
95 84
95 1283
95 560
95 754
95 1394
95 1222
95 549
95 1062
95 550
95 1355
95 353
95 135
95 1159
95 339
95 243
95 1100
95 1282
95 23
95 338
95 1097
95 95
95 1183
95 305
95 383
95 61
95 1199
95 366
95 36
95 306
95 407
95 1264
95 158
95 980
95 912
95 62
95 197
95 646
95 585
95 307
95 1073
95 325
95 982
95 1004
95 1074
95 395
95 1157
95 85
95 274
95 38
95 1381
95 1039
95 66
95 580
95 465
95 1021
95 94
95 997
95 1317
95 1217
95 57
95 500
95 443
95 24
95 1236
95 333
95 1040
95 1046
95 399
95 44
95 344
95 1229
95 493
95 25
95 1226
95 267
95 512
95 74
95 1178
95 570
95 582
95 707
95 437
95 542
95 329
95 355
95 1237
95 485
95 147
95 71
95 310
95 194
95 565
95 50
95 365
95 869
95 525
95 1075
95 773
95 1231
95 860
95 642
95 314
95 927
95 1374
95 47
95 13
95 579
95 77
95 91
95 82
95 695
95 1207
95 1268
95 581
95 1205
95 369
95 645
95 342
95 944
95 54
95 678
95 22
95 270
95 808
95 51
95 350
95 1145
95 1215
95 481
95 181
95 1382
95 1300
95 1146
95 657
95 1328
95 222
95 193
95 891
95 1397
95 1352
95 406
95 971
95 1332
95 1266
95 6
95 185
95 978
95 1334
95 632
95 268
95 409
95 979
95 312
95 544
95 952
95 131
95 1080
95 679
95 203
95 552
95 1250
95 30
95 364
95 250
95 496
95 489
95 126
95 447
95 12
95 717
95 877
95 977
95 674
95 545
95 887
95 345
95 1362
95 901
95 518
95 1241
95 604
95 1017
95 1
95 414
95 108
95 80
95 56
95 168
95 667
95 652
95 514
95 680
95 1345
95 89
95 88
95 1098
95 196
95 1306
95 249
95 119
95 1090
95 363
95 10
95 1280
95 1281
95 1385
95 899
95 1261
95 159
95 151
95 610
95 128
95 335
95 459
95 1246
95 920
95 39
95 1257
95 1384
95 428
95 1255
95 950
95 187
95 683
95 836
95 1234
95 287
95 195
95 586
95 464
95 1311
95 898
95 162
95 587
95 612
95 1198
95 671
95 1051
95 386
95 1149
95 1182
95 288
95 1344
95 829
95 1337
95 1147
95 202
95 574
95 1177
95 637
95 865
95 241
95 681
95 1367
95 248
95 1262
95 72
95 332
95 694
95 1276
95 433
95 1271
95 575
95 609
95 1336
95 603
95 328
95 31
95 178
95 1096
95 97
95 1279
95 1072
95 19
95 225
95 1216
95 302
95 205
95 659
95 1285
95 1320
95 164
95 90
95 400
95 1116
95 466
95 257
95 415
95 715
95 1314
95 1050
95 163
95 576
95 1160
95 838
95 251
95 1369
95 351
95 70
95 4
95 498
95 1140
95 278
95 492
95 1339
95 235
95 430
95 226
95 423
95 1148
95 1267
95 567
95 1361
95 486
95 228
95 1359
95 1377
95 1346
95 273
95 1219
95 503
95 761
95 625
95 1335
95 1076
95 469
95 698
95 705
95 480
95 827
95 907
95 327
95 863
95 453
95 110
95 1122
95 823
95 11
95 663
95 78
95 1305
95 289
95 735
95 224
95 714
95 1243
95 467
95 1248
95 640
95 182
95 647
95 955
95 199
95 573
95 687
95 478
95 859
95 138
95 631
95 362
95 990
95 1396
95 900
95 148
95 886
95 1196
95 966
95 842
95 850
95 411
95 1399
95 233
95 1313
95 397
95 736
95 475
95 115
95 1006
95 234
95 796
95 1277
95 1383
95 994
95 491
95 562
95 809
95 620
95 693
95 1008
95 699
95 904
95 470
95 1398
95 1368
95 1175
95 1092
95 330
95 946
95 391
95 654
95 121
95 1151
95 1121
95 928
95 692
95 1400
95 911
95 474
95 703
95 968
95 458
95 557
95 1253
95 629
95 60
95 743
95 725
95 1052
95 1130
95 636
95 1270
95 68
95 372
95 794
95 1212
95 206
95 843
95 956
95 747
95 513
95 232
95 888
95 547
95 540
95 788
95 1027
95 321
95 521
95 292
95 261
95 65
95 456
95 1244
95 561
95 769
95 48
95 449
95 1101
95 1302
95 1061
95 605
95 171
95 1038
95 770
95 1155
95 275
95 1233
95 186
95 1379
95 996
95 922
95 1354
95 219
95 839
95 468
95 279
95 918
95 989
95 814
95 593
95 919
95 1032
95 677
95 675
95 463
95 905
95 665
95 1005
95 28
95 746
95 673
95 1327
95 169
95 756
95 1077
95 263
95 1003
95 473
95 1125
95 1220
95 457
95 621
95 760
95 830
95 1301
95 1143
95 964
95 448
95 1372
95 442
95 421
95 740
95 221
95 729
95 1091
95 529
95 876
95 611
95 1315
95 334
95 704
95 641
95 870
95 1190
95 455
95 844
95 1025
95 508
95 1295
95 975
95 1290
95 1238
95 20
95 974
95 1088
95 787
95 477
95 379
95 1127
95 720
95 943
95 192
95 434
95 783
95 730
95 711
95 1197
95 247
95 626
95 799
95 262
95 825
95 246
95 183
95 1294
95 1390
95 805
95 58
95 845
95 1082
95 166
95 1043
95 1363
95 688
95 92
95 889
95 972
95 1325
95 985
95 432
95 1303
95 220
95 349
95 277
95 427
95 375
95 1179
95 624
95 903
95 304
95 253
95 753
95 733
95 644
95 211
95 99
95 1329
95 762
95 947
95 1119
95 129
95 739
95 381
95 1321
95 601
95 588
95 476
95 155
95 934
95 781
95 1059
95 266
95 59
95 1209
95 682
95 894
95 1289
95 1064
95 73
95 710
95 1343
95 1239
95 160
95 157
95 1056
95 1224
95 252
95 96
95 991
95 212
95 1019
95 1375
95 1195
95 1310
95 1235
95 484
95 917
95 173
95 696
95 416
95 209
95 757
95 811
95 132
95 417
95 721
95 1194
95 359
95 1136
95 14
95 281
95 1193
95 1380
95 1138
95 1139
95 356
95 276
95 271
95 280
95 357
95 1137
95 358
95 1141
95 1387
95 320
95 360
95 361
95 16
95 377
95 376
95 374
95 373
95 2
95 371
95 254
95 255
95 256
95 1129
95 1208
95 3
95 258
95 259
95 1206
95 368
95 15
95 367
95 1131
95 264
95 265
95 1203
95 1132
95 282
95 1201
95 1133
95 1134
95 1135
95 1202
95 346
95 1189
95 324
95 1163
95 1164
95 331
95 1176
95 1165
95 1166
95 1174
95 1167
95 1173
95 308
95 1168
95 326
95 1169
95 309
95 1389
95 1142
95 323
95 322
95 1172
95 311
95 1171
95 7
95 8
95 313
95 1170
95 17
95 316
95 9
95 317
95 318
95 1391
95 1180
95 1162
95 301
95 1144
95 284
95 285
95 319
95 1150
95 286
95 1188
95 1152
95 1187
95 1186
95 290
95 1153
95 291
95 1154
95 1388
95 341
95 293
95 1184
95 340
95 1392
95 1181
95 296
95 297
95 298
95 299
95 1156
95 337
95 300
95 336
95 315
95 43
95 1210
95 34
95 118
95 117
95 116
95 1297
95 114
95 113
95 112
95 111
95 1298
95 1304
95 109
95 35
95 1299
95 107
95 106
95 105
95 104
95 103
95 1296
95 122
95 33
95 1293
95 143
95 1287
95 141
95 140
95 139
95 1288
95 32
95 137
95 136
95 134
95 133
95 130
95 1291
95 127
95 1292
95 125
95 124
95 100
95 1308
95 1211
95 1347
95 1333
95 40
95 64
95 63
95 1338
95 1340
95 1341
95 1342
95 53
95 1309
95 52
95 1349
95 1350
95 1351
95 41
95 42
95 1353
95 46
95 67
95 1357
95 69
95 1331
95 93
95 1360
95 1312
95 1316
95 87
95 86
95 1318
95 83
95 1322
95 1323
95 1324
95 79
95 1326
95 76
95 1358
95 75
95 1330
95 1286
95 1284
95 146
95 210
95 223
95 1232
95 218
95 217
95 216
95 215
95 214
95 213
95 208
95 1278
95 207
95 1373
95 1356
95 204
95 201
95 200
95 198
95 1240
95 1230
95 1228
95 1227
95 227
95 18
95 245
95 244
95 1214
95 242
95 1218
95 239
95 1376
95 238
95 237
95 236
95 1221
95 1223
95 231
95 230
95 229
95 1225
95 1242
95 1245
95 1247
95 1256
95 167
95 165
95 1259
95 1260
95 1265
95 161
95 1269
95 1365
95 1364
95 156
95 1272
95 153
95 152
95 1273
95 150
95 149
95 1275
95 1370
95 170
95 191
95 172
95 190
95 1371
95 189
95 188
95 1249
95 26
95 1251
95 184
95 1252
95 27
95 180
95 179
95 1254
95 177
95 176
95 175
95 174
95 1128
95 444
95 380
95 931
95 727
95 726
95 724
95 723
95 722
95 719
95 718
95 930
95 716
95 932
95 731
95 713
95 712
95 709
95 708
95 933
95 706
95 702
95 701
95 935
95 728
95 732
95 766
95 750
95 764
95 763
95 924
95 759
95 758
95 755
95 925
95 752
95 751
95 749
95 734
95 748
95 745
95 744
95 742
95 741
95 738
95 737
95 926
95 929
95 936
95 937
95 697
95 648
95 660
95 969
95 658
95 970
95 656
95 973
95 653
95 650
95 649
95 976
95 938
95 984
95 643
95 986
95 987
95 639
95 638
95 988
95 634
95 633
95 967
95 965
95 664
95 961
95 939
95 940
95 941
95 691
95 942
95 945
95 686
95 685
95 684
95 948
95 949
95 951
95 953
95 676
95 672
95 957
95 958
95 669
95 960
95 765
95 923
95 382
95 848
95 857
95 856
95 855
95 854
95 853
95 852
95 851
95 906
95 849
95 847
95 902
95 846
95 908
95 841
95 840
95 909
95 837
95 910
95 835
95 834
95 858
95 862
95 768
95 892
95 890
95 885
95 884
95 883
95 882
95 881
95 880
95 879
95 878
95 875
95 897
95 874
95 893
95 871
95 895
95 868
95 867
95 866
95 896
95 864
95 833
95 832
95 831
95 921
95 798
95 797
95 795
95 793
95 792
95 791
95 790
95 786
95 785
95 782
95 828
95 780
95 779
95 778
95 777
95 776
95 775
95 774
95 772
95 771
95 801
95 802
95 803
95 804
95 913
95 826
95 824
95 914
95 822
95 821
95 820
95 819
95 818
95 817
95 816
95 815
95 813
95 812
95 810
95 915
95 916
95 807
95 806
95 992
95 630
95 993
95 460
95 472
95 471
95 1081
95 1083
95 1084
95 1085
95 1086
95 462
95 461
95 1087
95 1078
95 454
95 452
95 451
95 450
95 1089
95 446
95 445
95 441
95 440
95 1079
95 479
95 627
95 1065
95 505
95 504
95 502
95 501
95 1060
95 499
95 1063
95 495
95 494
95 1066
95 1071
95 1067
95 490
95 1068
95 488
95 487
95 1069
95 1070
95 483
95 482
95 439
95 1093
95 1094
95 1123
95 405
95 404
95 403
95 402
95 401
95 1115
95 1117
95 1118
95 1120
95 394
95 1095
95 393
95 392
95 1124
95 390
95 389
95 388
95 1126
95 385
95 384
95 1114
95 1113
95 408
95 1112
95 1102
95 431
95 1103
95 429
95 1105
95 426
95 425
95 424
95 1108
95 422
95 420
95 419
95 418
95 1109
95 1110
95 413
95 412
95 1111
95 410
95 506
95 507
95 1058
95 583
95 594
95 592
95 591
95 590
95 589
95 1009
95 1010
95 1011
95 1012
95 1013
95 569
95 1014
95 1015
95 1016
95 578
95 577
95 1018
95 1020
95 1022
95 1023
95 595
95 596
95 597
95 598
95 995
95 622
95 998
95 619
95 618
95 617
95 616
95 615
95 614
95 613
95 999
95 1000
95 1001
95 608
95 607
95 1007
95 602
95 600
95 599
95 1024
95 568
95 510
95 1053
95 1049
95 534
95 533
95 532
95 531
95 530
95 528
95 527
95 526
95 523
95 1026
95 1054
95 520
95 519
95 1055
95 517
95 516
95 515
95 1057
95 511
95 536
95 537
95 1048
95 1047
95 1028
95 1029
95 563
95 1030
95 1031
95 558
95 1033
95 1034
95 1035
95 1036
95 1037
95 551
95 1041
95 548
95 1042
95 1044
95 543
95 1045
95 541
95 700
