96 637
96 698
96 699
96 680
96 465
96 803
96 1339
96 700
96 779
96 632
96 920
96 705
96 1289
96 288
96 1334
96 674
96 247
96 1332
96 712
96 683
96 243
96 892
96 921
96 1272
96 250
96 1074
96 899
96 1259
96 1062
96 1
96 902
96 1333
96 74
96 701
96 669
96 903
96 924
96 678
96 1280
96 147
96 1243
96 1075
96 679
96 901
96 704
96 791
96 1246
96 601
96 225
96 205
96 638
96 797
96 200
96 919
96 811
96 1343
96 206
96 379
96 530
96 226
96 513
96 1390
96 204
96 222
96 312
96 781
96 671
96 279
96 38
96 1239
96 809
96 677
96 203
96 692
96 923
96 545
96 433
96 681
96 794
96 711
96 146
96 360
96 1266
96 252
96 464
96 665
96 872
96 228
96 561
96 780
96 673
96 246
96 943
96 1109
96 442
96 793
96 682
96 311
96 612
96 633
96 918
96 757
96 1184
96 748
96 1305
96 1155
96 676
96 1382
96 535
96 235
96 1337
96 362
96 1197
96 775
96 1256
96 987
96 1186
96 427
96 696
96 551
96 1063
96 431
96 693
96 1092
96 708
96 1164
96 1380
96 796
96 709
96 971
96 227
96 1328
96 1090
96 753
96 415
96 176
96 470
96 1341
96 586
96 694
96 702
96 652
96 1006
96 1188
96 230
96 31
96 774
96 28
96 372
96 675
96 503
96 917
96 278
96 19
96 418
96 747
96 659
96 1222
96 1144
96 512
96 1352
96 97
96 1091
96 14
96 420
96 1377
96 1115
96 187
96 1162
96 783
96 363
96 625
96 497
96 1124
96 651
96 815
96 1290
96 582
96 443
96 180
96 177
96 672
96 549
96 970
96 454
96 1275
96 547
96 1393
96 798
96 37
96 95
96 445
96 801
96 752
96 1274
96 713
96 189
96 1089
96 927
96 1229
96 1220
96 229
96 1141
96 643
96 1271
96 333
96 1319
96 467
96 232
96 1373
96 57
96 1193
96 808
96 86
96 706
96 816
96 265
96 496
96 695
96 452
96 224
96 52
96 1080
96 432
96 749
96 567
96 56
96 1163
96 1276
96 284
96 1253
96 287
96 887
96 799
96 743
96 772
96 466
96 636
96 1399
96 1331
96 1218
96 472
96 922
96 662
96 877
96 370
96 89
96 251
96 80
96 520
96 195
96 440
96 1171
96 574
96 434
96 1104
96 1367
96 1083
96 994
96 197
96 860
96 245
96 393
96 1277
96 527
96 453
96 315
96 703
96 1205
96 126
96 484
96 444
96 306
96 273
96 1233
96 1072
96 1231
96 424
96 29
96 193
96 216
96 39
96 1064
96 4
96 213
96 386
96 128
96 335
96 1082
96 916
96 84
96 991
96 313
96 514
96 782
96 211
96 289
96 975
96 1112
96 631
96 900
96 1340
96 69
96 1255
96 655
96 498
96 771
96 1081
96 792
96 624
96 1094
96 1353
96 519
96 758
96 1338
96 1354
96 234
96 409
96 1225
96 123
96 257
96 600
96 1265
96 657
96 795
96 1234
96 977
96 137
96 430
96 895
96 60
96 907
96 1267
96 428
96 486
96 1095
96 1336
96 1330
96 1342
96 1375
96 423
96 1208
96 1105
96 521
96 459
96 94
96 1224
96 1219
96 1093
96 542
96 194
96 1209
96 710
96 330
96 248
96 30
96 1262
96 13
96 490
96 231
96 1192
96 1190
96 1216
96 188
96 996
96 1323
96 658
96 319
96 260
96 540
96 926
96 1291
96 407
96 131
96 48
96 836
96 516
96 1056
96 1170
96 1324
96 946
96 310
96 635
96 1344
96 1002
96 581
96 1329
96 179
96 64
96 264
96 3
96 324
96 905
96 1355
96 468
96 383
96 352
96 1114
96 1039
96 685
96 259
96 435
96 978
96 256
96 959
96 175
96 90
96 556
96 1249
96 990
96 891
96 850
96 1283
96 1383
96 304
96 1345
96 1294
96 1194
96 788
96 1106
96 351
96 1347
96 157
96 154
96 1385
96 1301
96 1125
96 34
96 50
96 1154
96 42
96 45
96 982
96 562
96 1182
96 689
96 456
96 989
96 151
96 1370
96 1076
96 1307
96 1261
96 1242
96 1107
96 1061
96 133
96 644
96 529
96 469
96 827
96 191
96 105
96 416
96 626
96 604
96 1362
96 209
96 129
96 458
96 70
96 1320
96 381
96 49
96 395
96 1195
96 1381
96 132
96 426
96 812
96 2
96 1237
96 495
96 349
96 589
96 1079
96 768
96 610
96 316
96 1159
96 1145
96 1303
96 325
96 1207
96 1084
96 687
96 33
96 202
96 447
96 579
96 500
96 770
96 1098
96 986
96 183
96 9
96 164
96 242
96 1108
96 266
96 1054
96 314
96 91
96 690
96 1078
96 1202
96 1153
96 294
96 135
96 879
96 173
96 102
96 1248
96 78
96 1199
96 1217
96 714
96 475
96 87
96 1238
96 115
96 196
96 730
96 1227
96 773
96 818
96 941
96 404
96 292
96 1258
96 1368
96 1156
96 841
96 627
96 1031
96 650
96 249
96 138
96 952
96 253
96 1346
96 993
96 992
96 1191
96 1378
96 116
96 15
96 564
96 280
96 59
96 686
96 1055
96 1146
96 1213
96 1392
96 275
96 1299
96 1245
96 364
96 1309
96 569
96 85
96 755
96 148
96 1169
96 76
96 1111
96 526
96 317
96 894
96 538
96 207
96 1374
96 198
96 463
96 487
96 73
96 789
96 77
96 981
96 599
96 826
96 1386
96 261
96 1044
96 1247
96 1371
96 566
96 629
96 1157
96 192
96 120
96 118
96 1168
96 998
96 23
96 1310
96 1200
96 307
96 1235
96 537
96 572
96 439
96 58
96 1165
96 365
96 1364
96 554
96 1313
96 1149
96 784
96 1010
96 18
96 339
96 219
96 344
96 1317
96 163
96 199
96 984
96 441
96 167
96 283
96 332
96 1348
96 296
96 929
96 491
96 972
96 522
96 1181
96 1128
96 182
96 933
96 1230
96 553
96 336
96 550
96 965
96 398
96 326
96 1325
96 457
96 25
96 394
96 494
96 1212
96 113
96 121
96 144
96 807
96 217
96 660
96 385
96 384
96 666
96 389
96 1302
96 534
96 1285
96 979
96 507
96 305
96 1228
96 1053
96 960
96 298
96 1349
96 607
96 1391
96 141
96 236
96 214
96 583
96 571
96 318
96 342
96 565
96 375
96 26
96 1232
96 623
96 7
96 508
96 174
96 634
96 309
96 1173
96 855
96 1139
96 800
96 98
96 751
96 492
96 552
96 1187
96 893
96 44
96 1130
96 421
96 628
96 477
96 1273
96 875
96 1025
96 134
96 1142
96 1007
96 160
96 577
96 184
96 382
96 967
96 1384
96 1066
96 1295
96 646
96 374
96 1034
96 602
96 270
96 525
96 1166
96 1236
96 1210
96 17
96 949
96 377
96 96
96 341
96 985
96 106
96 653
96 376
96 27
96 767
96 1143
96 580
96 371
96 735
96 1198
96 462
96 1189
96 539
96 79
96 1019
96 1204
96 590
96 340
96 1394
96 388
96 647
96 299
96 932
96 573
96 478
96 258
96 618
96 387
96 240
96 40
96 417
96 117
96 592
96 953
96 842
96 51
96 269
96 109
96 541
96 411
96 88
96 1282
96 1326
96 1252
96 54
96 736
96 857
96 1116
96 1119
96 63
96 1110
96 966
96 212
96 334
96 300
96 373
96 878
96 170
96 642
96 904
96 410
96 557
96 1398
96 838
96 1175
96 155
96 268
96 790
96 1009
96 124
96 277
96 654
96 1180
96 308
96 436
96 763
96 883
96 1203
96 72
96 544
96 356
96 1040
96 1395
96 1287
96 450
96 244
96 297
96 1148
96 962
96 825
96 663
96 505
96 531
96 455
96 863
96 322
96 321
96 656
96 802
96 103
96 186
96 65
96 22
96 741
96 215
96 485
96 820
96 533
96 769
96 945
96 290
96 218
96 449
96 1161
96 1297
96 1387
96 1038
96 814
96 1221
96 483
96 988
96 785
96 354
96 1073
96 1281
96 165
96 575
96 82
96 62
96 873
96 1306
96 481
96 1356
96 61
96 1223
96 1032
96 104
96 274
96 667
96 1254
96 233
96 81
96 963
96 563
96 1005
96 166
96 1321
96 1177
96 661
96 161
96 139
96 1327
96 99
96 473
96 401
96 1001
96 976
96 536
96 576
96 1151
96 35
96 21
96 1304
96 293
96 262
96 958
96 546
96 101
96 1179
96 1178
96 1350
96 345
96 1400
96 1257
96 474
96 1003
96 611
96 190
96 641
96 1014
96 390
96 108
96 208
96 1211
96 1004
96 1100
96 1068
96 185
96 8
96 241
96 1270
96 906
96 1315
96 523
96 1065
96 787
96 366
96 112
96 511
96 378
96 691
96 591
96 942
96 328
96 588
96 504
96 1043
96 1363
96 338
96 323
96 912
96 1351
96 1335
96 1172
96 719
96 501
96 220
96 1086
96 358
96 570
96 1296
96 53
96 1366
96 92
96 237
96 915
96 980
96 221
96 997
96 201
96 733
96 828
96 1264
96 830
96 93
96 983
96 804
96 762
96 1158
96 122
96 1269
96 1085
96 369
96 999
96 125
96 750
96 460
96 597
96 303
96 461
96 668
96 119
96 1318
96 858
96 844
96 934
96 759
96 940
96 295
96 327
96 1059
96 560
96 347
96 159
96 361
96 817
96 707
96 578
96 145
96 688
96 1288
96 149
96 845
96 1260
96 6
96 587
96 944
96 939
96 55
96 413
96 766
96 1365
96 1250
96 36
96 608
96 16
96 528
96 1379
96 391
96 380
96 329
96 402
96 1097
96 739
96 606
96 110
96 859
96 169
96 630
96 489
96 348
96 1284
96 754
96 1241
96 346
96 171
96 150
96 1268
96 697
96 593
96 717
96 974
96 928
96 267
96 1047
96 1251
96 272
96 964
96 152
96 488
96 1278
96 406
96 1024
96 1244
96 1263
96 856
96 1322
96 721
96 24
96 603
96 947
96 869
96 1201
96 833
96 1000
96 1018
96 1016
96 1017
96 1013
96 835
96 1286
96 834
96 1015
96 143
96 837
96 142
96 1292
96 831
96 832
96 824
96 821
96 822
96 168
96 172
96 823
96 813
96 162
96 140
96 1300
96 810
96 1298
96 158
96 1293
96 178
96 829
96 806
96 156
96 181
96 805
96 819
96 1008
96 1011
96 153
96 1012
96 1140
96 864
96 839
96 1372
96 930
96 41
96 43
96 925
96 46
96 47
96 968
96 969
96 973
96 914
96 840
96 913
96 911
96 910
96 909
96 908
96 66
96 67
96 68
96 71
96 931
96 1357
96 1358
96 935
96 957
96 956
96 5
96 955
96 954
96 10
96 11
96 12
96 951
96 950
96 948
96 20
96 938
96 937
96 936
96 1361
96 1360
96 1359
96 32
96 898
96 897
96 75
96 865
96 107
96 861
96 111
96 114
96 854
96 853
96 852
96 851
96 1312
96 1311
96 127
96 849
96 848
96 130
96 847
96 846
96 843
96 136
96 1308
96 862
96 866
96 896
96 867
96 890
96 889
96 888
96 886
96 885
96 884
96 83
96 882
96 881
96 880
96 995
96 876
96 1316
96 874
96 1314
96 871
96 870
96 100
96 868
96 786
96 1033
96 1020
96 412
96 399
96 400
96 403
96 1102
96 405
96 1185
96 408
96 1183
96 1103
96 598
96 414
96 1021
96 596
96 595
96 594
96 419
96 422
96 425
96 585
96 1176
96 584
96 429
96 605
96 397
96 396
96 609
96 359
96 640
96 639
96 1087
96 367
96 368
96 1088
96 1096
96 1196
96 1099
96 622
96 621
96 620
96 619
96 617
96 616
96 615
96 614
96 613
96 1101
96 392
96 1174
96 568
96 1167
96 1150
96 1132
96 518
96 1147
96 471
96 517
96 1133
96 515
96 476
96 1134
96 1135
96 479
96 961
96 1136
96 482
96 510
96 509
96 506
96 1137
96 502
96 493
96 499
96 1131
96 524
96 1113
96 1129
96 437
96 438
96 1117
96 559
96 558
96 1118
96 1160
96 555
96 446
96 1120
96 448
96 548
96 1121
96 451
96 1122
96 543
96 1123
96 1126
96 1127
96 532
96 1152
96 357
96 355
96 353
96 746
96 745
96 744
96 254
96 255
96 1035
96 742
96 1240
96 740
96 738
96 263
96 737
96 734
96 732
96 731
96 729
96 271
96 728
96 727
96 726
96 276
96 725
96 1396
96 1138
96 723
96 1397
96 1022
96 1279
96 1023
96 778
96 210
96 777
96 776
96 1026
96 1027
96 765
96 223
96 764
96 1376
96 761
96 760
96 1028
96 238
96 239
96 1029
96 756
96 1030
96 724
96 722
96 645
96 1051
96 1369
96 320
96 684
96 1389
96 1057
96 1058
96 1060
96 331
96 1206
96 1067
96 670
96 337
96 1069
96 1070
96 664
96 343
96 1071
96 1077
96 649
96 350
96 648
96 1052
96 1050
96 281
96 1214
96 282
96 720
96 285
96 286
96 718
96 1226
96 291
96 716
96 715
96 1036
96 1037
96 1041
96 1042
96 301
96 302
96 1045
96 1046
96 1048
96 1388
96 1049
96 1215
96 480
